0.00000000e+00 0.00000000e+00 0.00000000e+00
0.00000000e+00 0.00000000e+00 0.00000000e+00
0.00000000e+00 0.00000000e+00 0.00000000e+00
0.00000000e+00 0.00000000e+00 0.00000000e+00
0.00000000e+00 0.00000000e+00 0.00000000e+00
0.00000000e+00 0.00000000e+00 0.00000000e+00
0.00000000e+00 0.00000000e+00 0.00000000e+00
0.00000000e+00 0.00000000e+00 0.00000000e+00
0.00000000e+00 0.00000000e+00 0.00000000e+00
-2.00486170e-46 -1.79394686e-46 5.04262512e-46
-1.86956988e-43 -1.19603487e-43 3.85478504e-43
-1.45187671e-41 -2.42150902e-43 1.46891519e-41
-6.18801794e-41 8.83805832e-40 -1.40144081e-39
1.83763618e-38 4.91496141e-38 -9.88570242e-38
6.83656278e-37 1.29050855e-36 -2.78087579e-36
1.29617709e-35 2.11236530e-35 -4.70697780e-35
1.62415325e-34 2.43018284e-34 -5.52500424e-34
1.48960603e-33 2.10332225e-33 -4.84670815e-33
1.05700051e-32 1.42931884e-32 -3.32555987e-32
5.99979070e-32 7.83803475e-32 -1.83690440e-31
2.77774150e-31 3.52450356e-31 -8.30640223e-31
1.05689127e-30 1.30624289e-30 -3.09240763e-30
3.28169667e-30 3.95192197e-30 -9.39213557e-30
8.03216490e-30 9.38244649e-30 -2.23859719e-29
1.37327199e-29 1.52179749e-29 -3.65331896e-29
6.70111104e-30 4.48755957e-30 -1.15650349e-29
-5.73872002e-29 -7.48366346e-29 1.76782798e-28
-2.66387522e-28 -3.19623688e-28 7.62538644e-28
-6.92537161e-28 -7.88394995e-28 1.90063481e-27
-1.10630087e-27 -1.13999131e-27 2.83547514e-27
-2.59131271e-28 2.39207704e-28 -1.03166338e-28
5.23626684e-27 7.55315154e-27 -1.64941632e-26
2.14718302e-26 2.81502618e-26 -6.29801192e-26
5.43981888e-26 6.87875343e-26 -1.54503387e-25
9.85414915e-26 1.21438843e-25 -2.71828671e-25
1.12790188e-25 1.33113028e-25 -2.93767971e-25
-1.21565597e-26 -3.47550877e-26 9.11866221e-26
-4.65998199e-25 -6.21968004e-25 1.41143252e-24
-1.44367306e-24 -1.87637254e-24 4.18880439e-24
-2.88455399e-24 -3.72550140e-24 8.19350144e-24
-3.95780115e-24 -5.11691665e-24 1.09960013e-23
-2.39877231e-24 -3.13896863e-24 6.12410347e-24
5.81902570e-24 7.48849034e-24 -1.78042205e-23
2.54598965e-23 3.32577505e-23 -7.41182190e-23
5.82503344e-23 7.71687961e-23 -1.67381844e-22
9.53446868e-23 1.28909206e-22 -2.72101804e-22
1.07022345e-22 1.50689305e-22 -3.03591823e-22
3.47735006e-23 6.47970879e-23 -9.53824607e-23
-2.03283430e-22 -2.43138191e-22 5.86125803e-22
-6.77954326e-22 -8.83594416e-22 1.94535302e-21
-1.37131527e-21 -1.86307285e-21 3.93859117e-21
-2.05639665e-21 -2.91810929e-21 5.93153103e-21
-2.16807983e-21 -3.31852930e-21 6.32502440e-21
-7.49347472e-22 -1.74385734e-21 2.38291522e-21
3.39105360e-21 3.58255245e-21 -9.35337563e-21
1.11529612e-20 1.42648007e-20 -3.16100563e-20
2.21531667e-20 3.04157268e-20 -6.35802218e-20
3.33547741e-20 4.86635419e-20 -9.69739982e-20
3.77340648e-20 5.99301122e-20 -1.12037884e-19
2.38272566e-20 4.80520194e-20 -7.58860694e-20
-2.26256550e-20 -9.02536997e-21 5.33794895e-20
-1.13652264e-19 -1.33383106e-19 3.12942184e-19
-2.49896471e-19 -3.34886136e-19 7.09478541e-19
-4.08047306e-19 -5.92495922e-19 1.18272909e-18
-5.27937708e-19 -8.32255642e-19 1.56655158e-18
-5.05384305e-19 -9.09600062e-19 1.56423825e-18
-1.99509380e-19 -6.08551672e-19 7.63111824e-19
5.35813855e-19 3.26260625e-19 -1.28283748e-18
1.78939573e-18 2.10968945e-18 -4.87939898e-18
3.49979506e-18 4.78123222e-18 -9.92516406e-18
5.34617635e-18 8.02557818e-18 -1.55858174e-17
6.65487404e-18 1.09854134e-17 -1.99957114e-17
6.37177135e-18 1.21354447e-17 -2.01281488e-17
3.16260734e-18 9.31591623e-18 -1.20171114e-17
-4.29944569e-18 3.76777665e-20 8.48437714e-18
-1.68258000e-17 -1.78463183e-17 4.42869187e-17
-3.40063377e-17 -4.50707475e-17 9.50143010e-17
-5.34113172e-17 -7.95722935e-17 1.54582511e-16
-6.99092606e-17 -1.15036152e-16 2.08971805e-16
-7.54061975e-17 -1.39811061e-16 2.35062220e-16
-5.93714048e-17 -1.36798407e-16 2.01622163e-16
-1.04971381e-17 -8.50066195e-17 7.35540458e-17
8.02928489e-17 3.66097271e-17 -1.79808916e-16
2.15542595e-16 2.42703686e-16 -5.72282020e-16
3.86133960e-16 5.32722120e-16 -1.08536005e-15
5.66288634e-16 8.80777305e-16 -1.65225570e-15
7.10165301e-16 1.22623391e-15 -2.14558260e-15
7.51889641e-16 1.46800667e-15 -2.37413442e-15
6.10943637e-16 1.46626170e-15 -2.09478834e-15
2.04485693e-16 1.05533340e-15 -1.04489872e-15
-5.32744051e-16 7.08982362e-17 1.00177464e-15
-1.62179306e-15 -1.60745356e-15 4.15674673e-15
-3.00902132e-15 -4.00021572e-15 8.32314853e-15
-4.53694788e-15 -6.96465390e-15 1.31008149e-14
-5.92373446e-15 -1.01350332e-14 1.77112654e-14
-6.76010928e-15 -1.28817462e-14 2.09692678e-14
-6.53277210e-15 -1.43079261e-14 2.13298817e-14
-4.68176356e-15 -1.33028379e-14 1.70369222e-14
-6.95546568e-16 -8.66833744e-15 6.38921750e-15
5.75844792e-15 6.72931688e-16 -1.18757855e-14
1.46779847e-14 1.53915002e-14 -3.81050542e-14
2.55641196e-14 3.54081154e-14 -7.12118358e-14
3.72813252e-14 5.95347313e-14 -1.08197819e-13
4.79747758e-14 8.51605824e-14 -1.43822334e-13
5.50832091e-14 1.08061480e-13 -1.70540632e-13
5.54835202e-14 1.22419992e-13 -1.78832502e-13
4.57940017e-14 1.21141857e-13 -1.58020231e-13
2.28462518e-14 9.65361641e-14 -9.76280904e-14
-1.56883746e-14 4.13910502e-14 1.07361477e-14
-7.05616404e-14 -4.95770202e-14 1.71089651e-13
-1.40176821e-13 -1.77991383e-13 3.80589862e-13
-2.19889512e-13 -3.39969991e-13 6.27178321e-13
-3.01511728e-13 -5.24414615e-13 8.87762668e-13
-3.73162119e-13 -7.11748787e-13 1.12740001e-12
-4.19599975e-13 -8.73460148e-13 1.29994600e-12
-4.23154878e-13 -9.72805376e-13 1.35056835e-12
-3.65315480e-13 -9.66987629e-13 1.22038217e-12
-2.28971038e-13 -8.11009918e-13 8.53248268e-13
-1.21201713e-15 -4.63241032e-13 2.04493507e-13
3.23501519e-13 1.07490298e-13 -7.49012257e-13
7.40092839e-13 9.13717906e-13 -1.99832382e-12
1.22991789e-12 1.94079908e-12 -3.49263939e-12
1.75854742e-12 3.13899753e-12 -5.13170612e-12
2.27474224e-12 4.41738271e-12 -6.76195495e-12
2.71105887e-12 5.64086051e-12 -8.17785312e-12
2.98644571e-12 6.63164462e-12 -9.12971841e-12
3.01105777e-12 7.17631650e-12 -9.33879710e-12
2.69333536e-12 7.03928719e-12 -8.51977800e-12
1.94916988e-12 5.98296488e-12 -6.41013596e-12
7.12734331e-13 3.79426562e-12 -2.80483002e-12
-1.05169034e-12 3.16320480e-13 2.40599657e-12
-3.33778643e-12 -4.51661142e-12 9.19945826e-12
-6.08623817e-12 -1.06438407e-11 1.73862613e-11
-9.17591450e-12 -1.78460935e-11 2.65850077e-11
-1.24183906e-11 -2.57205624e-11 3.62085193e-11
-1.55569224e-11 -3.36674515e-11 4.54658024e-11
-1.82708054e-11 -4.08921673e-11 5.33824319e-11
-2.01857739e-11 -4.64267534e-11 5.88409144e-11
-2.08907397e-11 -4.91731661e-11 6.06410666e-11
-1.99607661e-11 -4.79695645e-11 5.75787480e-11
-1.69857395e-11 -4.16789912e-11 4.85395522e-11
-1.16037810e-11 -2.92977541e-11 3.26024711e-11
-3.53806147e-12 -1.00786135e-11 9.14726846e-12
7.36462917e-12 1.63382927e-11 -2.20415247e-11
2.10954352e-11 4.97958159e-11 -6.06813185e-11
3.74471211e-11 8.95020400e-11 -1.05915821e-10
5.59819477e-11 1.33935964e-10 -1.56262978e-10
7.60057691e-11 1.80788432e-10 -2.09590904e-10
9.65503118e-11 2.26949515e-10 -2.63124309e-10
1.16365509e-10 2.68552076e-10 -3.13481879e-10
1.33923698e-10 3.01078837e-10 -3.56743169e-10
1.47437461e-10 3.19537113e-10 -3.88542053e-10
1.54892919e-10 3.18701468e-10 -4.04182926e-10
1.54100382e-10 2.93420241e-10 -3.98775930e-10
1.42764367e-10 2.38977275e-10 -3.67388457e-10
1.18575063e-10 1.51495675e-10 -3.05212230e-10
7.93233247e-11 2.83661746e-11 -2.07748052e-10
2.30410431e-11 -1.31320915e-10 -7.10136459e-11
-5.18318217e-11 -3.26363988e-10 1.08216635e-10
-1.46253216e-10 -5.53084228e-10 3.32128657e-10
-2.60359189e-10 -8.05031655e-10 6.01528765e-10
-3.93221685e-10 -1.07278864e-09 9.15434691e-10
-5.42590109e-10 -1.34389456e-09 1.27058728e-09
-7.04626351e-10 -1.60291223e-09 1.66087930e-09
-8.73646976e-10 -1.83165286e-09 2.07670715e-09
-1.04189074e-09 -2.00957130e-09 2.50426413e-09
-1.19933411e-09 -2.11433806e-09 2.92481035e-09
-1.33358194e-09 -2.12258883e-09 3.31397264e-09
-1.42986392e-09 -2.01084585e-09 3.64114796e-09
-1.47117035e-09 -1.75659982e-09 3.86910334e-09
-1.43856131e-09 -1.33953462e-09 3.95388303e-09
-1.31168253e-09 -7.42871371e-10 3.84514693e-09
-1.06951696e-09 4.51977094e-11 3.48707118e-09
-6.91394404e-10 1.03002096e-09 2.81993978e-09
-1.58271296e-10 2.20898573e-09 1.78254381e-09
5.45721121e-10 3.57005100e-09 3.15479117e-10
1.43147875e-09 5.09036785e-09 -1.63460478e-09
2.50291539e-09 6.73504811e-09 -4.10980466e-09
3.75480325e-09 8.45614786e-09 -7.13487809e-09
5.17054801e-09 1.01919394e-08 -1.07104155e-08
6.72000771e-09 1.18665514e-08 -1.48054985e-08
8.35748751e-09 1.33900611e-08 -1.93501658e-08
1.00200639e-08 1.46591291e-08 -2.42280966e-08
1.16264075e-08 1.55582628e-08 -2.92700109e-08
1.30762855e-08 1.59617993e-08 -3.42483571e-08
1.42509265e-08 1.57366854e-08 -3.88739155e-08
1.50144254e-08 1.47461264e-08 -4.27949750e-08
1.52163493e-08 1.28541513e-08 -4.55997415e-08
1.46956773e-08 9.93112360e-09 -4.68225980e-08
1.32861675e-08 5.86018824e-09 -4.59547593e-08
1.08231930e-08 5.44610240e-10 -4.24597401e-08
7.15202595e-09 -6.08408967e-09 -3.57938926e-08
2.13747598e-09 -1.40573496e-08 -2.54320569e-08
-4.32529192e-09 -2.33603381e-08 -1.08981221e-08
-1.22990203e-08 -3.39225516e-08 8.19998390e-09
-2.17920530e-08 -4.56085712e-08 3.21316643e-08
-3.27458955e-08 -5.82093741e-08 6.10024835e-08
-4.50231615e-08 -7.14346526e-08 9.47118767e-08
-5.83964960e-08 -8.49066412e-08 1.32911454e-07
-7.25391228e-08 -9.81559924e-08 1.74965887e-07
-8.70177063e-08 -1.10620260e-07 2.19918579e-07
-1.01288230e-07 -1.21645550e-07 2.66464482e-07
-1.14695589e-07 -1.30491886e-07 3.12932502e-07
-1.26477554e-07 -1.36342771e-07 3.57279919e-07
-1.35773690e-07 -1.38319386e-07 3.97101118e-07
-1.41639720e-07 -1.35499726e-07 4.29652743e-07
-1.43067680e-07 -1.26942872e-07 4.51896979e-07
-1.39012058e-07 -1.11718444e-07 4.60564289e-07
-1.28421899e-07 -8.89410570e-08 4.52236308e-07
-1.10278668e-07 -5.78094652e-08 4.23448986e-07
-8.36393975e-08 -1.76497997e-08 3.70815285e-07
-4.76844256e-08 3.20378841e-08 2.91165976e-07
-1.76875092e-09 9.15307800e-08 1.81706183e-07
5.45241905e-08 1.60833479e-07 4.01844986e-08
1.21327782e-07 2.39628552e-07 -1.34929379e-07
1.98438175e-07 3.27229232e-07 -3.44263329e-07
2.85262775e-07 4.22535989e-07 -5.87363391e-07
3.80773264e-07 5.23998952e-07 -8.62522433e-07
4.83465237e-07 6.29588147e-07 -1.16662357e-06
5.91326598e-07 7.36773592e-07 -1.49500533e-06
7.01816822e-07 8.42517200e-07 -1.84135562e-06
8.11859114e-07 9.43278339e-07 -2.19764162e-06
9.17847343e-07 1.03503475e-06 -2.55408210e-06
1.01566940e-06 1.11332020e-06 -2.89916850e-06
1.10074835e-06 1.17328009e-06 -3.21974008e-06
1.16810239e-06 1.20974556e-06 -3.50111743e-06
1.21242417e-06 1.21732666e-06 -3.72729757e-06
1.22817968e-06 1.19052420e-06 -3.88121237e-06
1.20972621e-06 1.12385962e-06 -3.94505039e-06
1.15144853e-06 1.01202182e-06 -3.90064065e-06
1.04791185e-06 8.50028827e-07 -3.72989504e-06
8.94029355e-07 6.33402330e-07 -3.41530405e-06
6.85241842e-07 3.58351847e-07 -2.94047900e-06
4.17706307e-07 2.19653509e-08 -2.29073184e-06
8.84898071e-08 -3.77597606e-07 -1.45368210e-06
-3.04235426e-07 -8.40914512e-07 -4.19878923e-07
-7.61000046e-07 -1.36711484e-06 8.16575022e-07
-1.28085354e-06 -1.95370615e-06 2.25741243e-06
-1.86119294e-06 -2.59641625e-06 3.89961812e-06
-2.49760935e-06 -3.28905654e-06 5.73488948e-06
-3.18375714e-06 -4.02341124e-06 7.74915661e-06
-3.91125071e-06 -4.78915743e-06 9.92217775e-06
-4.66959347e-06 -5.57382012e-06 1.22272253e-05
-5.44614308e-06 -6.36276642e-06 1.46308767e-05
-6.22611679e-06 -7.13924217e-06 1.70929227e-05
-6.99264014e-06 -7.88445387e-06 1.95664051e-05
-7.72684127e-06 -8.57769793e-06 2.19977928e-05
-8.40799280e-06 -9.19653854e-06 2.43273029e-05
-9.01370201e-06 -9.71703447e-06 2.64893728e-05
-9.52014948e-06 -1.01140143e-05 2.84132837e-05
-9.90237516e-06 -1.03613987e-05 3.00239358e-05
-1.01346102e-05 -1.04325673e-05 3.12427709e-05
-1.01906513e-05 -1.03007665e-05 3.19888357e-05
-1.00442752e-05 -9.93955455e-06 3.21799768e-05
-9.66968640e-06 -9.32327842e-06 3.17341536e-05
-9.04199540e-06 -8.42757645e-06 3.05708561e-05
-8.13771946e-06 -7.22990052e-06 2.86126080e-05
-6.93529989e-06 -5.71005043e-06 2.57865366e-05
-5.41562838e-06 -3.85071272e-06 2.20259882e-05
-3.56257481e-06 -1.63799619e-06 1.72721647e-05
-1.36350821e-06 9.38044422e-07 1.14757581e-05
1.19019693e-06 3.88290457e-06 4.59855782e-06
4.10267741e-06 7.19715426e-06 -3.38499461e-06
7.37312915e-06 1.08759986e-05 -1.24863286e-05
1.09953938e-05 1.49088820e-05 -2.27013696e-05
1.49575914e-05 1.92791437e-05 -3.40092900e-05
1.92418063e-05 2.39637301e-05 -4.63714082e-05
2.38238318e-05 2.89329707e-05 -5.97302552e-05
2.86729798e-05 3.41504227e-05 -7.40088278e-05
3.37519583e-05 3.95727865e-05 -8.91100440e-05
3.90168231e-05 4.51498973e-05 -1.04916413e-04
4.44170025e-05 5.08247937e-05 -1.21289929e-04
4.98953996e-05 5.65338635e-05 -1.38072198e-04
5.53885709e-05 6.22070678e-05 -1.55084799e-04
6.08269805e-05 6.77682403e-05 -1.72129879e-04
6.61353284e-05 7.31354616e-05 -1.88990980e-04
7.12329497e-05 7.82215018e-05 -2.05434092e-04
7.60342804e-05 8.29343301e-05 -2.21208923e-04
8.04493855e-05 8.71776829e-05 -2.36050362e-04
8.43845424e-05 9.08516865e-05 -2.49680146e-04
8.77428741e-05 9.38535256e-05 -2.61808676e-04
9.04250243e-05 9.60781506e-05 -2.72136994e-04
9.23298656e-05 9.74190152e-05 -2.80358882e-04
9.33552342e-05 9.77688356e-05 -2.86163058e-04
9.33986804e-05 9.70203628e-05 -2.89235452e-04
9.23582270e-05 9.50671578e-05 -2.89261528e-04
9.01331270e-05 9.18043620e-05 -2.85928629e-04
8.66246097e-05 8.71294529e-05 -2.78928316e-04
8.17366090e-05 8.09429767e-05 -2.67958674e-04
7.53764630e-05 7.31492494e-05 -2.52726561e-04
6.74555784e-05 6.36570186e-05 -2.32949767e-04
5.78900521e-05 5.23800785e-05 -2.08359077e-04
4.66012415e-05 3.92378319e-05 -1.78700185e-04
3.35162799e-05 2.41557927e-05 -1.43735477e-04
1.85685289e-05 7.06602449e-06 -1.03245622e-04
1.69796563e-06 -1.20924897e-05 -5.70309965e-05
-1.71485007e-05 -3.33735491e-05 -4.91289499e-06
-3.80167850e-05 -5.68235110e-05 5.32654663e-05
-6.09454562e-05 -8.24811428e-05 1.17638166e-04
-8.59656441e-05 -1.10377549e-04 1.88316021e-04
-1.13101020e-04 -1.40536177e-04 2.65386259e-04
-1.42367853e-04 -1.72972893e-04 3.48912421e-04
-1.73775138e-04 -2.07696131e-04 4.38934491e-04
-2.07324795e-04 -2.44707120e-04 5.35469248e-04
-2.43011936e-04 -2.84000164e-04 6.38510837e-04
-2.80825188e-04 -3.25562992e-04 7.48031541e-04
-3.20747086e-04 -3.69377162e-04 8.63982752e-04
-3.62754506e-04 -4.15418520e-04 9.86296123e-04
-4.06819153e-04 -4.63657701e-04 1.11488489e-03
-4.52908088e-04 -5.14060671e-04 1.24964532e-03
-5.00984287e-04 -5.66589298e-04 1.39045835e-03
-5.51007234e-04 -6.21201961e-04 1.53719127e-03
-6.02933528e-04 -6.77854166e-04 1.68969953e-03
-6.56717507e-04 -7.36499182e-04 1.84782868e-03
-7.12311886e-04 -7.97088684e-04 2.01141622e-03
-7.69668386e-04 -8.59573392e-04 2.18029366e-03
-8.28738365e-04 -9.23903713e-04 2.35428847e-03
-8.89473438e-04 -9.90030357e-04 2.53322609e-03
-9.51826075e-04 -1.05790495e-03 2.71693187e-03
-1.01575018e-03 -1.12748062e-03 2.90523305e-03
-1.08120166e-03 -1.19871254e-03 3.09796057e-03
-1.14813890e-03 -1.27155849e-03 3.29495092e-03
-1.21652331e-03 -1.34597928e-03 3.49604785e-03
-1.28631973e-03 -1.42193928e-03 3.70110396e-03
-1.35749684e-03 -1.49940678e-03 3.90998224e-03
-1.43002753e-03 -1.57835436e-03 4.12255745e-03
-1.50388922e-03 -1.65875924e-03 4.33871737e-03
-1.57906411e-03 -1.74060351e-03 4.55836393e-03
-1.65553942e-03 -1.82387441e-03 4.78141419e-03
-1.73330754e-03 -1.90856447e-03 5.00780118e-03
-1.81236616e-03 -1.99467164e-03 5.23747459e-03
-1.89271839e-03 -2.08219942e-03 5.47040132e-03
-1.97437272e-03 -2.17115686e-03 5.70656586e-03
-2.05734307e-03 -2.26155857e-03 5.94597055e-03
-2.14164869e-03 -2.35342468e-03 6.18863567e-03
-2.22731410e-03 -2.44678076e-03 6.43459943e-03
-2.31436895e-03 -2.54165769e-03 6.68391779e-03
-2.40284783e-03 -2.63809150e-03 6.93666414e-03
-2.49279011e-03 -2.73612320e-03 7.19292892e-03
-2.58423969e-03 -2.83579854e-03 7.45281910e-03
-2.67724474e-03 -2.93716781e-03 7.71645749e-03
-2.77185745e-03 -3.04028552e-03 7.98398206e-03
-2.86813374e-03 -3.14521014e-03 8.25554508e-03
-2.96613290e-03 -3.25200380e-03 8.53131229e-03
-3.06591733e-03 -3.36073198e-03 8.81146187e-03
-3.16755218e-03 -3.47146318e-03 9.09618345e-03
-3.27110501e-03 -3.58426855e-03 9.38567702e-03
-3.37664547e-03 -3.69922160e-03 9.68015186e-03
-3.48424493e-03 -3.81639785e-03 9.97982538e-03
-3.59397617e-03 -3.93587445e-03 1.02849219e-02
-3.70591302e-03 -4.05772987e-03 1.05956717e-02
-3.82013005e-03 -4.18204357e-03 1.09123094e-02
-3.93670224e-03 -4.30889564e-03 1.12350733e-02
-4.05570466e-03 -4.43836651e-03 1.15642041e-02
-4.17721220e-03 -4.57053662e-03 1.18999432e-02
-4.30129927e-03 -4.70548611e-03 1.22425326e-02
-4.42803950e-03 -4.84329454e-03 1.25922129e-02
-4.55750553e-03 -4.98404062e-03 1.29492228e-02
-4.68976874e-03 -5.12780195e-03 1.33137978e-02
-4.82489904e-03 -5.27465473e-03 1.36861694e-02
-4.96296463e-03 -5.42467357e-03 1.40665642e-02
-5.10403185e-03 -5.57793125e-03 1.44552029e-02
-5.24816497e-03 -5.73449850e-03 1.48522998e-02
-5.39542604e-03 -5.89444386e-03 1.52580616e-02
-5.54587475e-03 -6.05783342e-03 1.56726871e-02
-5.69956829e-03 -6.22473073e-03 1.60963664e-02
-5.85656123e-03 -6.39519662e-03 1.65292803e-02
-6.01690543e-03 -6.56928907e-03 1.69715999e-02
-6.18064994e-03 -6.74706308e-03 1.74234860e-02
-6.34784094e-03 -6.92857055e-03 1.78850888e-02
-6.51852162e-03 -7.11386022e-03 1.83565476e-02
-6.69273221e-03 -7.30297753e-03 1.88379901e-02
-6.87050983e-03 -7.49596458e-03 1.93295328e-02
-7.05188856e-03 -7.69286003e-03 1.98312804e-02
-7.23689929e-03 -7.89369905e-03 2.03433254e-02
-7.42556981e-03 -8.09851328e-03 2.08657486e-02
-7.61792469e-03 -8.30733076e-03 2.13986186e-02
-7.81398533e-03 -8.52017591e-03 2.19419918e-02
-8.01376992e-03 -8.73706945e-03 2.24959125e-02
-8.21729342e-03 -8.95802844e-03 2.30604129e-02
-8.42456760e-03 -9.18306618e-03 2.36355130e-02
-8.63560095e-03 -9.41219223e-03 2.42212208e-02
-8.85039876e-03 -9.64541239e-03 2.48175326e-02
-9.06896306e-03 -9.88272865e-03 2.54244325e-02
-9.29129264e-03 -1.01241392e-02 2.60418932e-02
-9.51738304e-03 -1.03696384e-02 2.66698758e-02
-9.74722651e-03 -1.06192169e-02 2.73083299e-02
-9.98081206e-03 -1.08728612e-02 2.79571939e-02
-1.02181254e-02 -1.11305543e-02 2.86163949e-02
-1.04591489e-02 -1.13922751e-02 2.92858493e-02
-1.07038618e-02 -1.16579987e-02 2.99654626e-02
-1.09522397e-02 -1.19276963e-02 3.06551295e-02
-1.12042552e-02 -1.22013351e-02 3.13547344e-02
-1.14598773e-02 -1.24788787e-02 3.20641511e-02
-1.17190717e-02 -1.27602865e-02 3.27832434e-02
-1.19818006e-02 -1.30455141e-02 3.35118648e-02
-1.22480231e-02 -1.33345130e-02 3.42498590e-02
-1.25176943e-02 -1.36272310e-02 3.49970596e-02
-1.27907664e-02 -1.39236119e-02 3.57532906e-02
-1.30671876e-02 -1.42235954e-02 3.65183661e-02
-1.33469029e-02 -1.45271174e-02 3.72920909e-02
-1.36298536e-02 -1.48341097e-02 3.80742601e-02
-1.39159774e-02 -1.51445005e-02 3.88646591e-02
-1.42052086e-02 -1.54582135e-02 3.96630643e-02
-1.44974776e-02 -1.57751688e-02 4.04692423e-02
-1.47927112e-02 -1.60952826e-02 4.12829508e-02
-1.50908328e-02 -1.64184669e-02 4.21039377e-02
-1.53917618e-02 -1.67446299e-02 4.29319420e-02
-1.56954140e-02 -1.70736759e-02 4.37666933e-02
-1.60017017e-02 -1.74055052e-02 4.46079117e-02
-1.63105330e-02 -1.77400143e-02 4.54553083e-02
-1.66218129e-02 -1.80770957e-02 4.63085850e-02
-1.69354421e-02 -1.84166382e-02 4.71674342e-02
-1.72513180e-02 -1.87585267e-02 4.80315394e-02
-1.75693342e-02 -1.91026422e-02 4.89005745e-02
-1.78893804e-02 -1.94488620e-02 4.97742046e-02
-1.82113429e-02 -1.97970597e-02 5.06520853e-02
-1.85351042e-02 -2.01471052e-02 5.15338632e-02
-1.88605432e-02 -2.04988648e-02 5.24191756e-02
-1.91875352e-02 -2.08522010e-02 5.33076510e-02
-1.95159520e-02 -2.12069730e-02 5.41989087e-02
-1.98456618e-02 -2.15630362e-02 5.50925588e-02
-2.01765294e-02 -2.19202429e-02 5.59882029e-02
-2.05084161e-02 -2.22784416e-02 5.68854335e-02
-2.08411800e-02 -2.26374780e-02 5.77838345e-02
-2.11746759e-02 -2.29971940e-02 5.86829810e-02
-2.15087551e-02 -2.33574287e-02 5.95824399e-02
-2.18432661e-02 -2.37180179e-02 6.04817694e-02
-2.21780541e-02 -2.40787945e-02 6.13805198e-02
-2.25129614e-02 -2.44395883e-02 6.22782331e-02
-2.28478275e-02 -2.48002264e-02 6.31744438e-02
-2.31824889e-02 -2.51605330e-02 6.40686784e-02
-2.35167794e-02 -2.55203298e-02 6.49604563e-02
-2.38505304e-02 -2.58794356e-02 6.58492896e-02
-2.41835706e-02 -2.62376670e-02 6.67346834e-02
-2.45157264e-02 -2.65948381e-02 6.76161364e-02
-2.48468219e-02 -2.69507608e-02 6.84931407e-02
-2.51766789e-02 -2.73052448e-02 6.93651825e-02
-2.55051174e-02 -2.76580976e-02 7.02317425e-02
-2.58319554e-02 -2.80091250e-02 7.10922956e-02
-2.61570089e-02 -2.83581309e-02 7.19463120e-02
-2.64800926e-02 -2.87049174e-02 7.27932573e-02
-2.68010194e-02 -2.90492853e-02 7.36325927e-02
-2.71196009e-02 -2.93910337e-02 7.44637757e-02
-2.74356475e-02 -2.97299606e-02 7.52862603e-02
-2.77489684e-02 -3.00658627e-02 7.60994977e-02
-2.80593720e-02 -3.03985358e-02 7.69029363e-02
-2.83666658e-02 -3.07277747e-02 7.76960226e-02
-2.86706566e-02 -3.10533738e-02 7.84782014e-02
-2.89711507e-02 -3.13751264e-02 7.92489166e-02
-2.92679542e-02 -3.16928260e-02 8.00076111e-02
-2.95608727e-02 -3.20062654e-02 8.07537280e-02
-2.98497122e-02 -3.23152374e-02 8.14867104e-02
-3.01342785e-02 -3.26195351e-02 8.22060027e-02
-3.04143777e-02 -3.29189517e-02 8.29110504e-02
-3.06898165e-02 -3.32132807e-02 8.36013010e-02
-3.09604023e-02 -3.35023163e-02 8.42762043e-02
-3.12259429e-02 -3.37858536e-02 8.49352133e-02
-3.14862474e-02 -3.40636884e-02 8.55777845e-02
-3.17411260e-02 -3.43356179e-02 8.62033782e-02
-3.19903900e-02 -3.46014404e-02 8.68114595e-02
-3.22338523e-02 -3.48609558e-02 8.74014986e-02
-3.24713274e-02 -3.51139657e-02 8.79729712e-02
-3.27026317e-02 -3.53602735e-02 8.85253595e-02
-3.29275834e-02 -3.55996848e-02 8.90581521e-02
-3.31460030e-02 -3.58320073e-02 8.95708451e-02
-3.33577132e-02 -3.60570514e-02 9.00629422e-02
-3.35625392e-02 -3.62746298e-02 9.05339555e-02
-3.37603091e-02 -3.64845583e-02 9.09834061e-02
-3.39508534e-02 -3.66866557e-02 9.14108243e-02
-3.41340061e-02 -3.68807440e-02 9.18157501e-02
-3.43096040e-02 -3.70666485e-02 9.21977342e-02
-3.44774874e-02 -3.72441983e-02 9.25563380e-02
-3.46375001e-02 -3.74132262e-02 9.28911342e-02
-3.47894895e-02 -3.75735690e-02 9.32017073e-02
-3.49333070e-02 -3.77250677e-02 9.34876544e-02
-3.50688079e-02 -3.78675675e-02 9.37485849e-02
-3.51958517e-02 -3.80009183e-02 9.39841220e-02
-3.53143022e-02 -3.81249748e-02 9.41939020e-02
-3.54240276e-02 -3.82395962e-02 9.43775758e-02
-3.55249010e-02 -3.83446472e-02 9.45348084e-02
-3.56167999e-02 -3.84399975e-02 9.46652799e-02
-3.56996072e-02 -3.85255223e-02 9.47686860e-02
-3.57732105e-02 -3.86011021e-02 9.48447378e-02
-3.58375028e-02 -3.86666235e-02 9.48931625e-02
-3.58923823e-02 -3.87219786e-02 9.49137041e-02
-3.59377529e-02 -3.87670657e-02 9.49061230e-02
-3.59735241e-02 -3.88017892e-02 9.48701972e-02
-3.59996110e-02 -3.88260598e-02 9.48057218e-02
-3.60159346e-02 -3.88397945e-02 9.47125098e-02
-3.60224219e-02 -3.88429169e-02 9.45903926e-02
-3.60190062e-02 -3.88353573e-02 9.44392194e-02
-3.60056265e-02 -3.88170526e-02 9.42588585e-02
-3.59822287e-02 -3.87879466e-02 9.40491969e-02
-3.59487645e-02 -3.87479902e-02 9.38101407e-02
-3.59051926e-02 -3.86971412e-02 9.35416153e-02
-3.58514778e-02 -3.86353644e-02 9.32435655e-02
-3.57875919e-02 -3.85626320e-02 9.29159561e-02
-3.57135131e-02 -3.84789234e-02 9.25587715e-02
-3.56292265e-02 -3.83842252e-02 9.21720160e-02
-3.55347240e-02 -3.82785316e-02 9.17557143e-02
-3.54300044e-02 -3.81618439e-02 9.13099111e-02
-3.53150732e-02 -3.80341710e-02 9.08346714e-02
-3.51899431e-02 -3.78955294e-02 9.03300804e-02
-3.50546334e-02 -3.77459428e-02 8.97962441e-02
-3.49091708e-02 -3.75854426e-02 8.92332883e-02
-3.47535886e-02 -3.74140677e-02 8.86413598e-02
-3.45879273e-02 -3.72318643e-02 8.80206252e-02
-3.44122342e-02 -3.70388864e-02 8.73712719e-02
-3.42265636e-02 -3.68351951e-02 8.66935072e-02
-3.40309769e-02 -3.66208592e-02 8.59875587e-02
-3.38255421e-02 -3.63959547e-02 8.52536740e-02
-3.36103343e-02 -3.61605651e-02 8.44921206e-02
-3.33854354e-02 -3.59147810e-02 8.37031857e-02
-3.31509339e-02 -3.56587003e-02 8.28871762e-02
-3.29069250e-02 -3.53924282e-02 8.20444181e-02
-3.26535108e-02 -3.51160768e-02 8.11752568e-02
-3.23907997e-02 -3.48297651e-02 8.02800563e-02
-3.21189066e-02 -3.45336193e-02 7.93591994e-02
-3.18379528e-02 -3.42277720e-02 7.84130871e-02
-3.15480659e-02 -3.39123629e-02 7.74421385e-02
-3.12493797e-02 -3.35875378e-02 7.64467903e-02
-3.09420339e-02 -3.32534494e-02 7.54274964e-02
-3.06261742e-02 -3.29102563e-02 7.43847278e-02
-3.03019524e-02 -3.25581236e-02 7.33189719e-02
-2.99695255e-02 -3.21972222e-02 7.22307323e-02
-2.96290563e-02 -3.18277290e-02 7.11205281e-02
-2.92807130e-02 -3.14498266e-02 6.99888940e-02
-2.89246691e-02 -3.10637032e-02 6.88363790e-02
-2.85611029e-02 -3.06695524e-02 6.76635467e-02
-2.81901980e-02 -3.02675728e-02 6.64709744e-02
-2.78121425e-02 -2.98579683e-02 6.52592525e-02
-2.74271292e-02 -2.94409476e-02 6.40289843e-02
-2.70353553e-02 -2.90167241e-02 6.27807852e-02
-2.66370223e-02 -2.85855156e-02 6.15152822e-02
-2.62323356e-02 -2.81475442e-02 6.02331134e-02
-2.58215047e-02 -2.77030362e-02 5.89349272e-02
-2.54047426e-02 -2.72522215e-02 5.76213821e-02
-2.49822659e-02 -2.67953341e-02 5.62931457e-02
-2.45542943e-02 -2.63326110e-02 5.49508944e-02
-2.41210509e-02 -2.58642928e-02 5.35953124e-02
-2.36827614e-02 -2.53906229e-02 5.22270916e-02
-2.32396544e-02 -2.49118477e-02 5.08469303e-02
-2.27919609e-02 -2.44282161e-02 4.94555334e-02
-2.23399142e-02 -2.39399793e-02 4.80536109e-02
-2.18837495e-02 -2.34473907e-02 4.66418779e-02
-2.14237042e-02 -2.29507056e-02 4.52210535e-02
-2.09600171e-02 -2.24501810e-02 4.37918606e-02
-2.04929284e-02 -2.19460755e-02 4.23550248e-02
-2.00226797e-02 -2.14386486e-02 4.09112740e-02
-1.95495136e-02 -2.09281611e-02 3.94613378e-02
-1.90736732e-02 -2.04148744e-02 3.80059466e-02
-1.85954027e-02 -1.98990506e-02 3.65458313e-02
-1.81149462e-02 -1.93809520e-02 3.50817224e-02
-1.76325482e-02 -1.88608409e-02 3.36143493e-02
-1.71484531e-02 -1.83389797e-02 3.21444399e-02
-1.66629050e-02 -1.78156302e-02 3.06727200e-02
-1.61761477e-02 -1.72910539e-02 2.91999125e-02
-1.56884242e-02 -1.67655113e-02 2.77267366e-02
-1.51999766e-02 -1.62392618e-02 2.62539078e-02
-1.47110459e-02 -1.57125637e-02 2.47821367e-02
-1.42218720e-02 -1.51856740e-02 2.33121288e-02
-1.37326931e-02 -1.46588477e-02 2.18445837e-02
-1.32437459e-02 -1.41323381e-02 2.03801946e-02
-1.27552651e-02 -1.36063966e-02 1.89196479e-02
-1.22674835e-02 -1.30812720e-02 1.74636224e-02
-1.17806316e-02 -1.25572109e-02 1.60127889e-02
-1.12949373e-02 -1.20344571e-02 1.45678097e-02
-1.08106261e-02 -1.15132517e-02 1.31293380e-02
-1.03279207e-02 -1.09938325e-02 1.16980176e-02
-9.84704087e-03 -1.04764345e-02 1.02744822e-02
-9.36820314e-03 -9.96128887e-03 8.85935509e-03
-8.89162087e-03 -9.44862360e-03 7.45324864e-03
-8.41750397e-03 -8.93866280e-03 6.05676388e-03
-7.94605874e-03 -8.43162672e-03 4.67049007e-03
-7.47748778e-03 -7.92773163e-03 3.29500435e-03
-7.01198980e-03 -7.42718960e-03 1.93087131e-03
-6.54975949e-03 -6.93020840e-03 5.78642652e-04
-6.09098742e-03 -6.43699134e-03 -7.61143182e-04
-5.63585988e-03 -5.94773718e-03 -2.08796132e-03
-5.18455877e-03 -5.46263997e-03 -3.40130077e-03
-4.73726149e-03 -4.98188892e-03 -4.70066475e-03
-4.29414085e-03 -4.50566833e-03 -5.98557092e-03
-3.85536493e-03 -4.03415747e-03 -7.25555168e-03
-3.42109701e-03 -3.56753045e-03 -8.51015439e-03
-2.99149547e-03 -3.10595618e-03 -9.74894161e-03
-2.56671372e-03 -2.64959822e-03 -1.09714913e-02
-2.14690012e-03 -2.19861477e-03 -1.21773969e-02
-1.73219789e-03 -1.75315853e-03 -1.33662679e-02
-1.32274506e-03 -1.31337669e-03 -1.45377293e-02
-9.18674439e-04 -8.79410804e-04 -1.56914225e-02
-5.20113504e-04 -4.51396806e-04 -1.68270048e-02
-1.27184407e-04 -2.94649098e-05 -1.79441498e-02
2.59996084e-04 3.86260410e-04 -1.90425477e-02
6.41316617e-04 7.95660461e-04 -2.01219046e-02
1.01667128e-03 1.19862236e-03 -2.11819436e-02
1.38595962e-03 1.59503906e-03 -2.22224038e-02
1.74908665e-03 1.98480935e-03 -2.32430410e-02
2.10596287e-03 2.36783790e-03 -2.42436275e-02
2.45650428e-03 2.74403522e-03 -2.52239521e-02
2.80063231e-03 3.11331770e-03 -2.61838197e-02
3.13827392e-03 3.47560759e-03 -2.71230519e-02
3.46936146e-03 3.83083295e-03 -2.80414864e-02
3.79383275e-03 4.17892768e-03 -2.89389772e-02
4.11163100e-03 4.51983149e-03 -2.98153944e-02
4.42270479e-03 4.85348983e-03 -3.06706238e-02
4.72700803e-03 5.17985389e-03 -3.15045675e-02
5.02449992e-03 5.49888053e-03 -3.23171430e-02
5.31514492e-03 5.81053227e-03 -3.31082834e-02
5.59891266e-03 6.11477719e-03 -3.38779371e-02
5.87577790e-03 6.41158892e-03 -3.46260678e-02
6.14572050e-03 6.70094653e-03 -3.53526542e-02
6.40872529e-03 6.98283450e-03 -3.60576896e-02
6.66478207e-03 7.25724264e-03 -3.67411820e-02
6.91388549e-03 7.52416598e-03 -3.74031536e-02
7.15603498e-03 7.78360474e-03 -3.80436408e-02
7.39123469e-03 8.03556420e-03 -3.86626936e-02
7.61949337e-03 8.28005464e-03 -3.92603758e-02
7.84082432e-03 8.51709123e-03 -3.98367641e-02
8.05524527e-03 8.74669394e-03 -4.03919485e-02
8.26277832e-03 8.96888743e-03 -4.09260316e-02
8.46344980e-03 9.18370097e-03 -4.14391282e-02
8.65729019e-03 9.39116828e-03 -4.19313654e-02
8.84433404e-03 9.59132750e-03 -4.24028819e-02
9.02461984e-03 9.78422099e-03 -4.28538278e-02
9.19818991e-03 9.96989528e-03 -4.32843644e-02
9.36509032e-03 1.01484009e-02 -4.36946636e-02
9.52537076e-03 1.03197923e-02 -4.40849078e-02
9.67908442e-03 1.04841278e-02 -4.44552895e-02
9.82628791e-03 1.06414692e-02 -4.48060107e-02
9.96704112e-03 1.07918819e-02 -4.51372829e-02
1.01014071e-02 1.09354349e-02 -4.54493266e-02
1.02294520e-02 1.10722001e-02 -4.57423708e-02
1.03512448e-02 1.12022529e-02 -4.60166530e-02
1.04668574e-02 1.13256716e-02 -4.62724181e-02
1.05763644e-02 1.14425373e-02 -4.65099191e-02
1.06798430e-02 1.15529338e-02 -4.67294157e-02
1.07773728e-02 1.16569479e-02 -4.69311746e-02
1.08690358e-02 1.17546684e-02 -4.71154688e-02
1.09549162e-02 1.18461868e-02 -4.72825774e-02
1.10351003e-02 1.19315967e-02 -4.74327851e-02
1.11096764e-02 1.20109937e-02 -4.75663820e-02
1.11787348e-02 1.20844757e-02 -4.76836631e-02
1.12423673e-02 1.21521421e-02 -4.77849279e-02
1.13006677e-02 1.22140941e-02 -4.78704801e-02
1.13537309e-02 1.22704345e-02 -4.79406274e-02
1.14016535e-02 1.23212676e-02 -4.79956807e-02
1.14445335e-02 1.23666990e-02 -4.80359544e-02
1.14824697e-02 1.24068355e-02 -4.80617655e-02
1.15155623e-02 1.24417849e-02 -4.80734335e-02
1.15439123e-02 1.24716562e-02 -4.80712799e-02
1.15676217e-02 1.24965590e-02 -4.80556283e-02
1.15867931e-02 1.25166037e-02 -4.80268034e-02
1.16015298e-02 1.25319014e-02 -4.79851313e-02
1.16119357e-02 1.25425636e-02 -4.79309389e-02
1.16181150e-02 1.25487023e-02 -4.78645534e-02
1.16201724e-02 1.25504298e-02 -4.77863026e-02
1.16182127e-02 1.25478584e-02 -4.76965139e-02
1.16123409e-02 1.25411006e-02 -4.75955146e-02
1.16026621e-02 1.25302690e-02 -4.74836311e-02
1.15892813e-02 1.25154760e-02 -4.73611892e-02
1.15723033e-02 1.24968336e-02 -4.72285134e-02
1.15518328e-02 1.24744539e-02 -4.70859267e-02
1.15279740e-02 1.24484482e-02 -4.69337506e-02
1.15008310e-02 1.24189275e-02 -4.67723045e-02
1.14705073e-02 1.23860024e-02 -4.66019059e-02
1.14371056e-02 1.23497826e-02 -4.64228699e-02
1.14007284e-02 1.23103772e-02 -4.62355088e-02
1.13614771e-02 1.22678946e-02 -4.60401324e-02
1.13194527e-02 1.22224422e-02 -4.58370475e-02
1.12747551e-02 1.21741264e-02 -4.56265575e-02
1.12274833e-02 1.21230529e-02 -4.54089629e-02
1.11777355e-02 1.20693260e-02 -4.51845604e-02
1.11256087e-02 1.20130491e-02 -4.49536430e-02
1.10711988e-02 1.19543244e-02 -4.47165001e-02
1.10146009e-02 1.18932527e-02 -4.44734170e-02
1.09559083e-02 1.18299336e-02 -4.42246751e-02
1.08952136e-02 1.17644655e-02 -4.39705513e-02
1.08326079e-02 1.16969453e-02 -4.37113183e-02
1.07681809e-02 1.16274683e-02 -4.34472445e-02
1.07020209e-02 1.15561287e-02 -4.31785936e-02
1.06342150e-02 1.14830190e-02 -4.29056246e-02
1.05648487e-02 1.14082299e-02 -4.26285921e-02
1.04940058e-02 1.13318511e-02 -4.23477455e-02
1.04217690e-02 1.12539701e-02 -4.20633297e-02
1.03482192e-02 1.11746731e-02 -4.17755845e-02
1.02734357e-02 1.10940447e-02 -4.14847446e-02
1.01974963e-02 1.10121675e-02 -4.11910400e-02
1.01204771e-02 1.09291226e-02 -4.08946953e-02
1.00424526e-02 1.08449894e-02 -4.05959303e-02
9.96349560e-03 1.07598455e-02 -4.02949596e-02
9.88367736e-03 1.06737667e-02 -3.99919925e-02
9.80306732e-03 1.05868270e-02 -3.96872333e-02
9.72173326e-03 1.04990989e-02 -3.93808812e-02
9.63974128e-03 1.04106528e-02 -3.90731302e-02
9.55715576e-03 1.03215575e-02 -3.87641690e-02
9.47403938e-03 1.02318798e-02 -3.84541815e-02
9.39045311e-03 1.01416850e-02 -3.81433462e-02
9.30645620e-03 1.00510363e-02 -3.78318366e-02
9.22210622e-03 9.95999529e-03 -3.75198211e-02
9.13745903e-03 9.86862181e-03 -3.72074632e-02
9.05256878e-03 9.77697382e-03 -3.68949213e-02
8.96748796e-03 9.68510753e-03 -3.65823487e-02
8.88226737e-03 9.59307739e-03 -3.62698941e-02
8.79695615e-03 9.50093610e-03 -3.59577012e-02
8.71160179e-03 9.40873463e-03 -3.56459087e-02
8.62625013e-03 9.31652221e-03 -3.53346507e-02
8.54094543e-03 9.22434637e-03 -3.50240568e-02
8.45573029e-03 9.13225293e-03 -3.47142515e-02
8.37064576e-03 9.04028605e-03 -3.44053552e-02
8.28573132e-03 8.94848821e-03 -3.40974833e-02
8.20102490e-03 8.85690027e-03 -3.37907472e-02
8.11656288e-03 8.76556147e-03 -3.34852537e-02
8.03238018e-03 8.67450945e-03 -3.31811052e-02
7.94851021e-03 8.58378027e-03 -3.28784000e-02
7.86498492e-03 8.49340846e-03 -3.25772322e-02
7.78183485e-03 8.40342700e-03 -3.22776919e-02
7.69908910e-03 8.31386739e-03 -3.19798650e-02
7.61677542e-03 8.22475965e-03 -3.16838336e-02
7.53492017e-03 8.13613235e-03 -3.13896759e-02
7.45354841e-03 8.04801263e-03 -3.10974662e-02
7.37268387e-03 7.96042626e-03 -3.08072752e-02
7.29234902e-03 7.87339761e-03 -3.05191701e-02
7.21256507e-03 7.78694976e-03 -3.02332142e-02
7.13335201e-03 7.70110443e-03 -2.99494677e-02
7.05472863e-03 7.61588209e-03 -2.96679871e-02
6.97671256e-03 7.53130196e-03 -2.93888257e-02
6.89932030e-03 7.44738202e-03 -2.91120337e-02
6.82256722e-03 7.36413906e-03 -2.88376579e-02
6.74646761e-03 7.28158873e-03 -2.85657422e-02
6.67103471e-03 7.19974552e-03 -2.82963273e-02
6.59628074e-03 7.11862283e-03 -2.80294510e-02
6.52221690e-03 7.03823297e-03 -2.77651486e-02
6.44885345e-03 6.95858723e-03 -2.75034520e-02
6.37619968e-03 6.87969587e-03 -2.72443910e-02
6.30426396e-03 6.80156816e-03 -2.69879924e-02
6.23305380e-03 6.72421241e-03 -2.67342805e-02
6.16257583e-03 6.64763602e-03 -2.64832772e-02
6.09283584e-03 6.57184548e-03 -2.62350020e-02
6.02383883e-03 6.49684640e-03 -2.59894720e-02
5.95558901e-03 6.42264357e-03 -2.57467020e-02
5.88808983e-03 6.34924095e-03 -2.55067048e-02
5.82134403e-03 6.27664171e-03 -2.52694909e-02
5.75535363e-03 6.20484829e-03 -2.50350688e-02
5.69011998e-03 6.13386235e-03 -2.48034451e-02
5.62564380e-03 6.06368490e-03 -2.45746244e-02
5.56192514e-03 5.99431624e-03 -2.43486094e-02
5.49896349e-03 5.92575603e-03 -2.41254013e-02
5.43675775e-03 5.85800329e-03 -2.39049993e-02
5.37530626e-03 5.79105646e-03 -2.36874012e-02
5.31460685e-03 5.72491339e-03 -2.34726031e-02
5.25465681e-03 5.65957140e-03 -2.32605996e-02
5.19545300e-03 5.59502727e-03 -2.30513840e-02
5.13699178e-03 5.53127728e-03 -2.28449481e-02
5.07926908e-03 5.46831723e-03 -2.26412825e-02
5.02228044e-03 5.40614247e-03 -2.24403765e-02
4.96602097e-03 5.34474792e-03 -2.22422182e-02
4.91048544e-03 5.28412809e-03 -2.20467947e-02
4.85566826e-03 5.22427708e-03 -2.18540920e-02
4.80156350e-03 5.16518866e-03 -2.16640951e-02
4.74816492e-03 5.10685623e-03 -2.14767882e-02
4.69546599e-03 5.04927286e-03 -2.12921543e-02
4.64345992e-03 4.99243132e-03 -2.11101760e-02
4.59213966e-03 4.93632411e-03 -2.09308349e-02
4.54149790e-03 4.88094343e-03 -2.07541120e-02
4.49152714e-03 4.82628125e-03 -2.05799876e-02
4.44221967e-03 4.77232930e-03 -2.04084416e-02
4.39356758e-03 4.71907910e-03 -2.02394532e-02
4.34556281e-03 4.66652196e-03 -2.00730011e-02
4.29819713e-03 4.61464903e-03 -1.99090637e-02
4.25146217e-03 4.56345125e-03 -1.97476190e-02
4.20534944e-03 4.51291946e-03 -1.95886445e-02
4.15985034e-03 4.46304432e-03 -1.94321177e-02
4.11495615e-03 4.41381639e-03 -1.92780157e-02
4.07065808e-03 4.36522611e-03 -1.91263154e-02
4.02694727e-03 4.31726382e-03 -1.89769936e-02
3.98381477e-03 4.26991979e-03 -1.88300270e-02
3.94125159e-03 4.22318420e-03 -1.86853922e-02
3.89924870e-03 4.17704718e-03 -1.85430656e-02
3.85779703e-03 4.13149879e-03 -1.84030240e-02
3.81688747e-03 4.08652908e-03 -1.82652439e-02
3.77651092e-03 4.04212804e-03 -1.81297019e-02
3.73665824e-03 3.99828566e-03 -1.79963748e-02
3.69732031e-03 3.95499191e-03 -1.78652394e-02
3.65848800e-03 3.91223674e-03 -1.77362729e-02
3.62015219e-03 3.87001013e-03 -1.76094524e-02
3.58230377e-03 3.82830206e-03 -1.74847552e-02
3.54493367e-03 3.78710253e-03 -1.73621590e-02
3.50803283e-03 3.74640156e-03 -1.72416416e-02
3.47159221e-03 3.70618921e-03 -1.71231811e-02
3.43560282e-03 3.66645558e-03 -1.70067558e-02
3.40005569e-03 3.62719081e-03 -1.68923443e-02
3.36494191e-03 3.58838508e-03 -1.67799256e-02
3.33025258e-03 3.55002864e-03 -1.66694789e-02
3.29597888e-03 3.51211180e-03 -1.65609836e-02
3.26211200e-03 3.47462490e-03 -1.64544197e-02
3.22864320e-03 3.43755840e-03 -1.63497672e-02
3.19556378e-03 3.40090280e-03 -1.62470067e-02
3.16286509e-03 3.36464867e-03 -1.61461189e-02
3.13053854e-03 3.32878668e-03 -1.60470849e-02
3.09857556e-03 3.29330757e-03 -1.59498863e-02
3.06696768e-03 3.25820216e-03 -1.58545047e-02
3.03570643e-03 3.22346138e-03 -1.57609223e-02
3.00478344e-03 3.18907624e-03 -1.56691216e-02
2.97419036e-03 3.15503783e-03 -1.55790851e-02
2.94391890e-03 3.12133737e-03 -1.54907959e-02
2.91396084e-03 3.08796615e-03 -1.54042375e-02
2.88430798e-03 3.05491558e-03 -1.53193933e-02
2.85495222e-03 3.02217717e-03 -1.52362474e-02
2.82588546e-03 2.98974255e-03 -1.51547837e-02
2.79709970e-03 2.95760343e-03 -1.50749869e-02
2.76858696e-03 2.92575167e-03 -1.49968416e-02
2.74033935e-03 2.89417923e-03 -1.49203327e-02
2.71234900e-03 2.86287818e-03 -1.48454454e-02
2.68460812e-03 2.83184073e-03 -1.47721651e-02
2.65710896e-03 2.80105919e-03 -1.47004772e-02
2.62984384e-03 2.77052603e-03 -1.46303676e-02
2.60280514e-03 2.74023381e-03 -1.45618222e-02
2.57598529e-03 2.71017525e-03 -1.44948272e-02
2.54937679e-03 2.68034320e-03 -1.44293686e-02
2.52297220e-03 2.65073063e-03 -1.43654330e-02
2.49676414e-03 2.62133066e-03 -1.43030068e-02
2.47074530e-03 2.59213657e-03 -1.42420765e-02
2.44490845e-03 2.56314176e-03 -1.41826290e-02
2.41924641e-03 2.53433979e-03 -1.41246508e-02
2.39375209e-03 2.50572436e-03 -1.40681288e-02
2.36841846e-03 2.47728933e-03 -1.40130499e-02
2.34323859e-03 2.44902873e-03 -1.39594008e-02
2.31820562e-03 2.42093673e-03 -1.39071686e-02
2.29331276e-03 2.39300767e-03 -1.38563399e-02
2.26855334e-03 2.36523604e-03 -1.38069017e-02
2.24392075e-03 2.33761652e-03 -1.37588407e-02
2.21940850e-03 2.31014394e-03 -1.37121437e-02
2.19501017e-03 2.28281331e-03 -1.36667973e-02
2.17071946e-03 2.25561981e-03 -1.36227881e-02
2.14653017e-03 2.22855881e-03 -1.35801025e-02
2.12243621e-03 2.20162584e-03 -1.35387270e-02
2.09843160e-03 2.17481661e-03 -1.34986476e-02
2.07451048e-03 2.14812704e-03 -1.34598505e-02
2.05066711e-03 2.12155320e-03 -1.34223215e-02
2.02689587e-03 2.09509137e-03 -1.33860463e-02
2.00319126e-03 2.06873800e-03 -1.33510104e-02
1.97954793e-03 2.04248975e-03 -1.33171991e-02
1.95596066e-03 2.01634346e-03 -1.32845975e-02
1.93242435e-03 1.99029615e-03 -1.32531902e-02
1.90893408e-03 1.96434506e-03 -1.32229620e-02
1.88548505e-03 1.93848760e-03 -1.31938969e-02
1.86207261e-03 1.91272139e-03 -1.31659789e-02
1.83869228e-03 1.88704424e-03 -1.31391918e-02
1.81533973e-03 1.86145415e-03 -1.31135188e-02
1.79201080e-03 1.83594932e-03 -1.30889430e-02
1.76870148e-03 1.81052816e-03 -1.30654469e-02
1.74540794e-03 1.78518925e-03 -1.30430128e-02
1.72212653e-03 1.75993138e-03 -1.30216227e-02
1.69885376e-03 1.73475355e-03 -1.30012581e-02
1.67558634e-03 1.70965492e-03 -1.29819000e-02
1.65232113e-03 1.68463487e-03 -1.29635291e-02
1.62905520e-03 1.65969297e-03 -1.29461257e-02
1.60578581e-03 1.63482897e-03 -1.29296697e-02
1.58251041e-03 1.61004282e-03 -1.29141403e-02
1.55922662e-03 1.58533467e-03 -1.28995166e-02
1.53593228e-03 1.56070482e-03 -1.28857769e-02
1.51262543e-03 1.53615380e-03 -1.28728992e-02
1.48930431e-03 1.51168231e-03 -1.28608610e-02
1.46596734e-03 1.48729120e-03 -1.28496394e-02
1.44261317e-03 1.46298155e-03 -1.28392107e-02
1.41924065e-03 1.43875458e-03 -1.28295509e-02
1.39584885e-03 1.41461170e-03 -1.28206356e-02
1.37243702e-03 1.39055449e-03 -1.28124397e-02
1.34900467e-03 1.36658470e-03 -1.28049376e-02
1.32555148e-03 1.34270426e-03 -1.27981032e-02
1.30207736e-03 1.31891523e-03 -1.27919099e-02
1.27858245e-03 1.29521986e-03 -1.27863306e-02
1.25506710e-03 1.27162054e-03 -1.27813376e-02
1.23153186e-03 1.24811984e-03 -1.27769026e-02
1.20797753e-03 1.22472045e-03 -1.27729971e-02
1.18440510e-03 1.20142522e-03 -1.27695916e-02
1.16081580e-03 1.17823714e-03 -1.27666566e-02
1.13721108e-03 1.15515936e-03 -1.27641616e-02
1.11359261e-03 1.13219514e-03 -1.27620760e-02
1.08996226e-03 1.10934788e-03 -1.27603683e-02
1.06632214e-03 1.08662112e-03 -1.27590069e-02
1.04267459e-03 1.06401850e-03 -1.27579595e-02
1.01902214e-03 1.04154381e-03 -1.27571933e-02
9.95367562e-04 1.01920092e-03 -1.27566751e-02
9.71713839e-04 9.96993855e-04 -1.27563712e-02
9.48064170e-04 9.74926708e-04 -1.27562475e-02
9.24421970e-04 9.53003694e-04 -1.27562695e-02
9.00790868e-04 9.31229122e-04 -1.27564023e-02
8.77174705e-04 9.09607393e-04 -1.27566103e-02
8.53577534e-04 8.88142999e-04 -1.27568580e-02
8.30003616e-04 8.66840514e-04 -1.27571092e-02
8.06457420e-04 8.45704589e-04 -1.27573274e-02
7.82943616e-04 8.24739954e-04 -1.27574759e-02
7.59467078e-04 8.03951403e-04 -1.27575175e-02
7.36032879e-04 7.83343796e-04 -1.27574149e-02
7.12646285e-04 7.62922053e-04 -1.27571303e-02
6.89312757e-04 7.42691145e-04 -1.27566259e-02
6.66037944e-04 7.22656092e-04 -1.27558635e-02
6.42827681e-04 7.02821959e-04 -1.27548048e-02
6.19687982e-04 6.83193846e-04 -1.27534113e-02
5.96625041e-04 6.63776889e-04 -1.27516443e-02
5.73645224e-04 6.44576246e-04 -1.27494650e-02
5.50755066e-04 6.25597100e-04 -1.27468346e-02
5.27961266e-04 6.06844650e-04 -1.27437140e-02
5.05270681e-04 5.88324104e-04 -1.27400643e-02
4.82690323e-04 5.70040675e-04 -1.27358463e-02
4.60227351e-04 5.51999575e-04 -1.27310212e-02
4.37889070e-04 5.34206011e-04 -1.27255499e-02
4.15682918e-04 5.16665177e-04 -1.27193935e-02
3.93616469e-04 4.99382250e-04 -1.27125132e-02
3.71697420e-04 4.82362381e-04 -1.27048703e-02
3.49933586e-04 4.65610697e-04 -1.26964263e-02
3.28332897e-04 4.49132285e-04 -1.26871428e-02
3.06903389e-04 4.32932195e-04 -1.26769818e-02
2.85653195e-04 4.17015430e-04 -1.26659053e-02
2.64590544e-04 4.01386942e-04 -1.26538759e-02
2.43723747e-04 3.86051624e-04 -1.26408561e-02
2.23061196e-04 3.71014308e-04 -1.26268092e-02
2.02611351e-04 3.56279757e-04 -1.26116985e-02
1.82382739e-04 3.41852659e-04 -1.25954880e-02
1.62383939e-04 3.27737625e-04 -1.25781419e-02
1.42623581e-04 3.13939178e-04 -1.25596251e-02
1.23110335e-04 3.00461753e-04 -1.25399028e-02
1.03852902e-04 2.87309688e-04 -1.25189410e-02
8.48600089e-05 2.74487222e-04 -1.24967059e-02
6.61403982e-05 2.61998485e-04 -1.24731646e-02
4.77028213e-05 2.49847499e-04 -1.24482848e-02
2.95560295e-05 2.38038166e-04 -1.24220348e-02
1.17087663e-05 2.26574270e-04 -1.23943836e-02
-5.83024147e-06 2.15459467e-04 -1.23653009e-02
-2.30522915e-05 2.04697282e-04 -1.23347572e-02
-3.99487144e-05 1.94291105e-04 -1.23027238e-02
-5.65108825e-05 1.84244184e-04 -1.22691729e-02
-7.27302174e-05 1.74559625e-04 -1.22340774e-02
-8.85981993e-05 1.65240382e-04 -1.21974110e-02
-1.04106375e-04 1.56289256e-04 -1.21591487e-02
-1.19246365e-04 1.47708890e-04 -1.21192660e-02
-1.34009874e-04 1.39501767e-04 -1.20777397e-02
-1.48388699e-04 1.31670203e-04 -1.20345472e-02
-1.62374736e-04 1.24216343e-04 -1.19896674e-02
-1.75959989e-04 1.17142160e-04 -1.19430799e-02
-1.89136579e-04 1.10449452e-04 -1.18947654e-02
-2.01896750e-04 1.04139833e-04 -1.18447058e-02
-2.14232879e-04 9.82147360e-05 -1.17928841e-02
-2.26137486e-04 9.26754077e-05 -1.17392844e-02
-2.37603237e-04 8.75229042e-05 -1.16838920e-02
-2.48622954e-04 8.27580895e-05 -1.16266934e-02
-2.59189626e-04 7.83816329e-05 -1.15676761e-02
-2.69296411e-04 7.43940061e-05 -1.15068291e-02
-2.78936648e-04 7.07954807e-05 -1.14441426e-02
-2.88103862e-04 6.75861268e-05 -1.13796078e-02
-2.96791775e-04 6.47658101e-05 -1.13132175e-02
-3.04994306e-04 6.23341907e-05 -1.12449656e-02
-3.12705588e-04 6.02907212e-05 -1.11748473e-02
-3.19919965e-04 5.86346450e-05 -1.11028593e-02
-3.26632008e-04 5.73649955e-05 -1.10289994e-02
-3.32836514e-04 5.64805943e-05 -1.09532669e-02
-3.38528517e-04 5.59800510e-05 -1.08756624e-02
-3.43703295e-04 5.58617616e-05 -1.07961878e-02
-3.48356373e-04 5.61239086e-05 -1.07148465e-02
-3.52483531e-04 5.67644601e-05 -1.06316431e-02
-3.56080810e-04 5.77811699e-05 -1.05465838e-02
-3.59144519e-04 5.91715773e-05 -1.04596760e-02
-3.61671238e-04 6.09330072e-05 -1.03709286e-02
-3.63657823e-04 6.30625704e-05 -1.02803518e-02
-3.65101416e-04 6.55571646e-05 -1.01879571e-02
-3.65999444e-04 6.84134742e-05 -1.00937578e-02
-3.66349628e-04 7.16279721e-05 -9.99776797e-03
-3.66149987e-04 7.51969204e-05 -9.90000358e-03
-3.65398840e-04 7.91163714e-05 -9.80048171e-03
-3.64094811e-04 8.33821699e-05 -9.69922087e-03
-3.62236837e-04 8.79899538e-05 -9.59624093e-03
-3.59824165e-04 9.29351570e-05 -9.49156311e-03
-3.56856360e-04 9.82130106e-05 -9.38520997e-03
-3.53333307e-04 1.03818546e-04 -9.27720538e-03
-3.49255214e-04 1.09746596e-04 -9.16757455e-03
-3.44622614e-04 1.15991798e-04 -9.05634397e-03
-3.39436368e-04 1.22548600e-04 -8.94354142e-03
-3.33697666e-04 1.29411256e-04 -8.82919595e-03
-3.27408033e-04 1.36573838e-04 -8.71333787e-03
-3.20569324e-04 1.44030233e-04 -8.59599869e-03
-3.13183731e-04 1.51774148e-04 -8.47721117e-03
-3.05253780e-04 1.59799117e-04 -8.35700921e-03
-2.96782333e-04 1.68098500e-04 -8.23542792e-03
-2.87772592e-04 1.76665490e-04 -8.11250353e-03
-2.78228091e-04 1.85493118e-04 -7.98827338e-03
-2.68152706e-04 1.94574253e-04 -7.86277591e-03
-2.57550644e-04 2.03901613e-04 -7.73605064e-03
-2.46426449e-04 2.13467763e-04 -7.60813809e-03
-2.34785001e-04 2.23265126e-04 -7.47907981e-03
-2.22631510e-04 2.33285982e-04 -7.34891833e-03
-2.09971517e-04 2.43522480e-04 -7.21769711e-03
-1.96810893e-04 2.53966636e-04 -7.08546054e-03
-1.83155834e-04 2.64610344e-04 -6.95225387e-03
-1.69012858e-04 2.75445379e-04 -6.81812323e-03
-1.54388807e-04 2.86463404e-04 -6.68311553e-03
-1.39290837e-04 2.97655975e-04 -6.54727850e-03
-1.23726417e-04 3.09014545e-04 -6.41066058e-03
-1.07703327e-04 3.20530474e-04 -6.27331094e-03
