0.00000000e+00 0.00000000e+00 0.00000000e+00
0.00000000e+00 0.00000000e+00 0.00000000e+00
0.00000000e+00 0.00000000e+00 0.00000000e+00
0.00000000e+00 0.00000000e+00 0.00000000e+00
0.00000000e+00 0.00000000e+00 0.00000000e+00
0.00000000e+00 0.00000000e+00 0.00000000e+00
0.00000000e+00 0.00000000e+00 0.00000000e+00
5.87165263e-35 -3.33122413e-35 -1.23166815e-34
5.03515888e-32 -4.92446482e-32 -1.11339271e-31
3.54458252e-30 -5.06573869e-30 -8.27279455e-30
8.52307805e-29 -1.74283067e-28 -2.12918757e-28
1.00807153e-27 -3.06227758e-27 -2.77993657e-27
6.57828596e-27 -3.32341363e-26 -2.15333054e-26
2.09943803e-26 -2.46535880e-25 -1.03964232e-25
-1.78662167e-26 -1.32067165e-24 -2.89409005e-25
-5.07378142e-25 -5.21605324e-24 -2.00342516e-25
-2.26922517e-24 -1.48387112e-23 1.56316229e-24
-2.55362256e-24 -2.61910569e-23 2.68404530e-24
2.69393305e-23 -6.17038347e-25 -3.65765501e-23
2.04715784e-22 1.83393442e-22 -3.05626050e-22
8.43140505e-22 7.28218652e-22 -1.35216895e-21
2.42987084e-21 1.64213980e-21 -4.14387119e-21
4.97703401e-21 1.86477046e-21 -9.08154790e-21
5.92386104e-21 -2.15863013e-21 -1.23290119e-20
-3.57395868e-21 -1.69484406e-20 1.39004363e-21
-4.10326803e-20 -4.75109916e-20 6.50815928e-20
-1.24597744e-19 -8.25722155e-20 2.18644200e-19
-2.39807959e-19 -6.91930309e-20 4.51800803e-19
-2.72384859e-19 1.06409587e-19 5.77671800e-19
6.74588024e-20 5.87070420e-19 7.20664018e-20
1.23279672e-18 1.39796127e-18 -1.95298297e-18
3.56270583e-18 2.15270833e-18 -6.30287628e-18
6.55961841e-18 1.71004789e-18 -1.23926257e-17
7.75533824e-18 -1.88905930e-18 -1.60331503e-17
1.74405918e-18 -1.06446345e-17 -7.26276136e-18
-1.92404216e-17 -2.44447891e-17 2.92437204e-17
-6.12158813e-17 -3.76014308e-17 1.07252657e-16
-1.19263529e-16 -3.55047982e-17 2.22009905e-16
-1.64212184e-16 5.32565322e-18 3.24017687e-16
-1.31164113e-16 1.09208629e-16 2.93768808e-16
7.77192162e-17 2.81628152e-16 -5.93439519e-17
5.59309063e-16 4.79143714e-16 -9.40363592e-16
1.33080086e-15 5.79431895e-16 -2.42395399e-15
2.20928638e-15 3.73562786e-16 -4.22020293e-15
2.68554224e-15 -3.89374741e-16 -5.41181354e-15
1.87127249e-15 -1.87927697e-15 -4.30998452e-15
-1.36458198e-15 -3.98206914e-15 1.34417153e-15
-7.95389734e-15 -6.06269813e-15 1.35884508e-14
-1.78318373e-14 -6.80207720e-15 3.27252827e-14
-2.88889152e-14 -4.26966124e-15 5.52388118e-14
-3.60116180e-14 3.59675897e-15 7.17545954e-14
-3.08053080e-14 1.80040729e-14 6.61775138e-14
-2.75824251e-15 3.78858831e-14 1.75249809e-14
5.74655563e-14 5.83986544e-14 -9.40813918e-14
1.52363300e-13 6.99764571e-14 -2.76585912e-13
2.70206454e-13 5.88044862e-14 -5.11329492e-13
3.77823826e-13 9.55732280e-15 -7.38001227e-13
4.16777368e-13 -8.91311259e-14 -8.45406900e-13
3.07080826e-13 -2.36806401e-13 -6.76330358e-13
-3.74730157e-14 -4.12447887e-13 -5.49614739e-14
-6.79989305e-13 -5.67630504e-13 1.15754408e-12
-1.61836744e-12 -6.25381297e-13 2.98059993e-12
-2.73699253e-12 -4.88719513e-13 5.21655190e-12
-3.76506934e-12 -6.17986997e-14 7.36229500e-12
-4.26005053e-12 7.16046473e-13 8.56642114e-12
-3.63740257e-12 1.82710691e-12 7.67490857e-12
-1.26562056e-12 3.13162553e-12 3.40523703e-12
3.36390990e-12 4.33695289e-12 -5.32818746e-12
1.03995758e-11 4.99572570e-12 -1.89470697e-11
1.93555367e-11 4.54879452e-12 -3.66569378e-11
2.88583134e-11 2.42353031e-12 -5.59194846e-11
3.64949334e-11 -1.81209635e-12 -7.21093384e-11
3.88572190e-11 -8.25398185e-12 -7.85462392e-11
3.18725814e-11 -1.64563576e-11 -6.70901257e-11
1.14831892e-11 -2.52638993e-11 -2.94348362e-11
-2.53204241e-11 -3.27400498e-11 4.08712961e-11
-7.91862422e-11 -3.62513312e-11 1.45809767e-10
-1.46980674e-10 -3.27552211e-11 2.80009724e-10
-2.20533009e-10 -1.93117603e-11 4.28131601e-10
-2.85895639e-10 6.20258658e-12 5.63218129e-10
-3.23508006e-10 4.42518500e-11 6.46801037e-10
-3.09623599e-10 9.27951268e-11 6.31509011e-10
-2.19248418e-10 1.46611547e-10 4.66714209e-10
-3.06400772e-11 1.96994820e-10 1.07365523e-10
2.68862187e-10 2.32012767e-10 -4.74398829e-10
6.76239430e-10 2.37485477e-10 -1.27593975e-09
1.16633402e-09 1.98753036e-10 -2.25089310e-09
1.68673623e-09 1.03184253e-10 -3.29844419e-09
2.15541271e-09 -5.67674907e-11 -4.25792568e-09
2.46249030e-09 -2.80307651e-10 -4.91163341e-09
2.47740154e-09 -5.55325739e-10 -4.99837339e-09
2.06213745e-09 -8.56278405e-10 -4.23935461e-09
1.09064057e-09 -1.14353240e-09 -2.37662521e-09
-5.26551049e-10 -1.36470821e-09 7.77607772e-10
-2.81435126e-09 -1.45840667e-09 5.28457415e-09
-5.70487063e-09 -1.36044760e-09 1.10214327e-08
-9.01279409e-09 -1.01241825e-09 1.76305699e-08
-1.24189630e-08 -3.71951338e-10 2.44849662e-08
-1.54669214e-08 5.76229208e-10 3.06793412e-08
-1.75768020e-08 1.80979014e-09 3.50560827e-08
-1.80798870e-08 3.26032631e-09 3.62729181e-08
-1.62754762e-08 4.80856318e-09 3.29158797e-08
-1.15093885e-08 6.28472796e-09 2.36564561e-08
-3.27066356e-09 7.47527958e-09 7.44622272e-09
8.69994677e-09 8.13667020e-09 -1.62638421e-08
2.42990229e-08 8.01611785e-09 -4.72981246e-08
4.29588833e-08 6.87855463e-09 -8.45491622e-08
6.35689287e-08 4.53805177e-09 -1.25816039e-07
8.44341727e-08 8.91203233e-10 -1.67717444e-07
1.03284536e-07 -4.05073168e-09 -2.05707160e-07
1.17346313e-07 -1.01345737e-08 -2.34215437e-07
1.23483482e-07 -1.70466395e-08 -2.46932115e-07
1.18411403e-07 -2.43063789e-08 -2.37236942e-07
9.89790643e-08 -3.12751597e-08 -1.98769536e-07
6.25089426e-08 -3.71821244e-08 -1.26116931e-07
7.17617189e-09 -4.11677194e-08 -1.55815329e-08
-6.75983135e-08 -4.23439302e-08 1.34022019e-07
-1.60771951e-07 -3.98685871e-08 3.20604869e-07
-2.69357630e-07 -3.30294536e-08 5.38149405e-07
-3.88191311e-07 -2.13323487e-08 7.76238905e-07
-5.09827080e-07 -4.58642015e-09 1.01984663e-06
-6.24592833e-07 1.70209859e-08 1.24945198e-06
-7.20832903e-07 4.28675174e-08 1.44153712e-06
-7.85354140e-07 7.18642159e-08 1.56949757e-06
-8.04079566e-07 1.02455114e-07 1.60497448e-06
-7.62899333e-07 1.32652278e-07 1.51958707e-06
-6.48693255e-07 1.60108306e-07 1.28701187e-06
-4.50483477e-07 1.82225680e-07 8.85323448e-07
-1.60661071e-07 1.96299594e-07 2.99480856e-07
2.23782464e-07 1.99688099e-07 -4.76181658e-07
7.00097612e-07 1.90000887e-07 -1.43562110e-06
1.25877783e-06 1.65295882e-07 -2.55908229e-06
1.88280502e-06 1.24271342e-07 -3.81159950e-06
2.54722140e-06 6.64403733e-08 -5.14216954e-06
3.21910068e-06 -7.72512294e-09 -6.48374311e-06
3.85797669e-06 -9.66931216e-08 -7.75415143e-06
4.41676896e-06 -1.97822987e-07 -8.85804502e-06
4.84322134e-06 -3.07377485e-07 -9.68987449e-06
5.08184410e-06 -4.20599736e-07 -1.01378891e-05
5.07632189e-06 -5.31855928e-07 -1.00890724e-05
4.77232272e-06 -6.34840727e-07 -9.43487843e-06
4.12061568e-06 -7.22838474e-07 -8.07757426e-06
3.08038170e-06 -7.89029689e-07 -5.93695182e-06
1.62258146e-06 -8.26829276e-07 -2.95712635e-06
-2.66770200e-07 -8.30240416e-07 8.86886048e-07
-2.58358225e-06 -7.94206547e-07 5.58313690e-06
-5.30307845e-06 -7.14943205e-07 1.10775859e-05
-8.37775615e-06 -5.90231873e-07 1.72701262e-05
-1.17360546e-05 -4.19659314e-07 2.40120788e-05
-1.52818546e-05 -2.04788157e-07 3.11053978e-05
-1.88949057e-05 5.07524533e-08 3.83037731e-05
-2.24322437e-05 3.41263632e-07 4.53157520e-05
-2.57306299e-05 6.59064349e-07 5.18099286e-05
-2.86099997e-05 9.94668928e-07 5.74221687e-05
-3.08778750e-05 1.33704923e-06 6.17647634e-05
-3.23346529e-05 1.67397235e-06 6.44373219e-05
-3.27796480e-05 1.99240097e-06 6.50391439e-05
-3.20177326e-05 2.27894076e-06 6.31827476e-05
-2.98663940e-05 2.52031686e-06 5.85081723e-05
-2.61630026e-05 2.70386046e-06 5.06976385e-05
-2.07720750e-05 2.81798573e-06 3.94901161e-05
-1.35923056e-05 2.85263835e-06 2.46953469e-05
-4.56314306e-06 2.79969783e-06 6.20686601e-06
6.32930221e-06 2.65331825e-06 -1.59864063e-05
1.90472199e-05 2.41019459e-06 -4.17903989e-05
3.34971058e-05 2.06974525e-06 -7.09982953e-05
4.95269592e-05 1.63420478e-06 -1.03285398e-04
6.69247850e-05 1.10862453e-06 -1.38206661e-04
8.54184773e-05 5.00782569e-07 -1.75197041e-04
1.04677120e-04 -1.78992297e-07 -2.13574704e-04
1.24313704e-04 -9.18074561e-07 -2.52547090e-04
1.43889208e-04 -1.70186367e-06 -2.91219707e-04
1.62917981e-04 -2.51416069e-06 -3.28607489e-04
1.80874284e-04 -3.33758609e-06 -3.63648456e-04
1.97199864e-04 -4.15402368e-06 -3.95219379e-04
2.11312379e-04 -4.94507592e-06 -4.22153070e-04
2.22614470e-04 -5.69251573e-06 -4.43256905e-04
2.30503286e-04 -6.37872135e-06 -4.57332154e-04
2.34380235e-04 -6.98708186e-06 -4.63193653e-04
2.33660728e-04 -7.50236274e-06 -4.59689404e-04
2.27783724e-04 -7.91102306e-06 -4.45719626e-04
2.16220844e-04 -8.20147779e-06 -4.20254881e-04
1.98484869e-04 -8.36430104e-06 -3.82352855e-04
1.74137446e-04 -8.39236834e-06 -3.31173479e-04
1.42795854e-04 -8.28093784e-06 -2.65992070e-04
1.04138690e-04 -8.02767246e-06 -1.86210263e-04
5.79103921e-05 -7.63260648e-06 -9.13645456e-05
3.92452258e-06 -7.09806137e-06 1.88677358e-05
-5.79342324e-05 -6.42851685e-06 1.44664963e-04
-1.27709346e-04 -5.63044374e-06 2.86060428e-04
-2.05373009e-04 -4.71210569e-06 4.42944072e-04
-2.90827907e-04 -3.68333699e-06 6.15066660e-04
-3.83910161e-04 -2.55530353e-06 8.02046271e-04
-4.84393325e-04 -1.34025376e-06 1.00337688e-03
-5.91993346e-04 -5.12659099e-08 1.21843880e-03
-7.06374348e-04 1.29800282e-06 1.44651083e-03
-8.27155115e-04 2.69356010e-06 1.68678360e-03
-9.53916126e-04 4.12131115e-06 1.93837410e-03
-1.08620699e-03 5.56727675e-06 2.20034090e-03
-1.22355415e-03 7.01779387e-06 2.47169984e-03
-1.36546864e-03 8.45969699e-06 2.75143981e-03
-1.51145393e-03 9.88047870e-06 3.03853854e-03
-1.66101345e-03 1.12684289e-05 3.33197783e-03
-1.81365794e-03 1.26127521e-05 3.63075829e-03
-1.96891237e-03 1.39036637e-05 3.93391313e-03
-2.12632235e-03 1.51324649e-05 4.24052093e-03
-2.28545995e-03 1.62915976e-05 4.54971722e-03
-2.44592892e-03 1.73746803e-05 4.86070468e-03
-2.60736920e-03 1.83765265e-05 5.17276194e-03
-2.76946062e-03 1.92931459e-05 5.48525087e-03
-2.93192598e-03 2.01217316e-05 5.79762228e-03
-3.09453327e-03 2.08606325e-05 6.10942016e-03
-3.25709718e-03 2.15093148e-05 6.42028431e-03
-3.41947988e-03 2.20683124e-05 6.72995158e-03
-3.58159107e-03 2.25391684e-05 7.03825559e-03
-3.74338745e-03 2.29243691e-05 7.34512523e-03
-3.90487148e-03 2.32272721e-05 7.65058192e-03
-4.06608970e-03 2.34520295e-05 7.95473576e-03
-4.22713047e-03 2.36035080e-05 8.25778070e-03
-4.38812136e-03 2.36872067e-05 8.55998894e-03
-4.54922617e-03 2.37091749e-05 8.86170460e-03
-4.71064165e-03 2.36759290e-05 9.16333686e-03
-4.87259403e-03 2.35943717e-05 9.46535270e-03
-5.03533537e-03 2.34717123e-05 9.76826937e-03
-5.19913990e-03 2.33153905e-05 1.00726467e-02
-5.36430025e-03 2.31330032e-05 1.03790796e-02
-5.53112379e-03 2.29322350e-05 1.06881900e-02
-5.69992898e-03 2.27207923e-05 1.10006201e-02
-5.87104193e-03 2.25063423e-05 1.13170248e-02
-6.04479308e-03 2.22964549e-05 1.16380654e-02
-6.22151407e-03 2.20985491e-05 1.19644027e-02
-6.40153491e-03 2.19198431e-05 1.22966920e-02
-6.58518128e-03 2.17673073e-05 1.26355771e-02
-6.77277224e-03 2.16476205e-05 1.29816860e-02
-6.96461807e-03 2.15671288e-05 1.33356267e-02
-7.16101850e-03 2.15318070e-05 1.36979835e-02
-7.36226117e-03 2.15472213e-05 1.40693140e-02
-7.56862033e-03 2.16184946e-05 1.44501471e-02
-7.78035587e-03 2.17502737e-05 1.48409803e-02
-7.99771256e-03 2.19466971e-05 1.52422790e-02
-8.22091952e-03 2.22113663e-05 1.56544753e-02
-8.45018992e-03 2.25473177e-05 1.60779677e-02
-8.68572090e-03 2.29569982e-05 1.65131207e-02
-8.92769361e-03 2.34422434e-05 1.69602656e-02
-9.17627346e-03 2.40042592e-05 1.74197007e-02
-9.43161051e-03 2.46436078e-05 1.78916924e-02
-9.69383992e-03 2.53601994e-05 1.83764761e-02
-9.96308253e-03 2.61532883e-05 1.88742580e-02
-1.02394456e-02 2.70214767e-05 1.93852158e-02
-1.05230232e-02 2.79627249e-05 1.99095011e-02
-1.08138976e-02 2.89743696e-05 2.04472403e-02
-1.11121393e-02 3.00531495e-05 2.09985367e-02
-1.14178082e-02 3.11952408e-05 2.15634721e-02
-1.17309543e-02 3.23962992e-05 2.21421083e-02
-1.20516186e-02 3.36515123e-05 2.27344887e-02
-1.23798334e-02 3.49556584e-05 2.33406404e-02
-1.27156233e-02 3.63031740e-05 2.39605748e-02
-1.30590061e-02 3.76882276e-05 2.45942895e-02
-1.34099925e-02 3.91047988e-05 2.52417697e-02
-1.37685877e-02 4.05467631e-05 2.59029889e-02
-1.41347913e-02 4.20079785e-05 2.65779102e-02
-1.45085975e-02 4.34823749e-05 2.72664875e-02
-1.48899963e-02 4.49640428e-05 2.79686656e-02
-1.52789729e-02 4.64473207e-05 2.86843815e-02
-1.56755087e-02 4.79268783e-05 2.94135647e-02
-1.60795810e-02 4.93977960e-05 3.01561377e-02
-1.64911635e-02 5.08556353e-05 3.09120165e-02
-1.69102262e-02 5.22965031e-05 3.16811103e-02
-1.73367358e-02 5.37171040e-05 3.24633225e-02
-1.77706551e-02 5.51147833e-05 3.32585497e-02
-1.82119439e-02 5.64875561e-05 3.40666828e-02
-1.86605582e-02 5.78341256e-05 3.48876060e-02
-1.91164504e-02 5.91538861e-05 3.57211969e-02
-1.95795695e-02 6.04469137e-05 3.65673267e-02
-2.00498606e-02 6.17139436e-05 3.74258592e-02
-2.05272648e-02 6.29563342e-05 3.82966511e-02
-2.10117193e-02 6.41760189e-05 3.91795511e-02
-2.15031572e-02 6.53754474e-05 4.00744001e-02
-2.20015071e-02 6.65575168e-05 4.09810303e-02
-2.25066930e-02 6.77254941e-05 4.18992650e-02
-2.30186344e-02 6.88829327e-05 4.28289184e-02
-2.35372458e-02 7.00335832e-05 4.37697946e-02
-2.40624366e-02 7.11813019e-05 4.47216877e-02
-2.45941108e-02 7.23299584e-05 4.56843812e-02
-2.51321671e-02 7.34833434e-05 4.66576475e-02
-2.56764984e-02 7.46450807e-05 4.76412478e-02
-2.62269919e-02 7.58185427e-05 4.86349315e-02
-2.67835287e-02 7.70067732e-05 4.96384358e-02
-2.73459836e-02 7.82124179e-05 5.06514858e-02
-2.79142253e-02 7.94376642e-05 5.16737938e-02
-2.84881158e-02 8.06841915e-05 5.27050595e-02
-2.90675106e-02 8.19531325e-05 5.37449692e-02
-2.96522584e-02 8.32450463e-05 5.47931962e-02
-3.02422010e-02 8.45599041e-05 5.58494006e-02
-3.08371735e-02 8.58970857e-05 5.69132289e-02
-3.14370036e-02 8.72553892e-05 5.79843140e-02
-3.20415122e-02 8.86330508e-05 5.90622757e-02
-3.26505129e-02 9.00277756e-05 6.01467201e-02
-3.32638120e-02 9.14367784e-05 6.12372397e-02
-3.38812089e-02 9.28568316e-05 6.23334140e-02
-3.45024955e-02 9.42843214e-05 6.34348090e-02
-3.51274567e-02 9.57153095e-05 6.45409779e-02
-3.57558699e-02 9.71455983e-05 6.56514605e-02
-3.63875057e-02 9.85707998e-05 6.67657843e-02
-3.70221273e-02 9.99864052e-05 6.78834638e-02
-3.76594909e-02 1.01387854e-04 6.90040015e-02
-3.82993460e-02 1.02770603e-04 7.01268876e-02
-3.89414348e-02 1.04130191e-04 7.12516003e-02
-3.95854928e-02 1.05462296e-04 7.23776065e-02
-4.02312491e-02 1.06762799e-04 7.35043614e-02
-4.08784258e-02 1.08027824e-04 7.46313093e-02
-4.15267389e-02 1.09253790e-04 7.57578836e-02
-4.21758978e-02 1.10437439e-04 7.68835072e-02
-4.28256060e-02 1.11575870e-04 7.80075929e-02
-4.34755608e-02 1.12666555e-04 7.91295435e-02
-4.41254538e-02 1.13707354e-04 8.02487522e-02
-4.47749708e-02 1.14696521e-04 8.13646030e-02
-4.54237923e-02 1.15632698e-04 8.24764710e-02
-4.60715932e-02 1.16514906e-04 8.35837226e-02
-4.67180437e-02 1.17342534e-04 8.46857160e-02
-4.73628089e-02 1.18115312e-04 8.57818018e-02
-4.80055492e-02 1.18833287e-04 8.68713228e-02
-4.86459207e-02 1.19496793e-04 8.79536149e-02
-4.92835753e-02 1.20106417e-04 8.90280072e-02
-4.99181607e-02 1.20662959e-04 9.00938227e-02
-5.05493213e-02 1.21167399e-04 9.11503784e-02
-5.11766976e-02 1.21620856e-04 9.21969862e-02
-5.17999271e-02 1.22024545e-04 9.32329529e-02
-5.24186446e-02 1.22379745e-04 9.42575809e-02
-5.30324818e-02 1.22687756e-04 9.52701689e-02
-5.36410685e-02 1.22949868e-04 9.62700121e-02
-5.42440320e-02 1.23167324e-04 9.72564029e-02
-5.48409981e-02 1.23341293e-04 9.82286314e-02
-5.54315912e-02 1.23472843e-04 9.91859861e-02
-5.60154344e-02 1.23562915e-04 1.00127755e-01
-5.65921499e-02 1.23612307e-04 1.01053224e-01
-5.71613595e-02 1.23621656e-04 1.01961680e-01
-5.77226849e-02 1.23591430e-04 1.02852413e-01
-5.82757479e-02 1.23521914e-04 1.03724710e-01
-5.88201706e-02 1.23413212e-04 1.04577865e-01
-5.93555763e-02 1.23265244e-04 1.05411171e-01
-5.98815893e-02 1.23077746e-04 1.06223926e-01
-6.03978353e-02 1.22850283e-04 1.07015433e-01
-6.09039423e-02 1.22582252e-04 1.07784999e-01
-6.13995402e-02 1.22272895e-04 1.08531937e-01
-6.18842617e-02 1.21921312e-04 1.09255567e-01
-6.23577425e-02 1.21526476e-04 1.09955215e-01
-6.28196216e-02 1.21087248e-04 1.10630216e-01
-6.32695418e-02 1.20602399e-04 1.11279914e-01
-6.37071499e-02 1.20070618e-04 1.11903661e-01
-6.41320973e-02 1.19490540e-04 1.12500821e-01
-6.45440401e-02 1.18860756e-04 1.13070767e-01
-6.49426397e-02 1.18179835e-04 1.13612885e-01
-6.53275628e-02 1.17446335e-04 1.14126572e-01
-6.56984824e-02 1.16658824e-04 1.14611240e-01
-6.60550775e-02 1.15815891e-04 1.15066314e-01
-6.63970336e-02 1.14916156e-04 1.15491233e-01
-6.67240434e-02 1.13958288e-04 1.15885452e-01
-6.70358068e-02 1.12941011e-04 1.16248440e-01
-6.73320312e-02 1.11863111e-04 1.16579684e-01
-6.76124320e-02 1.10723446e-04 1.16878689e-01
-6.78767329e-02 1.09520949e-04 1.17144975e-01
-6.81246659e-02 1.08254636e-04 1.17378083e-01
-6.83559722e-02 1.06923606e-04 1.17577572e-01
-6.85704019e-02 1.05527043e-04 1.17743019e-01
-6.87677146e-02 1.04064220e-04 1.17874024e-01
-6.89476795e-02 1.02534496e-04 1.17970204e-01
-6.91100759e-02 1.00937322e-04 1.18031200e-01
-6.92546932e-02 9.92722346e-05 1.18056673e-01
-6.93813314e-02 9.75388594e-05 1.18046306e-01
-6.94898010e-02 9.57369106e-05 1.17999806e-01
-6.95799237e-02 9.38661905e-05 1.17916901e-01
-6.96515323e-02 9.19265900e-05 1.17797344e-01
-6.97044708e-02 8.99180898e-05 1.17640909e-01
-6.97385950e-02 8.78407614e-05 1.17447397e-01
-6.97537725e-02 8.56947691e-05 1.17216632e-01
-6.97498830e-02 8.34803721e-05 1.16948464e-01
-6.97268181e-02 8.11979278e-05 1.16642766e-01
-6.96844820e-02 7.88478946e-05 1.16299438e-01
-6.96227914e-02 7.64308359e-05 1.15918405e-01
-6.95416755e-02 7.39474242e-05 1.15499619e-01
-6.94410768e-02 7.13984448e-05 1.15043056e-01
-6.93209502e-02 6.87848003e-05 1.14548720e-01
-6.91812640e-02 6.61075144e-05 1.14016641e-01
-6.90219998e-02 6.33677359e-05 1.13446875e-01
-6.88431524e-02 6.05667418e-05 1.12839505e-01
-6.86447297e-02 5.77059401e-05 1.12194642e-01
-6.84267535e-02 5.47868721e-05 1.11512421e-01
-6.81892590e-02 5.18112132e-05 1.10793007e-01
-6.79322947e-02 4.87807736e-05 1.10036590e-01
-6.76559228e-02 4.56974970e-05 1.09243386e-01
-6.73602193e-02 4.25634593e-05 1.08413638e-01
-6.70452735e-02 3.93808650e-05 1.07547618e-01
-6.67111882e-02 3.61520433e-05 1.06645620e-01
-6.63580800e-02 3.28794429e-05 1.05707967e-01
-6.59860786e-02 2.95656247e-05 1.04735008e-01
-6.55953273e-02 2.62132553e-05 1.03727116e-01
-6.51859825e-02 2.28250973e-05 1.02684690e-01
-6.47582138e-02 1.94040006e-05 1.01608154e-01
-6.43122038e-02 1.59528917e-05 1.00497956e-01
-6.38481482e-02 1.24747625e-05 9.93545713e-02
-6.33662552e-02 8.97265947e-06 9.81784949e-02
-6.28667456e-02 5.44967105e-06 9.69702476e-02
-6.23498526e-02 1.90891594e-06 9.57303728e-02
-6.18158216e-02 -1.64646922e-06 9.44594365e-02
-6.12649100e-02 -5.21334201e-06 9.31580265e-02
-6.06973869e-02 -8.78856608e-06 9.18267526e-02
-6.01135330e-02 -1.23690228e-05 9.04662452e-02
-5.95136402e-02 -1.59516222e-05 8.90771557e-02
-5.88980113e-02 -1.95333136e-05 8.76601551e-02
-5.82669602e-02 -2.31110954e-05 8.62159339e-02
-5.76208108e-02 -2.66820242e-05 8.47452014e-02
-5.69598976e-02 -3.02432226e-05 8.32486854e-02
-5.62845647e-02 -3.37918872e-05 8.17271308e-02
-5.55951658e-02 -3.73252940e-05 8.01812998e-02
-5.48920641e-02 -4.08408048e-05 7.86119710e-02
-5.41756314e-02 -4.43358709e-05 7.70199383e-02
-5.34462483e-02 -4.78080367e-05 7.54060110e-02
-5.27043034e-02 -5.12549422e-05 7.37710125e-02
-5.19501933e-02 -5.46743249e-05 7.21157796e-02
-5.11843223e-02 -5.80640197e-05 7.04411623e-02
-5.04071014e-02 -6.14219593e-05 6.87480224e-02
-4.96189487e-02 -6.47461728e-05 6.70372332e-02
-4.88202885e-02 -6.80347842e-05 6.53096786e-02
-4.80115510e-02 -7.12860096e-05 6.35662522e-02
-4.71931720e-02 -7.44981545e-05 6.18078565e-02
-4.63655924e-02 -7.76696096e-05 6.00354024e-02
-4.55292578e-02 -8.07988473e-05 5.82498077e-02
-4.46846180e-02 -8.38844166e-05 5.64519971e-02
-4.38321268e-02 -8.69249383e-05 5.46429007e-02
-4.29722412e-02 -8.99191002e-05 5.28234533e-02
-4.21054214e-02 -9.28656511e-05 5.09945938e-02
-4.12321299e-02 -9.57633960e-05 4.91572638e-02
-4.03528314e-02 -9.86111904e-05 4.73124073e-02
-3.94679922e-02 -1.01407935e-04 4.54609695e-02
-3.85780800e-02 -1.04152568e-04 4.36038959e-02
-3.76835630e-02 -1.06844067e-04 4.17421315e-02
-3.67849099e-02 -1.09481434e-04 3.98766202e-02
-3.58825893e-02 -1.12063698e-04 3.80083033e-02
-3.49770694e-02 -1.14589911e-04 3.61381193e-02
-3.40688174e-02 -1.17059141e-04 3.42670027e-02
-3.31582990e-02 -1.19470467e-04 3.23958833e-02
-3.22459785e-02 -1.21822986e-04 3.05256853e-02
-3.13323180e-02 -1.24115798e-04 2.86573267e-02
-3.04177768e-02 -1.26348014e-04 2.67917182e-02
-2.95028117e-02 -1.28518754e-04 2.49297628e-02
-2.85878761e-02 -1.30627143e-04 2.30723546e-02
-2.76734197e-02 -1.32672314e-04 2.12203786e-02
-2.67598882e-02 -1.34653410e-04 1.93747095e-02
-2.58477233e-02 -1.36569583e-04 1.75362115e-02
-2.49373616e-02 -1.38420003e-04 1.57057372e-02
-2.40292352e-02 -1.40203851e-04 1.38841271e-02
-2.31237704e-02 -1.41920333e-04 1.20722089e-02
-2.22213883e-02 -1.43568676e-04 1.02707973e-02
-2.13225040e-02 -1.45148140e-04 8.48069278e-03
-2.04275262e-02 -1.46658014e-04 6.70268140e-03
-1.95368573e-02 -1.48097630e-04 4.93753422e-03
-1.86508930e-02 -1.49466363e-04 3.18600670e-03
-1.77700217e-02 -1.50763637e-04 1.44883821e-03
-1.68946248e-02 -1.51988933e-04 -2.73248470e-04
-1.60250760e-02 -1.53141790e-04 -1.97954760e-03
-1.51617413e-02 -1.54221815e-04 -3.66937098e-03
-1.43049784e-02 -1.55228686e-04 -5.34204833e-03
-1.34551371e-02 -1.56162154e-04 -6.99692775e-03
-1.26125585e-02 -1.57022051e-04 -8.63337608e-03
-1.17775751e-02 -1.57808292e-04 -1.02507793e-02
-1.09505104e-02 -1.58520877e-04 -1.18485429e-02
-1.01316789e-02 -1.59159897e-04 -1.34260921e-02
-9.32138586e-03 -1.59725531e-04 -1.49828723e-02
-8.51992697e-03 -1.60218052e-04 -1.65183493e-02
-7.72758838e-03 -1.60637825e-04 -1.80320096e-02
-6.94464647e-03 -1.60985307e-04 -1.95233604e-02
-6.17136769e-03 -1.61261048e-04 -2.09919303e-02
-5.40800848e-03 -1.61465686e-04 -2.24372690e-02
-4.65481508e-03 -1.61599950e-04 -2.38589478e-02
-3.91202352e-03 -1.61664652e-04 -2.52565594e-02
-3.17985943e-03 -1.61660687e-04 -2.66297185e-02
-2.45853802e-03 -1.61589030e-04 -2.79780613e-02
-1.74826399e-03 -1.61450729e-04 -2.93012460e-02
-1.04923148e-03 -1.61246902e-04 -3.05989527e-02
-3.61624033e-04 -1.60978730e-04 -3.18708834e-02
3.14385443e-04 -1.60647458e-04 -3.31167618e-02
9.78634684e-04 -1.60254379e-04 -3.43363335e-02
1.63097207e-03 -1.59800840e-04 -3.55293660e-02
2.27125661e-03 -1.59288227e-04 -3.66956483e-02
2.89935793e-03 -1.58717964e-04 -3.78349908e-02
3.51515622e-03 -1.58091507e-04 -3.89472255e-02
4.11854218e-03 -1.57410337e-04 -4.00322053e-02
4.70941698e-03 -1.56675955e-04 -4.10898044e-02
5.28769214e-03 -1.55889878e-04 -4.21199176e-02
5.85328950e-03 -1.55053630e-04 -4.31224602e-02
6.40614107e-03 -1.54168742e-04 -4.40973678e-02
6.94618896e-03 -1.53236745e-04 -4.50445960e-02
7.47338521e-03 -1.52259164e-04 -4.59641201e-02
7.98769170e-03 -1.51237518e-04 -4.68559347e-02
8.48908001e-03 -1.50173311e-04 -4.77200533e-02
8.97753125e-03 -1.49068034e-04 -4.85565084e-02
9.45303590e-03 -1.47923157e-04 -4.93653506e-02
9.91559366e-03 -1.46740131e-04 -5.01466484e-02
1.03652133e-02 -1.45520379e-04 -5.09004878e-02
1.08019123e-02 -1.44265301e-04 -5.16269721e-02
1.12257171e-02 -1.42976266e-04 -5.23262211e-02
1.16366623e-02 -1.41654614e-04 -5.29983713e-02
1.20347910e-02 -1.40301655e-04 -5.36435746e-02
1.24201543e-02 -1.38918662e-04 -5.42619985e-02
1.27928112e-02 -1.37506879e-04 -5.48538257e-02
1.31528282e-02 -1.36067513e-04 -5.54192532e-02
1.35002795e-02 -1.34601737e-04 -5.59584922e-02
1.38352463e-02 -1.33110690e-04 -5.64717676e-02
1.41578170e-02 -1.31595476e-04 -5.69593173e-02
1.44680866e-02 -1.30057164e-04 -5.74213921e-02
1.47661568e-02 -1.28496790e-04 -5.78582552e-02
1.50521355e-02 -1.26915357e-04 -5.82701813e-02
1.53261369e-02 -1.25313837e-04 -5.86574567e-02
1.55882809e-02 -1.23693169e-04 -5.90203784e-02
1.58386931e-02 -1.22054264e-04 -5.93592542e-02
1.60775046e-02 -1.20398006e-04 -5.96744014e-02
1.63048517e-02 -1.18725253e-04 -5.99661473e-02
1.65208755e-02 -1.17036837e-04 -6.02348279e-02
1.67257221e-02 -1.15333572e-04 -6.04807882e-02
1.69195420e-02 -1.13616250e-04 -6.07043810e-02
1.71024899e-02 -1.11885646e-04 -6.09059671e-02
1.72747248e-02 -1.10142524e-04 -6.10859146e-02
1.74364094e-02 -1.08387633e-04 -6.12445983e-02
1.75877101e-02 -1.06621716e-04 -6.13823994e-02
1.77287967e-02 -1.04845508e-04 -6.14997053e-02
1.78598421e-02 -1.03059744e-04 -6.15969087e-02
1.79810225e-02 -1.01265157e-04 -6.16744074e-02
1.80925164e-02 -9.94624859e-05 -6.17326042e-02
1.81945053e-02 -9.76524727e-05 -6.17719057e-02
1.82871728e-02 -9.58358702e-05 -6.17927227e-02
1.83707047e-02 -9.40134424e-05 -6.17954691e-02
1.84452887e-02 -9.21859678e-05 -6.17805620e-02
1.85111142e-02 -9.03542413e-05 -6.17484209e-02
1.85683722e-02 -8.85190768e-05 -6.16994675e-02
1.86172550e-02 -8.66813091e-05 -6.16341253e-02
1.86579559e-02 -8.48417955e-05 -6.15528190e-02
1.86906692e-02 -8.30014174e-05 -6.14559742e-02
1.87155899e-02 -8.11610811e-05 -6.13440172e-02
1.87329135e-02 -7.93217190e-05 -6.12173742e-02
1.87428360e-02 -7.74842901e-05 -6.10764713e-02
1.87455533e-02 -7.56497798e-05 -6.09217337e-02
1.87412614e-02 -7.38191996e-05 -6.07535858e-02
1.87301560e-02 -7.19935872e-05 -6.05724506e-02
1.87124326e-02 -7.01740047e-05 -6.03787490e-02
1.86882858e-02 -6.83615378e-05 -6.01729001e-02
1.86579098e-02 -6.65572940e-05 -5.99553205e-02
1.86214976e-02 -6.47624006e-05 -5.97264237e-02
1.85792414e-02 -6.29780022e-05 -5.94866204e-02
1.85313319e-02 -6.12052583e-05 -5.92363176e-02
1.84779588e-02 -5.94453401e-05 -5.89759186e-02
1.84193099e-02 -5.76994275e-05 -5.87058227e-02
1.83555716e-02 -5.59687055e-05 -5.84264248e-02
1.82869283e-02 -5.42543603e-05 -5.81381153e-02
1.82135628e-02 -5.25575760e-05 -5.78412796e-02
1.81356557e-02 -5.08795297e-05 -5.75362982e-02
1.80533853e-02 -4.92213881e-05 -5.72235461e-02
1.79669280e-02 -4.75843027e-05 -5.69033930e-02
1.78764575e-02 -4.59694056e-05 -5.65762027e-02
1.77821453e-02 -4.43778051e-05 -5.62423334e-02
1.76841603e-02 -4.28105811e-05 -5.59021371e-02
1.75826688e-02 -4.12687810e-05 -5.55559595e-02
1.74778345e-02 -3.97534151e-05 -5.52041403e-02
1.73698182e-02 -3.82654525e-05 -5.48470127e-02
1.72587781e-02 -3.68058168e-05 -5.44849032e-02
1.71448693e-02 -3.53753820e-05 -5.41181321e-02
1.70282444e-02 -3.39749689e-05 -5.37470126e-02
1.69090526e-02 -3.26053414e-05 -5.33718515e-02
1.67874405e-02 -3.12672027e-05 -5.29929488e-02
1.66635515e-02 -2.99611926e-05 -5.26105977e-02
1.65375261e-02 -2.86878842e-05 -5.22250845e-02
1.64095017e-02 -2.74477813e-05 -5.18366887e-02
1.62796127e-02 -2.62413161e-05 -5.14456832e-02
1.61479904e-02 -2.50688473e-05 -5.10523338e-02
1.60147631e-02 -2.39306581e-05 -5.06568996e-02
1.58800559e-02 -2.28269550e-05 -5.02596331e-02
1.57439909e-02 -2.17578668e-05 -4.98607798e-02
1.56066873e-02 -2.07234441e-05 -4.94605785e-02
1.54682609e-02 -1.97236591e-05 -4.90592616e-02
1.53288248e-02 -1.87584055e-05 -4.86570546e-02
1.51884889e-02 -1.78274996e-05 -4.82541765e-02
1.50473600e-02 -1.69306808e-05 -4.78508397e-02
1.49055419e-02 -1.60676134e-05 -4.74472502e-02
1.47631357e-02 -1.52378883e-05 -4.70436075e-02
1.46202390e-02 -1.44410255e-05 -4.66401047e-02
1.44769469e-02 -1.36764763e-05 -4.62369287e-02
1.43333513e-02 -1.29436267e-05 -4.58342599e-02
1.41895412e-02 -1.22418012e-05 -4.54322727e-02
1.40456028e-02 -1.15702658e-05 -4.50311351e-02
1.39016192e-02 -1.09282331e-05 -4.46310094e-02
1.37576709e-02 -1.03148665e-05 -4.42320513e-02
1.36138352e-02 -9.72928498e-06 -4.38344109e-02
1.34701870e-02 -9.17056846e-06 -4.34382324e-02
1.33267980e-02 -8.63776328e-06 -4.30436538e-02
1.31837374e-02 -8.12988783e-06 -4.26508077e-02
1.30410716e-02 -7.64593849e-06 -4.22598206e-02
1.28988641e-02 -7.18489567e-06 -4.18708136e-02
1.27571759e-02 -6.74573000e-06 -4.14839021e-02
1.26160652e-02 -6.32740858e-06 -4.10991960e-02
1.24755878e-02 -5.92890131e-06 -4.07167997e-02
1.23357968e-02 -5.54918711e-06 -4.03368123e-02
1.21967425e-02 -5.18726016e-06 -3.99593274e-02
1.20584730e-02 -4.84213600e-06 -3.95844337e-02
1.19210338e-02 -4.51285744e-06 -3.92122146e-02
1.17844681e-02 -4.19850026e-06 -3.88427486e-02
1.16488165e-02 -3.89817868e-06 -3.84761090e-02
1.15141174e-02 -3.61105045e-06 -3.81123646e-02
1.13804069e-02 -3.33632165e-06 -3.77515793e-02
1.12477188e-02 -3.07325101e-06 -3.73938124e-02
1.11160849e-02 -2.82115384e-06 -3.70391187e-02
1.09855346e-02 -2.57940544e-06 -3.66875488e-02
1.08560955e-02 -2.34744396e-06 -3.63391487e-02
1.07277930e-02 -2.12477278e-06 -3.59939606e-02
1.06006507e-02 -1.91096226e-06 -3.56520224e-02
1.04746902e-02 -1.70565088e-06 -3.53133684e-02
1.03499313e-02 -1.50854577e-06 -3.49780290e-02
1.02263922e-02 -1.31942270e-06 -3.46460309e-02
1.01040892e-02 -1.13812529e-06 -3.43173975e-02
9.98303697e-03 -9.64563745e-07 -3.39921488e-02
9.86324882e-03 -7.98712886e-07 -3.36703015e-02
9.74473642e-03 -6.40609628e-07 -3.33518692e-02
9.62751001e-03 -4.90349874e-07 -3.30368629e-02
9.51157848e-03 -3.48084858e-07 -3.27252904e-02
9.39694942e-03 -2.14016992e-07 -3.24171569e-02
9.28362915e-03 -8.83952302e-08 -3.21124653e-02
9.17162283e-03 2.84899786e-08 -3.18112158e-02
9.06093448e-03 1.36312124e-07 -3.15134064e-02
8.95156703e-03 2.34714380e-07 -3.12190330e-02
8.84352241e-03 3.23315620e-07 -3.09280894e-02
8.73680159e-03 4.01716628e-07 -3.06405675e-02
8.63140462e-03 4.69506459e-07 -3.03564572e-02
8.52733066e-03 5.26268862e-07 -3.00757467e-02
8.42457809e-03 5.71588730e-07 -2.97984229e-02
8.32314447e-03 6.05058483e-07 -2.95244706e-02
8.22302665e-03 6.26284335e-07 -2.92538737e-02
8.12422076e-03 6.34892389e-07 -2.89866143e-02
8.02672229e-03 6.30534472e-07 -2.87226736e-02
7.93052607e-03 6.12893688e-07 -2.84620311e-02
7.83562635e-03 5.81689596e-07 -2.82046656e-02
7.74201681e-03 5.36683001e-07 -2.79505546e-02
7.64969058e-03 4.77680276e-07 -2.76996746e-02
7.55864027e-03 4.04537198e-07 -2.74520012e-02
7.46885800e-03 3.17162255e-07 -2.72075091e-02
7.38033543e-03 2.15519386e-07 -2.69661720e-02
7.29306374e-03 9.96301507e-08 -2.67279628e-02
7.20703371e-03 -3.04247176e-08 -2.64928538e-02
7.12223568e-03 -1.74504356e-07 -2.62608165e-02
7.03865961e-03 -3.32407442e-07 -2.60318216e-02
6.95629506e-03 -5.03872469e-07 -2.58058391e-02
6.87513125e-03 -6.88578635e-07 -2.55828387e-02
6.79515703e-03 -8.86147316e-07 -2.53627891e-02
6.71636092e-03 -1.09614411e-06 -2.51456588e-02
6.63873114e-03 -1.31808141e-06 -2.49314154e-02
6.56225557e-03 -1.55142154e-06 -2.47200264e-02
6.48692183e-03 -1.79558028e-06 -2.45114586e-02
6.41271727e-03 -2.04993089e-06 -2.43056785e-02
6.33962895e-03 -2.31380850e-06 -2.41026519e-02
6.26764371e-03 -2.58651484e-06 -2.39023447e-02
6.19674817e-03 -2.86732325e-06 -2.37047221e-02
6.12692872e-03 -3.15548393e-06 -2.35097492e-02
6.05817157e-03 -3.45022936e-06 -2.33173908e-02
5.99046276e-03 -3.75077988e-06 -2.31276113e-02
5.92378815e-03 -4.05634924e-06 -2.29403752e-02
5.85813349e-03 -4.36615030e-06 -2.27556466e-02
5.79348439e-03 -4.67940055e-06 -2.25733897e-02
5.72982636e-03 -4.99532758e-06 -2.23935683e-02
5.66714483e-03 -5.31317446e-06 -2.22161464e-02
5.60542518e-03 -5.63220479e-06 -2.20410881e-02
5.54465273e-03 -5.95170760e-06 -2.18683572e-02
5.48481276e-03 -6.27100193e-06 -2.16979178e-02
5.42589058e-03 -6.58944106e-06 -2.15297341e-02
5.36787150e-03 -6.90641639e-06 -2.13637703e-02
5.31074084e-03 -7.22136090e-06 -2.11999910e-02
5.25448399e-03 -7.53375221e-06 -2.10383607e-02
5.19908640e-03 -7.84311518e-06 -2.08788446e-02
5.14453362e-03 -8.14902401e-06 -2.07214078e-02
5.09081128e-03 -8.45110395e-06 -2.05660159e-02
5.03790513e-03 -8.74903241e-06 -2.04126348e-02
4.98580104e-03 -9.04253965e-06 -2.02612308e-02
4.93448506e-03 -9.33140901e-06 -2.01117706e-02
4.88394336e-03 -9.61547658e-06 -1.99642213e-02
4.83416229e-03 -9.89463047e-06 -1.98185507e-02
4.78512838e-03 -1.01688096e-05 -1.96747266e-02
4.73682835e-03 -1.04380021e-05 -1.95327178e-02
4.68924910e-03 -1.07022432e-05 -1.93924933e-02
4.64237777e-03 -1.09616128e-05 -1.92540228e-02
4.59620166e-03 -1.12162328e-05 -1.91172764e-02
4.55070833e-03 -1.14662640e-05 -1.89822249e-02
4.50588553e-03 -1.17119026e-05 -1.88488397e-02
4.46172123e-03 -1.19533767e-05 -1.87170926e-02
4.41820364e-03 -1.21909424e-05 -1.85869560e-02
4.37532117e-03 -1.24248799e-05 -1.84584030e-02
4.33306248e-03 -1.26554894e-05 -1.83314073e-02
4.29141641e-03 -1.28830867e-05 -1.82059430e-02
4.25037206e-03 -1.31079993e-05 -1.80819849e-02
4.20991872e-03 -1.33305618e-05 -1.79595084e-02
4.17004589e-03 -1.35511118e-05 -1.78384894e-02
4.13074328e-03 -1.37699861e-05 -1.77189043e-02
4.09200082e-03 -1.39875161e-05 -1.76007301e-02
4.05380859e-03 -1.42040244e-05 -1.74839445e-02
4.01615691e-03 -1.44198208e-05 -1.73685254e-02
3.97903625e-03 -1.46351991e-05 -1.72544515e-02
3.94243726e-03 -1.48504335e-05 -1.71417018e-02
3.90635077e-03 -1.50657758e-05 -1.70302559e-02
3.87076777e-03 -1.52814528e-05 -1.69200938e-02
3.83567940e-03 -1.54976636e-05 -1.68111960e-02
3.80107694e-03 -1.57145780e-05 -1.67035435e-02
3.76695183e-03 -1.59323340e-05 -1.65971175e-02
3.73329562e-03 -1.61510371e-05 -1.64919000e-02
3.70010000e-03 -1.63707588e-05 -1.63878729e-02
3.66735679e-03 -1.65915361e-05 -1.62850190e-02
3.63505791e-03 -1.68133710e-05 -1.61833210e-02
3.60319539e-03 -1.70362305e-05 -1.60827622e-02
3.57176136e-03 -1.72600467e-05 -1.59833263e-02
3.54074805e-03 -1.74847179e-05 -1.58849972e-02
3.51014778e-03 -1.77101091e-05 -1.57877591e-02
3.47995297e-03 -1.79360533e-05 -1.56915966e-02
3.45015611e-03 -1.81623532e-05 -1.55964945e-02
3.42074978e-03 -1.83887827e-05 -1.55024379e-02
3.39172662e-03 -1.86150891e-05 -1.54094123e-02
3.36307937e-03 -1.88409953e-05 -1.53174032e-02
3.33480083e-03 -1.90662022e-05 -1.52263966e-02
3.30688387e-03 -1.92903911e-05 -1.51363787e-02
3.27932144e-03 -1.95132265e-05 -1.50473358e-02
3.25210654e-03 -1.97343591e-05 -1.49592545e-02
3.22523226e-03 -1.99534284e-05 -1.48721217e-02
3.19869175e-03 -2.01700659e-05 -1.47859245e-02
3.17247823e-03 -2.03838976e-05 -1.47006501e-02
3.14658500e-03 -2.05945477e-05 -1.46162861e-02
3.12100542e-03 -2.08016408e-05 -1.45328201e-02
3.09573293e-03 -2.10048052e-05 -1.44502401e-02
3.07076104e-03 -2.12036757e-05 -1.43685341e-02
3.04608335e-03 -2.13978959e-05 -1.42876904e-02
3.02169352e-03 -2.15871213e-05 -1.42076976e-02
2.99758531e-03 -2.17710213e-05 -1.41285444e-02
2.97375257e-03 -2.19492818e-05 -1.40502197e-02
2.95018921e-03 -2.21216068e-05 -1.39727125e-02
2.92688925e-03 -2.22877208e-05 -1.38960122e-02
2.90384680e-03 -2.24473704e-05 -1.38201082e-02
2.88105606e-03 -2.26003253e-05 -1.37449902e-02
2.85851135e-03 -2.27463803e-05 -1.36706481e-02
2.83620705e-03 -2.28853556e-05 -1.35970719e-02
2.81413769e-03 -2.30170982e-05 -1.35242518e-02
2.79229786e-03 -2.31414820e-05 -1.34521785e-02
2.77068230e-03 -2.32584084e-05 -1.33808424e-02
2.74928582e-03 -2.33678064e-05 -1.33102344e-02
2.72810339e-03 -2.34696325e-05 -1.32403455e-02
2.70713004e-03 -2.35638702e-05 -1.31711670e-02
2.68636095e-03 -2.36505300e-05 -1.31026902e-02
2.66579141e-03 -2.37296479e-05 -1.30349068e-02
2.64541681e-03 -2.38012854e-05 -1.29678085e-02
2.62523267e-03 -2.38655279e-05 -1.29013874e-02
2.60523464e-03 -2.39224835e-05 -1.28356355e-02
2.58541845e-03 -2.39722822e-05 -1.27705452e-02
2.56577998e-03 -2.40150739e-05 -1.27061091e-02
2.54631520e-03 -2.40510272e-05 -1.26423199e-02
2.52702021e-03 -2.40803275e-05 -1.25791704e-02
2.50789122e-03 -2.41031757e-05 -1.25166537e-02
2.48892453e-03 -2.41197862e-05 -1.24547631e-02
2.47011657e-03 -2.41303853e-05 -1.23934919e-02
2.45146387e-03 -2.41352092e-05 -1.23328338e-02
2.43296305e-03 -2.41345025e-05 -1.22727824e-02
2.41461084e-03 -2.41285162e-05 -1.22133317e-02
2.39640406e-03 -2.41175063e-05 -1.21544757e-02
2.37833963e-03 -2.41017319e-05 -1.20962087e-02
2.36041454e-03 -2.40814536e-05 -1.20385249e-02
2.34262587e-03 -2.40569320e-05 -1.19814188e-02
2.32497080e-03 -2.40284263e-05 -1.19248851e-02
2.30744655e-03 -2.39961928e-05 -1.18689185e-02
2.29005044e-03 -2.39604839e-05 -1.18135139e-02
2.27277983e-03 -2.39215465e-05 -1.17586663e-02
2.25563217e-03 -2.38796215e-05 -1.17043709e-02
2.23860495e-03 -2.38349422e-05 -1.16506228e-02
2.22169571e-03 -2.37877343e-05 -1.15974173e-02
2.20490204e-03 -2.37382143e-05 -1.15447500e-02
2.18822158e-03 -2.36865897e-05 -1.14926164e-02
2.17165201e-03 -2.36330579e-05 -1.14410120e-02
2.15519104e-03 -2.35778063e-05 -1.13899326e-02
2.13883642e-03 -2.35210118e-05 -1.13393741e-02
2.12258591e-03 -2.34628407e-05 -1.12893322e-02
2.10643731e-03 -2.34034487e-05 -1.12398029e-02
2.09038846e-03 -2.33429809e-05 -1.11907824e-02
2.07443717e-03 -2.32815718e-05 -1.11422666e-02
2.05858131e-03 -2.32193458e-05 -1.10942516e-02
2.04281874e-03 -2.31564174e-05 -1.10467339e-02
2.02714736e-03 -2.30928912e-05 -1.09997095e-02
2.01156504e-03 -2.30288628e-05 -1.09531748e-02
1.99606969e-03 -2.29644188e-05 -1.09071263e-02
1.98065922e-03 -2.28996378e-05 -1.08615603e-02
1.96533154e-03 -2.28345903e-05 -1.08164734e-02
1.95008458e-03 -2.27693396e-05 -1.07718619e-02
1.93491627e-03 -2.27039424e-05 -1.07277226e-02
1.91982456e-03 -2.26384492e-05 -1.06840520e-02
1.90480738e-03 -2.25729049e-05 -1.06408467e-02
1.88986270e-03 -2.25073494e-05 -1.05981034e-02
1.87498848e-03 -2.24418181e-05 -1.05558189e-02
1.86018271e-03 -2.23763425e-05 -1.05139898e-02
1.84544338e-03 -2.23109507e-05 -1.04726130e-02
1.83076851e-03 -2.22456677e-05 -1.04316853e-02
1.81615611e-03 -2.21805164e-05 -1.03912035e-02
1.80160425e-03 -2.21155174e-05 -1.03511644e-02
1.78711099e-03 -2.20506899e-05 -1.03115650e-02
1.77267444e-03 -2.19860519e-05 -1.02724022e-02
1.75829273e-03 -2.19216205e-05 -1.02336728e-02
1.74396401e-03 -2.18574124e-05 -1.01953739e-02
1.72968650e-03 -2.17934443e-05 -1.01575024e-02
1.71545842e-03 -2.17297328e-05 -1.01200553e-02
1.70127805e-03 -2.16662951e-05 -1.00830296e-02
1.68714371e-03 -2.16031491e-05 -1.00464222e-02
1.67305379e-03 -2.15403133e-05 -1.00102303e-02
1.65900670e-03 -2.14778079e-05 -9.97445077e-03
1.64500092e-03 -2.14156538e-05 -9.93908066e-03
1.63103499e-03 -2.13538741e-05 -9.90411698e-03
1.61710751e-03 -2.12924933e-05 -9.86955671e-03
1.60321713e-03 -2.12315378e-05 -9.83539686e-03
1.58936260e-03 -2.11710365e-05 -9.80163438e-03
1.57554270e-03 -2.11110206e-05 -9.76826621e-03
1.56175631e-03 -2.10515238e-05 -9.73528929e-03
1.54800238e-03 -2.09925828e-05 -9.70270049e-03
1.53427993e-03 -2.09342374e-05 -9.67049666e-03
1.52058805e-03 -2.08765308e-05 -9.63867462e-03
1.50692595e-03 -2.08195099e-05 -9.60723112e-03
1.49329288e-03 -2.07632255e-05 -9.57616288e-03
1.47968820e-03 -2.07077327e-05 -9.54546653e-03
1.46611136e-03 -2.06530913e-05 -9.51513867e-03
1.45256187e-03 -2.05993661e-05 -9.48517580e-03
1.43903937e-03 -2.05466272e-05 -9.45557437e-03
1.42554356e-03 -2.04949502e-05 -9.42633073e-03
1.41207424e-03 -2.04444172e-05 -9.39744114e-03
1.39863132e-03 -2.03951164e-05 -9.36890179e-03
1.38521479e-03 -2.03471431e-05 -9.34070873e-03
1.37182472e-03 -2.03005997e-05 -9.31285795e-03
1.35846130e-03 -2.02555965e-05 -9.28534530e-03
1.34512482e-03 -2.02122515e-05 -9.25816652e-03
1.33181564e-03 -2.01706911e-05 -9.23131724e-03
1.31853423e-03 -2.01310505e-05 -9.20479296e-03
1.30528116e-03 -2.00934739e-05 -9.17858905e-03
1.29205711e-03 -2.00581145e-05 -9.15270075e-03
1.27886282e-03 -2.00251351e-05 -9.12712315e-03
1.26569917e-03 -1.99947081e-05 -9.10185121e-03
1.25256711e-03 -1.99670155e-05 -9.07687974e-03
1.23946769e-03 -1.99422492e-05 -9.05220342e-03
1.22640207e-03 -1.99206108e-05 -9.02781676e-03
1.21337151e-03 -1.99023117e-05 -9.00371412e-03
1.20037734e-03 -1.98875725e-05 -8.97988972e-03
1.18742101e-03 -1.98766233e-05 -8.95633760e-03
1.17450406e-03 -1.98697030e-05 -8.93305167e-03
1.16162813e-03 -1.98670592e-05 -8.91002566e-03
1.14879496e-03 -1.98689472e-05 -8.88725316e-03
1.13600636e-03 -1.98756299e-05 -8.86472758e-03
1.12326428e-03 -1.98873767e-05 -8.84244219e-03
1.11057071e-03 -1.99044629e-05 -8.82039010e-03
1.09792779e-03 -1.99271689e-05 -8.79856425e-03
1.08533770e-03 -1.99557787e-05 -8.77695742e-03
1.07280276e-03 -1.99905795e-05 -8.75556226e-03
1.06032535e-03 -2.00318599e-05 -8.73437125e-03
1.04790796e-03 -2.00799088e-05 -8.71337670e-03
1.03555315e-03 -2.01350142e-05 -8.69257081e-03
1.02326359e-03 -2.01974615e-05 -8.67194560e-03
1.01104203e-03 -2.02675322e-05 -8.65149295e-03
9.98891312e-04 -2.03455019e-05 -8.63120460e-03
9.86814354e-04 -2.04316389e-05 -8.61107217e-03
9.74814167e-04 -2.05262026e-05 -8.59108711e-03
9.62893844e-04 -2.06294413e-05 -8.57124075e-03
9.51056559e-04 -2.07415906e-05 -8.55152430e-03
9.39305567e-04 -2.08628716e-05 -8.53192883e-03
9.27644201e-04 -2.09934889e-05 -8.51244530e-03
9.16075873e-04 -2.11336288e-05 -8.49306453e-03
9.04604067e-04 -2.12834573e-05 -8.47377725e-03
8.93232341e-04 -2.14431182e-05 -8.45457406e-03
8.81964325e-04 -2.16127313e-05 -8.43544546e-03
8.70803717e-04 -2.17923906e-05 -8.41638184e-03
8.59754280e-04 -2.19821625e-05 -8.39737352e-03
8.48819842e-04 -2.21820839e-05 -8.37841069e-03
8.38004292e-04 -2.23921608e-05 -8.35948347e-03
8.27311579e-04 -2.26123665e-05 -8.34058189e-03
8.16745705e-04 -2.28426401e-05 -8.32169591e-03
8.06310727e-04 -2.30828851e-05 -8.30281540e-03
7.96010752e-04 -2.33329684e-05 -8.28393018e-03
7.85849935e-04 -2.35927185e-05 -8.26503000e-03
7.75832473e-04 -2.38619250e-05 -8.24610453e-03
7.65962606e-04 -2.41403374e-05 -8.22714342e-03
7.56244613e-04 -2.44276642e-05 -8.20813625e-03
7.46682803e-04 -2.47235727e-05 -8.18907258e-03
7.37281523e-04 -2.50276880e-05 -8.16994191e-03
7.28045142e-04 -2.53395927e-05 -8.15073373e-03
7.18978059e-04 -2.56588271e-05 -8.13143751e-03
7.10084690e-04 -2.59848889e-05 -8.11204268e-03
7.01369473e-04 -2.63172332e-05 -8.09253870e-03
6.92836859e-04 -2.66552731e-05 -8.07291498e-03
6.84491309e-04 -2.69983802e-05 -8.05316098e-03
6.76337294e-04 -2.73458846e-05 -8.03326615e-03
6.68379289e-04 -2.76970767e-05 -8.01321996e-03
6.60621771e-04 -2.80512071e-05 -7.99301191e-03
6.53069211e-04 -2.84074886e-05 -7.97263155e-03
6.45726079e-04 -2.87650969e-05 -7.95206846e-03
6.38596834e-04 -2.91231720e-05 -7.93131226e-03
6.31685921e-04 -2.94808201e-05 -7.91035267e-03
6.24997773e-04 -2.98371149e-05 -7.88917943e-03
6.18536801e-04 -3.01910996e-05 -7.86778241e-03
6.12307394e-04 -3.05417887e-05 -7.84615152e-03
6.06313916e-04 -3.08881700e-05 -7.82427679e-03
6.00560702e-04 -3.12292067e-05 -7.80214836e-03
5.95052056e-04 -3.15638396e-05 -7.77975647e-03
5.89792244e-04 -3.18909894e-05 -7.75709149e-03
5.84785497e-04 -3.22095589e-05 -7.73414393e-03
5.80036000e-04 -3.25184353e-05 -7.71090444e-03
5.75547896e-04 -3.28164929e-05 -7.68736381e-03
5.71325279e-04 -3.31025953e-05 -7.66351301e-03
5.67372193e-04 -3.33755978e-05 -7.63934317e-03
5.63692624e-04 -3.36343499e-05 -7.61484561e-03
5.60290504e-04 -3.38776979e-05 -7.59001183e-03
5.57169701e-04 -3.41044870e-05 -7.56483353e-03
5.54334021e-04 -3.43135641e-05 -7.53930264e-03
5.51787202e-04 -3.45037796e-05 -7.51341129e-03
5.49532910e-04 -3.46739903e-05 -7.48715184e-03
5.47574740e-04 -3.48230611e-05 -7.46051688e-03
5.45916207e-04 -3.49498673e-05 -7.43349928e-03
5.44560746e-04 -3.50532969e-05 -7.40609213e-03
5.43511710e-04 -3.51322524e-05 -7.37828880e-03
5.42772362e-04 -3.51856525e-05 -7.35008292e-03
5.42345878e-04 -3.52124343e-05 -7.32146841e-03
5.42235335e-04 -3.52115544e-05 -7.29243949e-03
5.42443718e-04 -3.51819909e-05 -7.26299065e-03
5.42973907e-04 -3.51227446e-05 -7.23311670e-03
5.43828679e-04 -3.50328405e-05 -7.20281277e-03
5.45010703e-04 -3.49113285e-05 -7.17207429e-03
5.46522537e-04 -3.47572848e-05 -7.14089703e-03
5.48366623e-04 -3.45698126e-05 -7.10927708e-03
5.50545284e-04 -3.43480431e-05 -7.07721087e-03
5.53060723e-04 -3.40911355e-05 -7.04469519e-03
5.55915014e-04 -3.37982781e-05 -7.01172716e-03
5.59110104e-04 -3.34686882e-05 -6.97830427e-03
5.62647805e-04 -3.31016127e-05 -6.94442435e-03
5.66529794e-04 -3.26963274e-05 -6.91008562e-03
5.70757607e-04 -3.22521379e-05 -6.87528667e-03
5.75332637e-04 -3.17683784e-05 -6.84002644e-03
5.80256129e-04 -3.12444120e-05 -6.80430426e-03
5.85529178e-04 -3.06796302e-05 -6.76811986e-03
5.91152724e-04 -3.00734520e-05 -6.73147333e-03
5.97127551e-04 -2.94253237e-05 -6.69436517e-03
6.03454282e-04 -2.87347174e-05 -6.65679626e-03
6.10133375e-04 -2.80011311e-05 -6.61876788e-03
6.17165124e-04 -2.72240871e-05 -6.58028170e-03
6.24549650e-04 -2.64031309e-05 -6.54133980e-03
6.32286904e-04 -2.55378306e-05 -6.50194465e-03
6.40376660e-04 -2.46277756e-05 -6.46209915e-03
6.48818516e-04 -2.36725750e-05 -6.42180657e-03
6.57611888e-04 -2.26718569e-05 -6.38107062e-03
6.66756009e-04 -2.16252668e-05 -6.33989539e-03
6.76249929e-04 -2.05324667e-05 -6.29828539e-03
6.86092510e-04 -1.93931330e-05 -6.25624556e-03
6.96282426e-04 -1.82069562e-05 -6.21378122e-03
7.06818161e-04 -1.69736388e-05 -6.17089812e-03
7.17698006e-04 -1.56928945e-05 -6.12760241e-03
7.28920062e-04 -1.43644465e-05 -6.08390067e-03
7.40482233e-04 -1.29880268e-05 -6.03979988e-03
7.52382230e-04 -1.15633745e-05 -5.99530742e-03
7.64617570e-04 -1.00902348e-05 -5.95043110e-03
7.77185573e-04 -8.56835823e-06 -5.90517913e-03
7.90083362e-04 -6.99749905e-06 -5.85956014e-03
8.03307866e-04 -5.37741469e-06 -5.81358317e-03
8.16855819e-04 -3.70786473e-06 -5.76725764e-03
8.30723759e-04 -1.98861007e-06 -5.72059342e-03
8.44908029e-04 -2.19412271e-07 -5.67360074e-03
8.59404781e-04 1.59996712e-06 -5.62629027e-03
8.74209972e-04 3.46976708e-06 -5.57867305e-03
8.89319371e-04 5.39022754e-06 -5.53076056e-03
9.04728556e-04 7.36158968e-06 -5.48256462e-03
9.20432919e-04 9.38409619e-06 -5.43409749e-03
9.36427664e-04 1.14579913e-05 -5.38537181e-03
9.52707814e-04 1.35835207e-05 -5.33640059e-03
9.69268212e-04 1.57609318e-05 -5.28719723e-03
9.86103520e-04 1.79904726e-05 -5.23777553e-03
1.00320823e-03 2.02723925e-05 -5.18814963e-03
1.02057665e-03 2.26069406e-05 -5.13833407e-03
1.03820293e-03 2.49943660e-05 -5.08834375e-03
1.05608105e-03 2.74349164e-05 -5.03819392e-03
1.07420483e-03 2.99288378e-05 -4.98790018e-03
1.09256793e-03 3.24763730e-05 -4.93747851e-03
1.11116384e-03 3.50777608e-05 -4.88694519e-03
1.12998593e-03 3.77332348e-05 -4.83631686e-03
1.14902739e-03 4.04430218e-05 -4.78561048e-03
1.16828128e-03 4.32073408e-05 -4.73484334e-03
1.18774053e-03 4.60264010e-05 -4.68403304e-03
1.20739793e-03 4.89004003e-05 -4.63319746e-03
1.22724612e-03 5.18295239e-05 -4.58235480e-03
1.24727764e-03 5.48139419e-05 -4.53152353e-03
1.26748490e-03 5.78538080e-05 -4.48072240e-03
1.28786019e-03 6.09492567e-05 -4.42997043e-03
1.30839568e-03 6.41004020e-05 -4.37928687e-03
1.32908344e-03 6.73073351e-05 -4.32869124e-03
1.34991546e-03 7.05701215e-05 -4.27820326e-03
1.37088359e-03 7.38887997e-05 -4.22784288e-03
1.39197960e-03 7.72633783e-05 -4.17763025e-03
1.41319520e-03 8.06938336e-05 -4.12758572e-03
1.43452199e-03 8.41801074e-05 -4.07772979e-03
1.45595148e-03 8.77221047e-05 -4.02808315e-03
1.47747513e-03 9.13196907e-05 -3.97866662e-03
1.49908433e-03 9.49726888e-05 -3.92950115e-03
