0.00000000e+00 0.00000000e+00 0.00000000e+00
0.00000000e+00 0.00000000e+00 0.00000000e+00
4.20721142e-26 -2.39290940e-26 -9.68001590e-26
5.29731656e-23 -3.26990002e-23 -1.24857523e-22
2.55587306e-21 -1.63913346e-21 -6.09571538e-21
4.47693153e-20 -2.94962449e-20 -1.07690113e-19
4.47213122e-19 -3.01080654e-19 -1.08327340e-18
3.08557640e-18 -2.11578780e-18 -7.51918766e-18
1.63025623e-17 -1.13601120e-17 -3.99403128e-17
7.02654906e-17 -4.96740687e-17 -1.72981605e-16
2.57680610e-16 -1.84567207e-16 -6.37188069e-16
8.28263639e-16 -6.00419768e-16 -2.05654549e-15
2.38499051e-15 -1.74819374e-15 -5.94452710e-15
6.25520736e-15 -4.63254564e-15 -1.56468261e-14
1.51373727e-14 -1.13189235e-14 -3.79921675e-14
3.41493577e-14 -2.57661397e-14 -8.59804748e-14
7.24194560e-14 -5.51058047e-14 -1.82881032e-13
1.45357694e-13 -1.11491302e-13 -3.68108718e-13
2.77713572e-13 -2.14617526e-13 -7.05169385e-13
5.07459256e-13 -3.94960920e-13 -1.29179453e-12
8.90429689e-13 -6.97702252e-13 -2.27210660e-12
1.50550302e-12 -1.18717047e-12 -3.85026758e-12
2.45992170e-12 -1.95148831e-12 -6.30457800e-12
3.89414849e-12 -3.10691806e-12 -1.00004411e-11
5.98544045e-12 -4.80121359e-12 -1.54000353e-11
8.94913123e-12 -7.21510289e-12 -2.30660059e-11
1.30364635e-11 -1.05608767e-11 -3.36560727e-11
1.85277377e-11 -1.50769706e-11 -4.79052172e-11
2.57195679e-11 -2.10174227e-11 -6.65921519e-11
3.49051762e-11 -2.86351955e-11 -9.04871276e-11
4.63469414e-11 -3.81585751e-11 -1.20278867e-10
6.02408359e-11 -4.97602240e-11 -1.56479522e-10
7.66729405e-11 -6.35189596e-11 -1.99308065e-10
9.55689085e-11 -7.93749413e-11 -2.48554328e-10
1.16638009e-10 -9.70796677e-11 -3.03428044e-10
1.39314203e-10 -1.16142959e-10 -3.62399458e-10
1.62697513e-10 -1.35779897e-10 -4.23040396e-10
1.85499721e-10 -1.54861470e-10 -4.81876797e-10
2.05999071e-10 -1.71873329e-10 -5.34265624e-10
2.22009122e-10 -1.84887618e-10 -5.74310432e-10
2.30867165e-10 -1.91553151e-10 -5.94830724e-10
2.29447574e-10 -1.89109306e-10 -5.87400235e-10
2.14205121e-10 -1.74428757e-10 -5.42468486e-10
1.81252642e-10 -1.44093658e-10 -4.49578234e-10
1.26476391e-10 -9.45089759e-11 -2.97688708e-10
4.56911056e-11 -2.20554777e-11 -7.56108938e-11
-6.51648449e-11 7.67167043e-11 2.27443380e-10
-2.09795755e-10 2.04854794e-10 6.21202091e-10
-3.91279932e-10 3.64733329e-10 1.11357278e-09
-6.11771915e-10 5.57752501e-10 1.70979706e-09
-8.72183618e-10 7.84012334e-10 2.41154185e-09
-1.17185460e-09 1.04197241e-09 3.21595557e-09
-1.50822366e-09 1.32810904e-09 4.11472348e-09
-1.87651575e-09 1.63658365e-09 5.09316122e-09
-2.26945941e-09 1.95893795e-09 6.12939004e-09
-2.67705102e-09 2.28383226e-09 7.19364012e-09
-3.08638251e-09 2.59684471e-09 8.24772967e-09
-3.48154890e-09 2.88034835e-09 9.24476758e-09
-3.84365129e-09 3.11348356e-09 1.01291254e-08
-4.15090958e-09 3.27224117e-09 1.08367208e-08
-4.37889696e-09 3.32967050e-09 1.12956486e-08
-4.50090555e-09 3.25622373e-09 1.14271893e-08
-4.48844941e-09 3.02024477e-09 1.11472141e-08
-4.31190720e-09 2.58860734e-09 1.03679963e-08
-3.94130278e-09 1.92750255e-09 9.00042696e-09
-3.34721746e-09 1.00337171e-09 6.95661902e-09
-2.50182283e-09 -2.16024807e-10 4.15287149e-09
-1.38001872e-09 -1.76041695e-09 5.12950794e-10
3.93443508e-11 -3.65573196e-09 -4.02836675e-09
1.77218275e-09 -5.92272330e-09 -9.52156085e-09
3.82786639e-09 -8.57555053e-09 -1.59985235e-08
6.20790684e-09 -1.16203433e-08 -2.34686979e-08
8.90468248e-09 -1.50537870e-08 -3.19153034e-08
1.19002383e-08 -1.88617687e-08 -4.12917539e-08
1.51651998e-08 -2.30181276e-08 -5.15183862e-08
1.86578403e-08 -2.74835516e-08 -6.24796146e-08
2.23233420e-08 -3.22046643e-08 -7.40216279e-08
2.60932874e-08 -3.71133457e-08 -8.59507433e-08
2.98854183e-08 -4.21263278e-08 -9.80325245e-08
3.36036932e-08 -4.71451015e-08 -1.09991762e-07
3.71386728e-08 -5.20561719e-08 -1.21513403e-07
4.03682545e-08 -5.67316876e-08 -1.32244505e-07
4.31587745e-08 -6.10304696e-08 -1.41797261e-07
4.53664862e-08 -6.47994540e-08 -1.49753146e-07
4.68394192e-08 -6.78755588e-08 -1.55668182e-07
4.74196123e-08 -7.00879722e-08 -1.59079332e-07
4.69457091e-08 -7.12608563e-08 -1.59511979e-07
4.52558943e-08 -7.12164466e-08 -1.56488436e-07
4.21911406e-08 -6.97785218e-08 -1.49537416e-07
3.75987305e-08 -6.67762059e-08 -1.38204344e-07
3.13360066e-08 -6.20480595e-08 -1.22062397e-07
2.32742979e-08 -5.54464050e-08 -1.00724112e-07
1.33029637e-08 -4.68418249e-08 -7.38533929e-08
1.33349090e-09 -3.61277648e-08 -4.11777390e-08
-1.26964263e-08 -2.32251644e-08 -2.50047446e-09
-2.88188971e-08 -8.08703855e-09 4.22872244e-08
-4.70320106e-08 9.29707843e-09 9.31947375e-08
-6.72962582e-08 2.88969104e-08 1.50121074e-07
-8.95312768e-08 5.06375286e-08 2.12844846e-07
-1.13612993e-07 7.43958410e-08 2.81015373e-07
-1.39371241e-07 9.99975675e-08 3.54145150e-07
-1.66587926e-07 1.27214787e-07 4.31603889e-07
-1.94995803e-07 1.55764134e-07 5.12614350e-07
-2.24277921e-07 1.85305720e-07 5.96250134e-07
-2.54067800e-07 2.15442843e-07 6.81435627e-07
-2.83950375e-07 2.45722550e-07 7.66948215e-07
-3.13463747e-07 2.75637091e-07 8.51422902e-07
-3.42101767e-07 3.04626308e-07 9.33359424e-07
-3.69317463e-07 3.32080984e-07 1.01113189e-06
-3.94527324e-07 3.57347164e-07 1.08300101e-06
-4.17116417e-07 3.79731446e-07 1.14712884e-06
-4.36444338e-07 3.98507235e-07 1.20159609e-06
-4.51851945e-07 4.12921920e-07 1.24442179e-06
-4.62668837e-07 4.22204947e-07 1.27358530e-06
-4.68221532e-07 4.25576727e-07 1.28705044e-06
-4.67842258e-07 4.22258305e-07 1.28279155e-06
-4.60878304e-07 4.11481714e-07 1.25882136e-06
-4.46701813e-07 3.92500931e-07 1.21322021e-06
-4.24719953e-07 3.64603303e-07 1.14416656e-06
-3.94385333e-07 3.27121356e-07 1.04996830e-06
-3.55206575e-07 2.79444853e-07 9.29094637e-07
-3.06758901e-07 2.21032956e-07 7.80208172e-07
-2.48694633e-07 1.51426376e-07 6.02196766e-07
-1.80753470e-07 7.02593500e-08 3.94204865e-07
-1.02772412e-07 -2.27286924e-08 1.55663863e-07
-1.46952077e-08 -1.27681926e-07 -1.13678872e-07
8.34188045e-08 -2.44617536e-07 -4.13732715e-07
1.91386584e-07 -3.73415887e-07 -7.44038611e-07
3.08894133e-07 -5.13811583e-07 -1.10374640e-06
4.35490203e-07 -6.65385579e-07 -1.49159501e-06
5.70581093e-07 -8.27558459e-07 -1.90589579e-06
7.13426613e-07 -9.99585009e-07 -2.34451948e-06
8.63137335e-07 -1.18055021e-06 -2.80488681e-06
1.01867319e-06 -1.36936671e-06 -3.28396337e-06
1.17884352e-06 -1.56477400e-06 -3.77825862e-06
1.34230857e-06 -1.76533909e-06 -4.28382950e-06
1.50758256e-06 -1.96945917e-06 -4.79628866e-06
1.67303833e-06 -2.17536584e-06 -5.31081744e-06
1.83691355e-06 -2.38113131e-06 -5.82218371e-06
1.99731851e-06 -2.58467639e-06 -6.32476460e-06
2.15224558e-06 -2.78378034e-06 -6.81257405e-06
2.29958013e-06 -2.97609249e-06 -7.27929521e-06
2.43711301e-06 -3.15914574e-06 -7.71831741e-06
2.56255459e-06 -3.33037168e-06 -8.12277783e-06
2.67355004e-06 -3.48711745e-06 -8.48560738e-06
2.76769609e-06 -3.62666417e-06 -8.79958071e-06
2.84255892e-06 -3.74624681e-06 -9.05737013e-06
2.89569322e-06 -3.84307541e-06 -9.25160288e-06
2.92466226e-06 -3.91435759e-06 -9.37492172e-06
2.92705879e-06 -3.95732206e-06 -9.42004810e-06
2.90052676e-06 -3.96924312e-06 -9.37984781e-06
2.84278354e-06 -3.94746585e-06 -9.24739847e-06
2.75164266e-06 -3.88943193e-06 -9.01605839e-06
2.62503676e-06 -3.79270581e-06 -8.67953636e-06
2.46104068e-06 -3.65500116e-06 -8.23196195e-06
2.25789451e-06 -3.47420719e-06 -7.66795550e-06
2.01402633e-06 -3.24841490e-06 -6.98269765e-06
1.72807466e-06 -2.97594286e-06 -6.17199751e-06
1.39891020e-06 -2.65536241e-06 -5.23235925e-06
1.02565688e-06 -2.28552206e-06 -4.16104631e-06
6.07712033e-07 -1.86557086e-06 -2.95614286e-06
1.44765357e-07 -1.39498058e-06 -1.61661198e-06
-3.63183265e-07 -8.73566553e-07 -1.42349956e-07
-9.15807404e-07 -3.01506888e-07 1.46576360e-06
-1.51243926e-06 3.20640042e-07 3.20582049e-06
-2.15205653e-06 9.91919997e-07 5.07484374e-06
-2.83327108e-06 1.71096933e-06 7.06875306e-06
-3.55431958e-06 2.47600364e-06 9.18233622e-06
-4.31305613e-06 3.28480876e-06 1.14092266e-05
-5.10694707e-06 4.13473412e-06 1.37418876e-05
-5.93306797e-06 5.02268872e-06 1.61716033e-05
-6.78810294e-06 5.94513962e-06 1.86884768e-05
-7.66834618e-06 6.89811316e-06 2.12814353e-05
-8.56970605e-06 7.87719888e-06 2.39382428e-05
-9.48771141e-06 8.87755620e-06 2.66455197e-05
-1.04175205e-05 9.89392380e-06 2.93887706e-05
-1.13539319e-05 1.09206318e-05 3.21524185e-05
-1.22913986e-05 1.19516169e-05 3.49198476e-05
-1.32240434e-05 1.29804394e-05 3.76734519e-05
-1.41456776e-05 1.40003042e-05 4.03946923e-05
-1.50498211e-05 1.50040832e-05 4.30641594e-05
-1.59297257e-05 1.59843406e-05 4.56616438e-05
-1.67783991e-05 1.69333605e-05 4.81662123e-05
-1.75886322e-05 1.78431772e-05 5.05562905e-05
-1.83530273e-05 1.87056071e-05 5.28097507e-05
-1.90640291e-05 1.95122825e-05 5.49040055e-05
-1.97139559e-05 2.02546879e-05 5.68161061e-05
-2.02950337e-05 2.09241972e-05 5.85228450e-05
-2.07994308e-05 2.15121132e-05 6.00008632e-05
-2.12192936e-05 2.20097074e-05 6.12267599e-05
-2.15467841e-05 2.24082620e-05 6.21772061e-05
-2.17741169e-05 2.26991120e-05 6.28290602e-05
-2.18935988e-05 2.28736884e-05 6.31594854e-05
-2.18976667e-05 2.29235619e-05 6.31460688e-05
-2.17789280e-05 2.28404869e-05 6.27669411e-05
-2.15301990e-05 2.26164452e-05 6.20008959e-05
-2.11445452e-05 2.22436905e-05 6.08275100e-05
-2.06153202e-05 2.17147915e-05 5.92272610e-05
-1.99362041e-05 2.10226752e-05 5.71816453e-05
-1.91012425e-05 2.01606693e-05 5.46732923e-05
-1.81048834e-05 1.91225438e-05 5.16860771e-05
-1.69420139e-05 1.79025510e-05 4.82052301e-05
-1.56079961e-05 1.64954646e-05 4.42174423e-05
-1.40987006e-05 1.48966178e-05 3.97109671e-05
-1.24105405e-05 1.31019385e-05 3.46757173e-05
-1.05405017e-05 1.11079838e-05 2.91033576e-05
-8.48617336e-06 8.91197255e-06 2.29873910e-05
-6.24577582e-06 6.51181478e-06 1.63232397e-05
-3.81818649e-06 3.90614020e-06 9.10832055e-06
-1.20296418e-06 1.09432356e-06 1.34211296e-06
1.59962889e-06 -1.92349206e-06 -6.97377880e-06
4.58860716e-06 -5.14637455e-06 -1.58355709e-05
7.76224402e-06 -8.57258466e-06 -2.52372520e-05
1.11180564e-05 -1.21995605e-05 -3.51705428e-05
1.46527917e-05 -1.60239045e-05 -4.56248629e-05
1.83624171e-05 -2.00413739e-05 -5.65873052e-05
2.22421110e-05 -2.42468725e-05 -6.80426178e-05
2.62862575e-05 -2.86344467e-05 -7.99731933e-05
3.04884425e-05 -3.31972833e-05 -9.23590664e-05
3.48414527e-05 -3.79277104e-05 -1.05177918e-04
3.93372768e-05 -4.28172007e-05 -1.18405086e-04
4.39671091e-05 -4.78563776e-05 -1.32013588e-04
4.87213553e-05 -5.30350242e-05 -1.45974144e-04
5.35896406e-05 -5.83420938e-05 -1.60255211e-04
5.85608200e-05 -6.37657242e-05 -1.74823022e-04
6.36229906e-05 -6.92932528e-05 -1.89641634e-04
6.87635061e-05 -7.49112354e-05 -2.04672981e-04
7.39689929e-05 -8.06054660e-05 -2.19876927e-04
7.92253683e-05 -8.63609991e-05 -2.35211336e-04
8.45178607e-05 -9.21621738e-05 -2.50632139e-04
8.98310304e-05 -9.79926395e-05 -2.66093406e-04
9.51487932e-05 -1.03835383e-04 -2.81547424e-04
1.00454444e-04 -1.09672759e-04 -2.96944782e-04
1.05730684e-04 -1.15486516e-04 -3.12234454e-04
1.10959645e-04 -1.21257833e-04 -3.27363886e-04
1.16122918e-04 -1.26967347e-04 -3.42279091e-04
1.21201583e-04 -1.32595190e-04 -3.56924739e-04
1.26176236e-04 -1.38121019e-04 -3.71244255e-04
1.31027020e-04 -1.43524051e-04 -3.85179913e-04
1.35733655e-04 -1.48783100e-04 -3.98672933e-04
1.40275468e-04 -1.53876608e-04 -4.11663581e-04
1.44631423e-04 -1.58782683e-04 -4.24091263e-04
1.48780154e-04 -1.63479130e-04 -4.35894625e-04
1.52699989e-04 -1.67943486e-04 -4.47011644e-04
1.56368988e-04 -1.72153057e-04 -4.57379729e-04
1.59764968e-04 -1.76084946e-04 -4.66935808e-04
1.62865531e-04 -1.79716088e-04 -4.75616420e-04
1.65648096e-04 -1.83023280e-04 -4.83357803e-04
1.68089921e-04 -1.85983213e-04 -4.90095977e-04
1.70168136e-04 -1.88572499e-04 -4.95766828e-04
1.71859764e-04 -1.90767700e-04 -5.00306182e-04
1.73141745e-04 -1.92545354e-04 -5.03649879e-04
1.73990961e-04 -1.93881999e-04 -5.05733845e-04
1.74384258e-04 -1.94754200e-04 -5.06494152e-04
1.74298464e-04 -1.95138563e-04 -5.05867081e-04
1.73710411e-04 -1.95011762e-04 -5.03789174e-04
1.72596946e-04 -1.94350555e-04 -5.00197287e-04
1.70934955e-04 -1.93131798e-04 -4.95028629e-04
1.68701368e-04 -1.91332460e-04 -4.88220802e-04
1.65873180e-04 -1.88929636e-04 -4.79711836e-04
1.62427453e-04 -1.85900555e-04 -4.69440212e-04
1.58341329e-04 -1.82222591e-04 -4.57344885e-04
1.53592037e-04 -1.77873266e-04 -4.43365299e-04
1.48156893e-04 -1.72830254e-04 -4.27441394e-04
1.42013311e-04 -1.67071385e-04 -4.09513614e-04
1.35138795e-04 -1.60574642e-04 -3.89522897e-04
1.27510945e-04 -1.53318158e-04 -3.67410673e-04
1.19107450e-04 -1.45280215e-04 -3.43118848e-04
1.09906089e-04 -1.36439234e-04 -3.16589783e-04
9.98847158e-05 -1.26773768e-04 -2.87766268e-04
8.90212609e-05 -1.16262491e-04 -2.56591495e-04
7.72937155e-05 -1.04884186e-04 -2.23009021e-04
6.46801225e-05 -9.26177316e-05 -1.86962725e-04
5.11585632e-05 -7.94420857e-05 -1.48396766e-04
3.67071436e-05 -6.53362675e-05 -1.07255533e-04
2.13039779e-05 -5.02793392e-05 -6.34835900e-05
4.92717182e-06 -3.42503861e-05 -1.70256178e-05
-1.24451957e-05 -1.72284943e-05 3.21736452e-05
-3.08350920e-05 8.07272302e-07 8.41694691e-05
-5.02645516e-05 1.98778955e-05 1.39017200e-04
-7.07556971e-05 4.00044284e-05 1.96772330e-04
-9.23307622e-05 6.12080211e-05 2.57490570e-04
-1.15012115e-04 8.35099477e-05 3.21227925e-04
-1.38822280e-04 1.06931634e-04 3.88040769e-04
-1.63783967e-04 1.31494684e-04 4.57985926e-04
-1.89920089e-04 1.57220910e-04 5.31120745e-04
-2.17253794e-04 1.84132363e-04 6.07503179e-04
-2.45808487e-04 2.12251355e-04 6.87191867e-04
-2.75607856e-04 2.41600496e-04 7.70246214e-04
-3.06675897e-04 2.72202718e-04 8.56726465e-04
-3.39036939e-04 3.04081303e-04 9.46693786e-04
-3.72715670e-04 3.37259914e-04 1.04021034e-03
-4.07737162e-04 3.71762623e-04 1.13733937e-03
-4.44126893e-04 4.07613934e-04 1.23814524e-03
-4.81910771e-04 4.44838813e-04 1.34269357e-03
-5.21115157e-04 4.83462714e-04 1.45105121e-03
-5.61766888e-04 5.23511599e-04 1.56328641e-03
-6.03893296e-04 5.65011967e-04 1.67946880e-03
-6.47522227e-04 6.07990872e-04 1.79966948e-03
-6.92682062e-04 6.52475946e-04 1.92396108e-03
-7.39401733e-04 6.98495417e-04 2.05241779e-03
-7.87710737e-04 7.46078129e-04 2.18511542e-03
-8.37639153e-04 7.95253555e-04 2.32213144e-03
-8.89217654e-04 8.46051814e-04 2.46354502e-03
-9.42477516e-04 8.98503683e-04 2.60943701e-03
-9.97450629e-04 9.52640607e-04 2.75989006e-03
-1.05416951e-03 1.00849471e-03 2.91498855e-03
-1.11266729e-03 1.06609879e-03 3.07481864e-03
-1.17297773e-03 1.12548634e-03 3.23946826e-03
-1.23513525e-03 1.18669156e-03 3.40902715e-03
-1.29917487e-03 1.24974930e-03 3.58358681e-03
-1.36513224e-03 1.31469512e-03 3.76324048e-03
-1.43304364e-03 1.38156528e-03 3.94808318e-03
-1.50294597e-03 1.45039668e-03 4.13821162e-03
-1.57487673e-03 1.52122690e-03 4.33372418e-03
-1.64887400e-03 1.59409417e-03 4.53472090e-03
-1.72497645e-03 1.66903736e-03 4.74130340e-03
-1.80322331e-03 1.74609596e-03 4.95357484e-03
-1.88365436e-03 1.82531004e-03 5.17163983e-03
-1.96630987e-03 1.90672028e-03 5.39560441e-03
-2.05123062e-03 1.99036787e-03 5.62557593e-03
-2.13845788e-03 2.07629455e-03 5.86166298e-03
-2.22803332e-03 2.16454254e-03 6.10397530e-03
-2.31999903e-03 2.25515452e-03 6.35262367e-03
-2.41439748e-03 2.34817359e-03 6.60771983e-03
-2.51127146e-03 2.44364321e-03 6.86937634e-03
-2.61066406e-03 2.54160722e-03 7.13770647e-03
-2.71261863e-03 2.64210974e-03 7.41282409e-03
-2.81717871e-03 2.74519512e-03 7.69484350e-03
-2.92438801e-03 2.85090793e-03 7.98387932e-03
-3.03429037e-03 2.95929289e-03 8.28004634e-03
-3.14692966e-03 3.07039482e-03 8.58345936e-03
-3.26234978e-03 3.18425857e-03 8.89423304e-03
-3.38059457e-03 3.30092897e-03 9.21248173e-03
-3.50170777e-03 3.42045078e-03 9.53831930e-03
-3.62573296e-03 3.54286861e-03 9.87185895e-03
-3.75271348e-03 3.66822688e-03 1.02132131e-02
-3.88269239e-03 3.79656972e-03 1.05624931e-02
-4.01571239e-03 3.92794092e-03 1.09198090e-02
-4.15181576e-03 4.06238388e-03 1.12852697e-02
-4.29104428e-03 4.19994149e-03 1.16589823e-02
-4.43343917e-03 4.34065611e-03 1.20410521e-02
-4.57904101e-03 4.48456943e-03 1.24315824e-02
-4.72788969e-03 4.63172248e-03 1.28306743e-02
-4.88002430e-03 4.78215547e-03 1.32384266e-02
-5.03548308e-03 4.93590776e-03 1.36549351e-02
-5.19430332e-03 5.09301775e-03 1.40802931e-02
-5.35652130e-03 5.25352283e-03 1.45145906e-02
-5.52217223e-03 5.41745928e-03 1.49579142e-02
-5.69129011e-03 5.58486217e-03 1.54103472e-02
-5.86390772e-03 5.75576531e-03 1.58719690e-02
-6.04005647e-03 5.93020116e-03 1.63428550e-02
-6.21976639e-03 6.10820071e-03 1.68230763e-02
-6.40306599e-03 6.28979345e-03 1.73126997e-02
-6.58998219e-03 6.47500724e-03 1.78117873e-02
-6.78054028e-03 6.66386825e-03 1.83203961e-02
-6.97476377e-03 6.85640084e-03 1.88385782e-02
-7.17267437e-03 7.05262754e-03 1.93663803e-02
-7.37429185e-03 7.25256891e-03 1.99038432e-02
-7.57963402e-03 7.45624347e-03 2.04510024e-02
-7.78871659e-03 7.66366762e-03 2.10078870e-02
-8.00155315e-03 7.87485556e-03 2.15745199e-02
-8.21815501e-03 8.08981920e-03 2.21509175e-02
-8.43853121e-03 8.30856808e-03 2.27370898e-02
-8.66268837e-03 8.53110932e-03 2.33330394e-02
-8.89063066e-03 8.75744747e-03 2.39387623e-02
-9.12235971e-03 8.98758451e-03 2.45542469e-02
-9.35787451e-03 9.22151974e-03 2.51794741e-02
-9.59717137e-03 9.45924969e-03 2.58144172e-02
-9.84024385e-03 9.70076806e-03 2.64590417e-02
-1.00870827e-02 9.94606568e-03 2.71133047e-02
-1.03376756e-02 1.01951304e-02 2.77771553e-02
-1.05920075e-02 1.04479470e-02 2.84505343e-02
-1.08500602e-02 1.07044972e-02 2.91333735e-02
-1.11118125e-02 1.09647596e-02 2.98255963e-02
-1.13772398e-02 1.12287095e-02 3.05271172e-02
-1.16463146e-02 1.14963190e-02 3.12378413e-02
-1.19190059e-02 1.17675567e-02 3.19576650e-02
-1.21952795e-02 1.20423881e-02 3.26864751e-02
-1.24750978e-02 1.23207749e-02 3.34241489e-02
-1.27584198e-02 1.26026756e-02 3.41705543e-02
-1.30452010e-02 1.28880452e-02 3.49255496e-02
-1.33353934e-02 1.31768349e-02 3.56889832e-02
-1.36289456e-02 1.34689924e-02 3.64606938e-02
-1.39258025e-02 1.37644618e-02 3.72405100e-02
-1.42259053e-02 1.40631836e-02 3.80282505e-02
-1.45291917e-02 1.43650944e-02 3.88237241e-02
-1.48355958e-02 1.46701272e-02 3.96267294e-02
-1.51450480e-02 1.49782114e-02 4.04370547e-02
-1.54574747e-02 1.52892724e-02 4.12544785e-02
-1.57727991e-02 1.56032319e-02 4.20787688e-02
-1.60909402e-02 1.59200080e-02 4.29096836e-02
-1.64118137e-02 1.62395148e-02 4.37469706e-02
-1.67353312e-02 1.65616628e-02 4.45903675e-02
-1.70614007e-02 1.68863585e-02 4.54396017e-02
-1.73899267e-02 1.72135049e-02 4.62943907e-02
-1.77208096e-02 1.75430011e-02 4.71544416e-02
-1.80539464e-02 1.78747424e-02 4.80194520e-02
-1.83892303e-02 1.82086205e-02 4.88891092e-02
-1.87265508e-02 1.85445234e-02 4.97630908e-02
-1.90657938e-02 1.88823354e-02 5.06410646e-02
-1.94068418e-02 1.92219372e-02 5.15226890e-02
-1.97495733e-02 1.95632058e-02 5.24076126e-02
-2.00938636e-02 1.99060148e-02 5.32954747e-02
-2.04395844e-02 2.02502343e-02 5.41859056e-02
-2.07866040e-02 2.05957307e-02 5.50785263e-02
-2.11347873e-02 2.09423674e-02 5.59729489e-02
-2.14839959e-02 2.12900040e-02 5.68687769e-02
-2.18340880e-02 2.16384972e-02 5.77656050e-02
-2.21849187e-02 2.19877004e-02 5.86630200e-02
-2.25363400e-02 2.23374638e-02 5.95606002e-02
-2.28882006e-02 2.26876346e-02 6.04579161e-02
-2.32403465e-02 2.30380569e-02 6.13545306e-02
-2.35926207e-02 2.33885720e-02 6.22499993e-02
-2.39448633e-02 2.37390186e-02 6.31438704e-02
-2.42969116e-02 2.40892323e-02 6.40356855e-02
-2.46486006e-02 2.44390464e-02 6.49249795e-02
-2.49997623e-02 2.47882916e-02 6.58112808e-02
-2.53502265e-02 2.51367961e-02 6.66941121e-02
-2.56998208e-02 2.54843859e-02 6.75729904e-02
-2.60483703e-02 2.58308849e-02 6.84474271e-02
-2.63956982e-02 2.61761148e-02 6.93169289e-02
-2.67416255e-02 2.65198954e-02 7.01809975e-02
-2.70859714e-02 2.68620447e-02 7.10391306e-02
-2.74285535e-02 2.72023791e-02 7.18908217e-02
-2.77691876e-02 2.75407132e-02 7.27355609e-02
-2.81076880e-02 2.78768603e-02 7.35728348e-02
-2.84438678e-02 2.82106325e-02 7.44021274e-02
-2.87775386e-02 2.85418408e-02 7.52229203e-02
-2.91085111e-02 2.88702948e-02 7.60346930e-02
-2.94365951e-02 2.91958037e-02 7.68369233e-02
-2.97615994e-02 2.95181758e-02 7.76290879e-02
-3.00833324e-02 2.98372188e-02 7.84106626e-02
-3.04016017e-02 3.01527400e-02 7.91811231e-02
-3.07162148e-02 3.04645465e-02 7.99399449e-02
-3.10269788e-02 3.07724453e-02 8.06866042e-02
-3.13337009e-02 3.10762433e-02 8.14205779e-02
-3.16361884e-02 3.13757479e-02 8.21413447e-02
-3.19342487e-02 3.16707668e-02 8.28483847e-02
-3.22276899e-02 3.19611080e-02 8.35411808e-02
-3.25163204e-02 3.22465804e-02 8.42192181e-02
-3.27999495e-02 3.25269939e-02 8.48819855e-02
-3.30783876e-02 3.28021592e-02 8.55289751e-02
-3.33514459e-02 3.30718884e-02 8.61596833e-02
-3.36189368e-02 3.33359948e-02 8.67736113e-02
-3.38806745e-02 3.35942934e-02 8.73702650e-02
-3.41364744e-02 3.38466008e-02 8.79491561e-02
-3.43861539e-02 3.40927355e-02 8.85098020e-02
-3.46295321e-02 3.43325180e-02 8.90517269e-02
-3.48664303e-02 3.45657712e-02 8.95744617e-02
-3.50966720e-02 3.47923202e-02 9.00775444e-02
-3.53200832e-02 3.50119926e-02 9.05605212e-02
-3.55364923e-02 3.52246188e-02 9.10229463e-02
-3.57457306e-02 3.54300321e-02 9.14643827e-02
-3.59476321e-02 3.56280688e-02 9.18844024e-02
-3.61420342e-02 3.58185682e-02 9.22825871e-02
-3.63287770e-02 3.60013733e-02 9.26585283e-02
-3.65077045e-02 3.61763303e-02 9.30118280e-02
-3.66786638e-02 3.63432892e-02 9.33420990e-02
-3.68415059e-02 3.65021037e-02 9.36489654e-02
-3.69960856e-02 3.66526316e-02 9.39320627e-02
-3.71422616e-02 3.67947346e-02 9.41910387e-02
-3.72798967e-02 3.69282788e-02 9.44255533e-02
-3.74088581e-02 3.70531347e-02 9.46352794e-02
-3.75290172e-02 3.71691772e-02 9.48199028e-02
-3.76402501e-02 3.72762859e-02 9.49791230e-02
-3.77424375e-02 3.73743452e-02 9.51126532e-02
-3.78354648e-02 3.74632444e-02 9.52202207e-02
-3.79192224e-02 3.75428776e-02 9.53015674e-02
-3.79936058e-02 3.76131445e-02 9.53564500e-02
-3.80585155e-02 3.76739498e-02 9.53846399e-02
-3.81138574e-02 3.77252033e-02 9.53859244e-02
-3.81595427e-02 3.77668208e-02 9.53601060e-02
-3.81954879e-02 3.77987234e-02 9.53070034e-02
-3.82216155e-02 3.78208376e-02 9.52264510e-02
-3.82378533e-02 3.78330962e-02 9.51183000e-02
-3.82441349e-02 3.78354374e-02 9.49824178e-02
-3.82403999e-02 3.78278055e-02 9.48186888e-02
-3.82265936e-02 3.78101507e-02 9.46270143e-02
-3.82026676e-02 3.77824294e-02 9.44073125e-02
-3.81685792e-02 3.77446040e-02 9.41595192e-02
-3.81242920e-02 3.76966430e-02 9.38835872e-02
-3.80697758e-02 3.76385213e-02 9.35794872e-02
-3.80050066e-02 3.75702200e-02 9.32472072e-02
-3.79299666e-02 3.74917265e-02 9.28867531e-02
-3.78446444e-02 3.74030345e-02 9.24981485e-02
-3.77490350e-02 3.73041443e-02 9.20814349e-02
-3.76431396e-02 3.71950623e-02 9.16366716e-02
-3.75269658e-02 3.70758014e-02 9.11639357e-02
-3.74005279e-02 3.69463811e-02 9.06633224e-02
-3.72638464e-02 3.68068270e-02 9.01349445e-02
-3.71169481e-02 3.66571716e-02 8.95789330e-02
-3.69598665e-02 3.64974533e-02 8.89954364e-02
-3.67926414e-02 3.63277171e-02 8.83846210e-02
-3.66153189e-02 3.61480146e-02 8.77466708e-02
-3.64279517e-02 3.59584035e-02 8.70817874e-02
-3.62305987e-02 3.57589478e-02 8.63901895e-02
-3.60233252e-02 3.55497179e-02 8.56721136e-02
-3.58062026e-02 3.53307904e-02 8.49278130e-02
-3.55793089e-02 3.51022481e-02 8.41575580e-02
-3.53427279e-02 3.48641798e-02 8.33616359e-02
-3.50965498e-02 3.46166807e-02 8.25403504e-02
-3.48408707e-02 3.43598515e-02 8.16940217e-02
-3.45757929e-02 3.40937992e-02 8.08229860e-02
-3.43014244e-02 3.38186366e-02 7.99275956e-02
-3.40178793e-02 3.35344820e-02 7.90082184e-02
-3.37252772e-02 3.32414597e-02 7.80652376e-02
-3.34237436e-02 3.29396993e-02 7.70990514e-02
-3.31134095e-02 3.26293360e-02 7.61100730e-02
-3.27944113e-02 3.23105103e-02 7.50987300e-02
-3.24668909e-02 3.19833680e-02 7.40654638e-02
-3.21309954e-02 3.16480600e-02 7.30107301e-02
-3.17868770e-02 3.13047421e-02 7.19349976e-02
-3.14346930e-02 3.09535752e-02 7.08387482e-02
-3.10746055e-02 3.05947247e-02 6.97224764e-02
-3.07067816e-02 3.02283608e-02 6.85866890e-02
-3.03313928e-02 2.98546580e-02 6.74319048e-02
-2.99486152e-02 2.94737954e-02 6.62586538e-02
-2.95586292e-02 2.90859559e-02 6.50674771e-02
-2.91616195e-02 2.86913268e-02 6.38589263e-02
-2.87577747e-02 2.82900991e-02 6.26335634e-02
-2.83472875e-02 2.78824674e-02 6.13919597e-02
-2.79303543e-02 2.74686300e-02 6.01346960e-02
-2.75071748e-02 2.70487887e-02 5.88623616e-02
-2.70779527e-02 2.66231483e-02 5.75755543e-02
-2.66428944e-02 2.61919167e-02 5.62748795e-02
-2.62022096e-02 2.57553048e-02 5.49609499e-02
-2.57561111e-02 2.53135261e-02 5.36343851e-02
-2.53048143e-02 2.48667967e-02 5.22958108e-02
-2.48485369e-02 2.44153350e-02 5.09458586e-02
-2.43874995e-02 2.39593615e-02 4.95851653e-02
-2.39219246e-02 2.34990989e-02 4.82143726e-02
-2.34520367e-02 2.30347715e-02 4.68341262e-02
-2.29780624e-02 2.25666054e-02 4.54450758e-02
-2.25002298e-02 2.20948280e-02 4.40478739e-02
-2.20187685e-02 2.16196680e-02 4.26431762e-02
-2.15339093e-02 2.11413552e-02 4.12316401e-02
-2.10458844e-02 2.06601204e-02 3.98139248e-02
-2.05549267e-02 2.01761948e-02 3.83906907e-02
-2.00612700e-02 1.96898103e-02 3.69625988e-02
-1.95651485e-02 1.92011993e-02 3.55303099e-02
-1.90667969e-02 1.87105940e-02 3.40944847e-02
-1.85664501e-02 1.82182269e-02 3.26557829e-02
-1.80643429e-02 1.77243300e-02 3.12148625e-02
-1.75607102e-02 1.72291352e-02 2.97723798e-02
-1.70557861e-02 1.67328734e-02 2.83289885e-02
-1.65498047e-02 1.62357752e-02 2.68853395e-02
-1.60429990e-02 1.57380701e-02 2.54420802e-02
-1.55356014e-02 1.52399863e-02 2.39998539e-02
-1.50278429e-02 1.47417511e-02 2.25592996e-02
-1.45199535e-02 1.42435901e-02 2.11210517e-02
-1.40121620e-02 1.37457272e-02 1.96857388e-02
-1.35046951e-02 1.32483848e-02 1.82539842e-02
-1.29977783e-02 1.27517833e-02 1.68264045e-02
-1.24916349e-02 1.22561408e-02 1.54036100e-02
-1.19864863e-02 1.17616734e-02 1.39862037e-02
-1.14825515e-02 1.12685947e-02 1.25747812e-02
-1.09800473e-02 1.07771156e-02 1.11699302e-02
-1.04791881e-02 1.02874446e-02 9.77222990e-03
-9.98018521e-03 9.79978706e-03 8.38225104e-03
-9.48324760e-03 9.31434563e-03 7.00055514e-03
-8.98858106e-03 8.83131971e-03 5.62769432e-03
-8.49638835e-03 8.35090548e-03 4.26421090e-03
-8.00686903e-03 7.87329577e-03 2.91063708e-03
-7.52021930e-03 7.39867991e-03 1.56749458e-03
-7.03663193e-03 6.92724366e-03 2.35294377e-04
-6.55629608e-03 6.45916903e-03 -1.08546366e-03
-6.07939724e-03 5.99463424e-03 -2.39429101e-03
-5.60611708e-03 5.53381356e-03 -3.69071080e-03
-5.13663338e-03 5.07687727e-03 -4.97425808e-03
-4.67111988e-03 4.62399150e-03 -6.24448003e-03
-4.20974623e-03 4.17531820e-03 -7.50093625e-03
-3.75267788e-03 3.73101500e-03 -8.74319892e-03
-3.30007598e-03 3.29123520e-03 -9.97085309e-03
-2.85209733e-03 2.85612762e-03 -1.11834968e-02
-2.40889426e-03 2.42583659e-03 -1.23807413e-02
-1.97061460e-03 2.00050186e-03 -1.35622111e-02
-1.53740158e-03 1.58025853e-03 -1.47275445e-02
-1.10939379e-03 1.16523702e-03 -1.58763932e-02
-6.86725095e-04 7.55563004e-04 -1.70084228e-02
-2.69524622e-04 3.51357376e-04 -1.81233126e-02
1.42083328e-04 -4.72638026e-05 -1.92207562e-02
5.47979299e-04 -4.40189326e-04 -2.03004611e-02
9.48048729e-04 -8.27312877e-04 -2.13621490e-02
1.34218197e-03 -1.20853306e-03 -2.24055555e-02
1.73027434e-03 -1.58375339e-03 -2.34304309e-02
2.11222612e-03 -1.95288237e-03 -2.44365395e-02
2.48794259e-03 -2.31583342e-03 -2.54236598e-02
2.85733402e-03 -2.67252495e-03 -2.63915848e-02
3.22031571e-03 -3.02288032e-03 -2.73401215e-02
3.57680799e-03 -3.36682787e-03 -2.82690913e-02
3.92673619e-03 -3.70430086e-03 -2.91783298e-02
4.27003065e-03 -4.03523752e-03 -3.00676867e-02
4.60662672e-03 -4.35958097e-03 -3.09370258e-02
4.93646476e-03 -4.67727925e-03 -3.17862247e-02
5.25949006e-03 -4.98828527e-03 -3.26151753e-02
5.57565289e-03 -5.29255677e-03 -3.34237830e-02
5.88490843e-03 -5.59005630e-03 -3.42119670e-02
6.18721674e-03 -5.88075119e-03 -3.49796602e-02
6.48254274e-03 -6.16461346e-03 -3.57268086e-02
6.77085617e-03 -6.44161985e-03 -3.64533719e-02
7.05213152e-03 -6.71175171e-03 -3.71593228e-02
7.32634803e-03 -6.97499494e-03 -3.78446468e-02
7.59348960e-03 -7.23134000e-03 -3.85093425e-02
7.85354472e-03 -7.48078177e-03 -3.91534209e-02
8.10650649e-03 -7.72331954e-03 -3.97769056e-02
8.35237246e-03 -7.95895691e-03 -4.03798323e-02
8.59114465e-03 -8.18770175e-03 -4.09622488e-02
8.82282941e-03 -8.40956609e-03 -4.15242148e-02
9.04743742e-03 -8.62456608e-03 -4.20658013e-02
9.26498355e-03 -8.83272190e-03 -4.25870909e-02
9.47548682e-03 -9.03405765e-03 -4.30881772e-02
9.67897034e-03 -9.22860131e-03 -4.35691646e-02
9.87546117e-03 -9.41638464e-03 -4.40301685e-02
1.00649903e-02 -9.59744306e-03 -4.44713140e-02
1.02475925e-02 -9.77181561e-03 -4.48927369e-02
1.04233062e-02 -9.93954483e-03 -4.52945825e-02
1.05921737e-02 -1.01006767e-02 -4.56770057e-02
1.07542405e-02 -1.02552604e-02 -4.60401708e-02
1.09095559e-02 -1.04033484e-02 -4.63842508e-02
1.10581723e-02 -1.05449965e-02 -4.67094278e-02
1.12001454e-02 -1.06802631e-02 -4.70158920e-02
1.13355341e-02 -1.08092098e-02 -4.73038420e-02
1.14644003e-02 -1.09319011e-02 -4.75734839e-02
1.15868090e-02 -1.10484039e-02 -4.78250317e-02
1.17028278e-02 -1.11587880e-02 -4.80587064e-02
1.18125273e-02 -1.12631255e-02 -4.82747360e-02
1.19159806e-02 -1.13614911e-02 -4.84733552e-02
1.20132633e-02 -1.14539617e-02 -4.86548050e-02
1.21044537e-02 -1.15406163e-02 -4.88193325e-02
1.21896320e-02 -1.16215363e-02 -4.89671905e-02
1.22688809e-02 -1.16968047e-02 -4.90986371e-02
1.23422853e-02 -1.17665067e-02 -4.92139359e-02
1.24099319e-02 -1.18307290e-02 -4.93133550e-02
1.24719093e-02 -1.18895602e-02 -4.93971672e-02
1.25283082e-02 -1.19430904e-02 -4.94656495e-02
1.25792206e-02 -1.19914111e-02 -4.95190829e-02
1.26247404e-02 -1.20346153e-02 -4.95577521e-02
1.26649628e-02 -1.20727971e-02 -4.95819449e-02
1.26999845e-02 -1.21060519e-02 -4.95919525e-02
1.27299034e-02 -1.21344760e-02 -4.95880688e-02
1.27548185e-02 -1.21581670e-02 -4.95705901e-02
1.27748301e-02 -1.21772229e-02 -4.95398152e-02
1.27900394e-02 -1.21917428e-02 -4.94960444e-02
1.28005483e-02 -1.22018263e-02 -4.94395802e-02
1.28064597e-02 -1.22075738e-02 -4.93707261e-02
1.28078771e-02 -1.22090860e-02 -4.92897871e-02
1.28049045e-02 -1.22064640e-02 -4.91970688e-02
1.27976466e-02 -1.21998092e-02 -4.90928776e-02
1.27862082e-02 -1.21892234e-02 -4.89775204e-02
1.27706948e-02 -1.21748084e-02 -4.88513039e-02
1.27512118e-02 -1.21566659e-02 -4.87145351e-02
1.27278649e-02 -1.21348978e-02 -4.85675203e-02
1.27007597e-02 -1.21096058e-02 -4.84105657e-02
1.26700018e-02 -1.20808915e-02 -4.82439762e-02
1.26356970e-02 -1.20488561e-02 -4.80680561e-02
1.25979503e-02 -1.20136004e-02 -4.78831083e-02
1.25568670e-02 -1.19752251e-02 -4.76894343e-02
1.25125517e-02 -1.19338300e-02 -4.74873341e-02
1.24651087e-02 -1.18895146e-02 -4.72771058e-02
1.24146418e-02 -1.18423777e-02 -4.70590454e-02
1.23612541e-02 -1.17925176e-02 -4.68334468e-02
1.23050482e-02 -1.17400315e-02 -4.66006018e-02
1.22461260e-02 -1.16850160e-02 -4.63607992e-02
1.21845886e-02 -1.16275670e-02 -4.61143254e-02
1.21205361e-02 -1.15677791e-02 -4.58614639e-02
1.20540680e-02 -1.15057462e-02 -4.56024952e-02
1.19852827e-02 -1.14415610e-02 -4.53376967e-02
1.19142776e-02 -1.13753154e-02 -4.50673424e-02
1.18411491e-02 -1.13071000e-02 -4.47917030e-02
1.17659923e-02 -1.12370040e-02 -4.45110456e-02
1.16889014e-02 -1.11651159e-02 -4.42256337e-02
1.16099693e-02 -1.10915225e-02 -4.39357270e-02
1.15292876e-02 -1.10163096e-02 -4.36415812e-02
1.14469466e-02 -1.09395616e-02 -4.33434483e-02
1.13630355e-02 -1.08613614e-02 -4.30415760e-02
1.12776419e-02 -1.07817907e-02 -4.27362079e-02
1.11908520e-02 -1.07009298e-02 -4.24275835e-02
1.11027508e-02 -1.06188574e-02 -4.21159377e-02
1.10134215e-02 -1.05356508e-02 -4.18015013e-02
1.09229461e-02 -1.04513859e-02 -4.14845005e-02
1.08314049e-02 -1.03661370e-02 -4.11651570e-02
1.07388769e-02 -1.02799768e-02 -4.08436881e-02
1.06454392e-02 -1.01929767e-02 -4.05203062e-02
1.05511675e-02 -1.01052062e-02 -4.01952194e-02
1.04561360e-02 -1.00167335e-02 -3.98686309e-02
1.03604171e-02 -9.92762510e-03 -3.95407393e-02
1.02640816e-02 -9.83794593e-03 -3.92117383e-02
1.01671988e-02 -9.74775930e-03 -3.88818171e-02
1.00698362e-02 -9.65712692e-03 -3.85511599e-02
9.97205969e-03 -9.56610889e-03 -3.82199462e-02
9.87393344e-03 -9.47476367e-03 -3.78883509e-02
9.77552001e-03 -9.38314813e-03 -3.75565439e-02
9.67688027e-03 -9.29131752e-03 -3.72246903e-02
9.57807339e-03 -9.19932545e-03 -3.68929506e-02
9.47915688e-03 -9.10722395e-03 -3.65614805e-02
9.38018656e-03 -9.01506342e-03 -3.62304309e-02
9.28121658e-03 -8.92289267e-03 -3.58999480e-02
9.18229942e-03 -8.83075891e-03 -3.55701734e-02
9.08348589e-03 -8.73870779e-03 -3.52412439e-02
8.98482515e-03 -8.64678334e-03 -3.49132917e-02
8.88636473e-03 -8.55502807e-03 -3.45864446e-02
8.78815048e-03 -8.46348292e-03 -3.42608256e-02
8.69022666e-03 -8.37218731e-03 -3.39365532e-02
8.59263590e-03 -8.28117910e-03 -3.36137418e-02
8.49541924e-03 -8.19049469e-03 -3.32925008e-02
8.39861613e-03 -8.10016896e-03 -3.29729358e-02
8.30226445e-03 -8.01023534e-03 -3.26551477e-02
8.20640054e-03 -7.92072578e-03 -3.23392333e-02
8.11105917e-03 -7.83167081e-03 -3.20252852e-02
8.01627364e-03 -7.74309955e-03 -3.17133920e-02
7.92207573e-03 -7.65503972e-03 -3.14036379e-02
7.82849575e-03 -7.56751767e-03 -3.10961034e-02
7.73556256e-03 -7.48055839e-03 -3.07908649e-02
7.64330357e-03 -7.39418556e-03 -3.04879951e-02
7.55174481e-03 -7.30842153e-03 -3.01875627e-02
7.46091090e-03 -7.22328740e-03 -2.98896329e-02
7.37082511e-03 -7.13880299e-03 -2.95942669e-02
7.28150938e-03 -7.05498689e-03 -2.93015228e-02
7.19298431e-03 -6.97185649e-03 -2.90114548e-02
7.10526925e-03 -6.88942800e-03 -2.87241138e-02
7.01838225e-03 -6.80771646e-03 -2.84395475e-02
6.93234017e-03 -6.72673580e-03 -2.81578002e-02
6.84715862e-03 -6.64649881e-03 -2.78789130e-02
6.76285204e-03 -6.56701725e-03 -2.76029238e-02
6.67943374e-03 -6.48830178e-03 -2.73298678e-02
6.59691587e-03 -6.41036208e-03 -2.70597770e-02
6.51530950e-03 -6.33320680e-03 -2.67926805e-02
6.43462462e-03 -6.25684362e-03 -2.65286047e-02
6.35487018e-03 -6.18127930e-03 -2.62675733e-02
6.27605411e-03 -6.10651966e-03 -2.60096074e-02
6.19818335e-03 -6.03256962e-03 -2.57547255e-02
6.12126389e-03 -5.95943328e-03 -2.55029436e-02
6.04530078e-03 -5.88711385e-03 -2.52542754e-02
5.97029815e-03 -5.81561376e-03 -2.50087322e-02
5.89625928e-03 -5.74493465e-03 -2.47663232e-02
5.82318658e-03 -5.67507740e-03 -2.45270553e-02
5.75108165e-03 -5.60604216e-03 -2.42909335e-02
5.67994527e-03 -5.53782837e-03 -2.40579606e-02
5.60977748e-03 -5.47043479e-03 -2.38281377e-02
5.54057757e-03 -5.40385955e-03 -2.36014639e-02
5.47234411e-03 -5.33810011e-03 -2.33779365e-02
5.40507498e-03 -5.27315335e-03 -2.31575513e-02
5.33876740e-03 -5.20901558e-03 -2.29403023e-02
5.27341795e-03 -5.14568253e-03 -2.27261819e-02
5.20902261e-03 -5.08314942e-03 -2.25151812e-02
5.14557675e-03 -5.02141096e-03 -2.23072898e-02
5.08307520e-03 -4.96046137e-03 -2.21024959e-02
5.02151224e-03 -4.90029442e-03 -2.19007866e-02
4.96088165e-03 -4.84090343e-03 -2.17021474e-02
4.90117669e-03 -4.78228132e-03 -2.15065631e-02
4.84239019e-03 -4.72442062e-03 -2.13140172e-02
4.78451450e-03 -4.66731347e-03 -2.11244920e-02
4.72754158e-03 -4.61095169e-03 -2.09379691e-02
4.67146296e-03 -4.55532674e-03 -2.07544291e-02
4.61626982e-03 -4.50042980e-03 -2.05738517e-02
4.56195296e-03 -4.44625175e-03 -2.03962159e-02
4.50850284e-03 -4.39278320e-03 -2.02214997e-02
4.45590962e-03 -4.34001452e-03 -2.00496807e-02
4.40416315e-03 -4.28793586e-03 -1.98807357e-02
4.35325300e-03 -4.23653713e-03 -1.97146409e-02
4.30316849e-03 -4.18580808e-03 -1.95513720e-02
4.25389867e-03 -4.13573827e-03 -1.93909042e-02
4.20543241e-03 -4.08631711e-03 -1.92332121e-02
4.15775833e-03 -4.03753385e-03 -1.90782700e-02
4.11086487e-03 -3.98937763e-03 -1.89260519e-02
4.06474031e-03 -3.94183751e-03 -1.87765313e-02
4.01937276e-03 -3.89490240e-03 -1.86296814e-02
3.97475017e-03 -3.84856118e-03 -1.84854753e-02
3.93086039e-03 -3.80280265e-03 -1.83438856e-02
3.88769114e-03 -3.75761556e-03 -1.82048850e-02
3.84523002e-03 -3.71298864e-03 -1.80684458e-02
3.80346457e-03 -3.66891057e-03 -1.79345403e-02
3.76238225e-03 -3.62537007e-03 -1.78031406e-02
3.72197043e-03 -3.58235581e-03 -1.76742187e-02
3.68221647e-03 -3.53985653e-03 -1.75477467e-02
3.64310765e-03 -3.49786096e-03 -1.74236964e-02
3.60463124e-03 -3.45635789e-03 -1.73020399e-02
3.56677451e-03 -3.41533617e-03 -1.71827490e-02
3.52952468e-03 -3.37478469e-03 -1.70657958e-02
3.49286900e-03 -3.33469243e-03 -1.69511523e-02
3.45679472e-03 -3.29504846e-03 -1.68387905e-02
3.42128913e-03 -3.25584193e-03 -1.67286826e-02
3.38633952e-03 -3.21706209e-03 -1.66208009e-02
3.35193324e-03 -3.17869833e-03 -1.65151177e-02
3.31805766e-03 -3.14074012e-03 -1.64116055e-02
3.28470022e-03 -3.10317709e-03 -1.63102369e-02
3.25184842e-03 -3.06599899e-03 -1.62109847e-02
3.21948982e-03 -3.02919573e-03 -1.61138217e-02
3.18761206e-03 -2.99275736e-03 -1.60187210e-02
3.15620284e-03 -2.95667409e-03 -1.59256558e-02
3.12524996e-03 -2.92093629e-03 -1.58345995e-02
3.09474130e-03 -2.88553453e-03 -1.57455256e-02
3.06466486e-03 -2.85045952e-03 -1.56584077e-02
3.03500870e-03 -2.81570217e-03 -1.55732198e-02
3.00576102e-03 -2.78125360e-03 -1.54899360e-02
2.97691010e-03 -2.74710509e-03 -1.54085304e-02
2.94844436e-03 -2.71324813e-03 -1.53289775e-02
2.92035232e-03 -2.67967443e-03 -1.52512518e-02
2.89262262e-03 -2.64637590e-03 -1.51753282e-02
2.86524404e-03 -2.61334464e-03 -1.51011815e-02
2.83820546e-03 -2.58057301e-03 -1.50287868e-02
2.81149593e-03 -2.54805355e-03 -1.49581194e-02
2.78510459e-03 -2.51577904e-03 -1.48891546e-02
2.75902074e-03 -2.48374249e-03 -1.48218681e-02
2.73323382e-03 -2.45193714e-03 -1.47562355e-02
2.70773340e-03 -2.42035644e-03 -1.46922328e-02
2.68250920e-03 -2.38899410e-03 -1.46298358e-02
2.65755108e-03 -2.35784405e-03 -1.45690207e-02
2.63284905e-03 -2.32690048e-03 -1.45097637e-02
2.60839327e-03 -2.29615779e-03 -1.44520411e-02
2.58417404e-03 -2.26561063e-03 -1.43958294e-02
2.56018182e-03 -2.23525391e-03 -1.43411051e-02
2.53640722e-03 -2.20508276e-03 -1.42878449e-02
2.51284101e-03 -2.17509258e-03 -1.42360254e-02
2.48947411e-03 -2.14527899e-03 -1.41856234e-02
2.46629759e-03 -2.11563786e-03 -1.41366157e-02
2.44330269e-03 -2.08616531e-03 -1.40889792e-02
2.42048080e-03 -2.05685772e-03 -1.40426907e-02
2.39782346e-03 -2.02771168e-03 -1.39977273e-02
2.37532240e-03 -1.99872407e-03 -1.39540658e-02
2.35296947e-03 -1.96989197e-03 -1.39116833e-02
2.33075672e-03 -1.94121273e-03 -1.38705566e-02
2.30867633e-03 -1.91268393e-03 -1.38306628e-02
2.28672066e-03 -1.88430341e-03 -1.37919787e-02
2.26488223e-03 -1.85606923e-03 -1.37544812e-02
2.24315372e-03 -1.82797969e-03 -1.37181473e-02
2.22152798e-03 -1.80003333e-03 -1.36829536e-02
2.19999802e-03 -1.77222894e-03 -1.36488770e-02
2.17855700e-03 -1.74456553e-03 -1.36158941e-02
2.15719828e-03 -1.71704233e-03 -1.35839815e-02
2.13591535e-03 -1.68965882e-03 -1.35531158e-02
2.11470190e-03 -1.66241470e-03 -1.35232733e-02
2.09355174e-03 -1.63530987e-03 -1.34944304e-02
2.07245889e-03 -1.60834449e-03 -1.34665633e-02
2.05141752e-03 -1.58151892e-03 -1.34396481e-02
2.03042196e-03 -1.55483371e-03 -1.34136608e-02
2.00946673e-03 -1.52828967e-03 -1.33885772e-02
1.98854648e-03 -1.50188778e-03 -1.33643729e-02
1.96765607e-03 -1.47562924e-03 -1.33410236e-02
1.94679050e-03 -1.44951545e-03 -1.33185048e-02
1.92594494e-03 -1.42354800e-03 -1.32967915e-02
1.90511475e-03 -1.39772869e-03 -1.32758590e-02
1.88429544e-03 -1.37205948e-03 -1.32556822e-02
1.86348269e-03 -1.34654254e-03 -1.32362358e-02
1.84267236e-03 -1.32118021e-03 -1.32174945e-02
1.82186047e-03 -1.29597501e-03 -1.31994328e-02
1.80104322e-03 -1.27092963e-03 -1.31820247e-02
1.78021697e-03 -1.24604693e-03 -1.31652445e-02
1.75937826e-03 -1.22132992e-03 -1.31490661e-02
1.73852379e-03 -1.19678178e-03 -1.31334632e-02
1.71765044e-03 -1.17240583e-03 -1.31184093e-02
1.69675526e-03 -1.14820555e-03 -1.31038778e-02
1.67583547e-03 -1.12418456e-03 -1.30898419e-02
1.65488846e-03 -1.10034660e-03 -1.30762747e-02
1.63391180e-03 -1.07669555e-03 -1.30631490e-02
1.61290322e-03 -1.05323542e-03 -1.30504374e-02
1.59186063e-03 -1.02997034e-03 -1.30381125e-02
1.57078211e-03 -1.00690455e-03 -1.30261466e-02
1.54966592e-03 -9.84042381e-04 -1.30145120e-02
1.52851047e-03 -9.61388298e-04 -1.30031806e-02
1.50731437e-03 -9.38946839e-04 -1.29921243e-02
1.48607639e-03 -9.16722639e-04 -1.29813149e-02
1.46479546e-03 -8.94720417e-04 -1.29707240e-02
1.44347071e-03 -8.72944969e-04 -1.29603231e-02
1.42210142e-03 -8.51401160e-04 -1.29500834e-02
1.40068704e-03 -8.30093925e-04 -1.29399762e-02
1.37922722e-03 -8.09028253e-04 -1.29299727e-02
1.35772174e-03 -7.88209188e-04 -1.29200439e-02
1.33617057e-03 -7.67641820e-04 -1.29101607e-02
1.31457388e-03 -7.47331277e-04 -1.29002939e-02
1.29293195e-03 -7.27282722e-04 -1.28904144e-02
1.27124529e-03 -7.07501343e-04 -1.28804929e-02
1.24951453e-03 -6.87992348e-04 -1.28705000e-02
1.22774050e-03 -6.68760961e-04 -1.28604065e-02
1.20592419e-03 -6.49812410e-04 -1.28501829e-02
1.18406675e-03 -6.31151924e-04 -1.28397998e-02
1.16216950e-03 -6.12784729e-04 -1.28292280e-02
1.14023392e-03 -5.94716033e-04 -1.28184379e-02
1.11826167e-03 -5.76951031e-04 -1.28074003e-02
1.09625455e-03 -5.59494887e-04 -1.27960860e-02
1.07421454e-03 -5.42352737e-04 -1.27844655e-02
1.05214378e-03 -5.25529676e-04 -1.27725099e-02
1.03004455e-03 -5.09030755e-04 -1.27601901e-02
1.00791931e-03 -4.92860972e-04 -1.27474770e-02
9.85770662e-04 -4.77025272e-04 -1.27343418e-02
9.63601371e-04 -4.61528530e-04 -1.27207559e-02
9.41414349e-04 -4.46375556e-04 -1.27066907e-02
9.19212661e-04 -4.31571080e-04 -1.26921177e-02
8.96999520e-04 -4.17119753e-04 -1.26770089e-02
8.74778287e-04 -4.03026134e-04 -1.26613362e-02
8.52552467e-04 -3.89294691e-04 -1.26450719e-02
8.30325707e-04 -3.75929790e-04 -1.26281883e-02
8.08101794e-04 -3.62935691e-04 -1.26106584e-02
7.85884655e-04 -3.50316544e-04 -1.25924549e-02
7.63678350e-04 -3.38076381e-04 -1.25735513e-02
7.41487070e-04 -3.26219109e-04 -1.25539212e-02
7.19315140e-04 -3.14748512e-04 -1.25335383e-02
6.97167008e-04 -3.03668236e-04 -1.25123771e-02
6.75047248e-04 -2.92981792e-04 -1.24904122e-02
6.52960554e-04 -2.82692545e-04 -1.24676185e-02
6.30911736e-04 -2.72803715e-04 -1.24439715e-02
6.08905722e-04 -2.63318365e-04 -1.24194470e-02
5.86947548e-04 -2.54239405e-04 -1.23940213e-02
5.65042358e-04 -2.45569580e-04 -1.23676711e-02
5.43195399e-04 -2.37311470e-04 -1.23403735e-02
5.21412020e-04 -2.29467484e-04 -1.23121062e-02
4.99697666e-04 -2.22039857e-04 -1.22828474e-02
4.78057872e-04 -2.15030645e-04 -1.22525759e-02
4.56498264e-04 -2.08441723e-04 -1.22212707e-02
4.35024551e-04 -2.02274781e-04 -1.21889118e-02
4.13642522e-04 -1.96531319e-04 -1.21554795e-02
3.92358043e-04 -1.91212646e-04 -1.21209547e-02
3.71177049e-04 -1.86319876e-04 -1.20853189e-02
3.50105545e-04 -1.81853924e-04 -1.20485545e-02
3.29149596e-04 -1.77815508e-04 -1.20106440e-02
3.08315326e-04 -1.74205140e-04 -1.19715711e-02
2.87608912e-04 -1.71023128e-04 -1.19313199e-02
2.67036578e-04 -1.68269573e-04 -1.18898750e-02
2.46604593e-04 -1.65944367e-04 -1.18472222e-02
2.26319264e-04 -1.64047192e-04 -1.18033474e-02
2.06186932e-04 -1.62577517e-04 -1.17582378e-02
1.86213964e-04 -1.61534597e-04 -1.17118809e-02
1.66406753e-04 -1.60917475e-04 -1.16642651e-02
1.46771710e-04 -1.60724977e-04 -1.16153796e-02
1.27315257e-04 -1.60955711e-04 -1.15652143e-02
1.08043826e-04 -1.61608072e-04 -1.15137600e-02
8.89638485e-05 -1.62680236e-04 -1.14610081e-02
7.00817553e-05 -1.64170162e-04 -1.14069510e-02
5.14039676e-05 -1.66075592e-04 -1.13515818e-02
3.29368930e-05 -1.68394052e-04 -1.12948943e-02
1.46869197e-05 -1.71122852e-04 -1.12368834e-02
-3.33958930e-06 -1.74259085e-04 -1.11775447e-02
-2.11363010e-05 -1.77799631e-04 -1.11168746e-02
-3.86969183e-05 -1.81741156e-04 -1.10548703e-02
-5.60151860e-05 -1.86080113e-04 -1.09915301e-02
-7.30848952e-05 -1.90812746e-04 -1.09268529e-02
-8.98998901e-05 -1.95935088e-04 -1.08608386e-02
-1.06454073e-04 -2.01442965e-04 -1.07934879e-02
-1.22741408e-04 -2.07331999e-04 -1.07248025e-02
-1.38755932e-04 -2.13597607e-04 -1.06547848e-02
-1.54491752e-04 -2.20235007e-04 -1.05834382e-02
-1.69943059e-04 -2.27239218e-04 -1.05107669e-02
-1.85104126e-04 -2.34605064e-04 -1.04367761e-02
-1.99969319e-04 -2.42327176e-04 -1.03614717e-02
-2.14533101e-04 -2.50399996e-04 -1.02848607e-02
-2.28790033e-04 -2.58817780e-04 -1.02069507e-02
-2.42734786e-04 -2.67574602e-04 -1.01277505e-02
-2.56362142e-04 -2.76664354e-04 -1.00472696e-02
-2.69666999e-04 -2.86080757e-04 -9.96551829e-03
-2.82644380e-04 -2.95817356e-04 -9.88250790e-03
-2.95289432e-04 -3.05867531e-04 -9.79825052e-03
-3.07597435e-04 -3.16224497e-04 -9.71275915e-03
-3.19563809e-04 -3.26881313e-04 -9.62604761e-03
-3.31184111e-04 -3.37830879e-04 -9.53813059e-03
-3.42454047e-04 -3.49065949e-04 -9.44902360e-03
-3.53369475e-04 -3.60579128e-04 -9.35874300e-03
-3.63926407e-04 -3.72362882e-04 -9.26730597e-03
-3.74121014e-04 -3.84409542e-04 -9.17473051e-03
-3.83949633e-04 -3.96711306e-04 -9.08103541e-03
-3.93408769e-04 -4.09260248e-04 -8.98624027e-03
-4.02495099e-04 -4.22048321e-04 -8.89036547e-03
-4.11205477e-04 -4.35067364e-04 -8.79343218e-03
-4.19536934e-04 -4.48309103e-04 -8.69546231e-03
-4.27486690e-04 -4.61765163e-04 -8.59647852e-03
-4.35052148e-04 -4.75427068e-04 -8.49650423e-03
-4.42230903e-04 -4.89286249e-04 -8.39556356e-03
-4.49020745e-04 -5.03334050e-04 -8.29368136e-03
-4.55419658e-04 -5.17561734e-04 -8.19088315e-03
-4.61425831e-04 -5.31960485e-04 -8.08719514e-03
-4.67037651e-04 -5.46521419e-04 -7.98264421e-03
-4.72253712e-04 -5.61235587e-04 -7.87725788e-03
-4.77072817e-04 -5.76093979e-04 -7.77106431e-03
-4.81493978e-04 -5.91087536e-04 -7.66409225e-03
-4.85516421e-04 -6.06207150e-04 -7.55637107e-03
-4.89139584e-04 -6.21443670e-04 -7.44793071e-03
-4.92363122e-04 -6.36787915e-04 -7.33880165e-03
-4.95186911e-04 -6.52230670e-04 -7.22901495e-03
-4.97611042e-04 -6.67762699e-04 -7.11860215e-03
-4.99635828e-04 -6.83374748e-04 -7.00759532e-03
-5.01261807e-04 -6.99057553e-04 -6.89602699e-03
-5.02489735e-04 -7.14801843e-04 -6.78393016e-03
-5.03320594e-04 -7.30598347e-04 -6.67133826e-03
-5.03755591e-04 -7.46437801e-04 -6.55828517e-03
-5.03796155e-04 -7.62310953e-04 -6.44480512e-03
-5.03443943e-04 -7.78208568e-04 -6.33093276e-03
-5.02700835e-04 -7.94121435e-04 -6.21670306e-03
-5.01568935e-04 -8.10040372e-04 -6.10215134e-03
-5.00050572e-04 -8.25956230e-04 -5.98731322e-03
-4.98148300e-04 -8.41859903e-04 -5.87222461e-03
-4.95864894e-04 -8.57742327e-04 -5.75692170e-03
-4.93203354e-04 -8.73594491e-04 -5.64144090e-03
-4.90166898e-04 -8.89407441e-04 -5.52581884e-03
-4.86758966e-04 -9.05172283e-04 -5.41009235e-03
-4.82983217e-04 -9.20880189e-04 -5.29429844e-03
-4.78843525e-04 -9.36522403e-04 -5.17847425e-03
-4.74343980e-04 -9.52090247e-04 -5.06265707e-03
-4.69488884e-04 -9.67575122e-04 -4.94688428e-03
-4.64282753e-04 -9.82968518e-04 -4.83119333e-03
-4.58730307e-04 -9.98262012e-04 -4.71562173e-03
