0.00000000e+00 0.00000000e+00 0.00000000e+00
0.00000000e+00 0.00000000e+00 0.00000000e+00
-4.54614202e-15 -7.73735739e-16 8.64953388e-15
-1.62150122e-13 -2.91446170e-14 3.09280470e-13
-1.75911471e-12 -3.39669221e-13 3.36556755e-12
-1.04592131e-11 -2.20839346e-12 2.00883271e-11
-4.21605936e-11 -9.93769165e-12 8.13831905e-11
-1.27859083e-10 -3.45103532e-11 2.48477796e-10
-3.08649501e-10 -9.85913178e-11 6.05515724e-10
-6.09859459e-10 -2.41418233e-10 1.21347683e-09
-9.88316497e-10 -5.20957611e-10 2.01327317e-09
-1.25934965e-09 -1.01004526e-09 2.68897546e-09
-1.02628373e-09 -1.78351649e-09 2.53229785e-09
3.51941103e-10 -2.89477896e-09 3.74112073e-10
3.71642241e-09 -4.34278538e-09 -5.34453587e-09
9.95920844e-09 -6.03348482e-09 -1.63077844e-08
1.97648953e-08 -7.74287172e-09 -3.38550911e-08
3.32697631e-08 -9.09091283e-09 -5.83526323e-08
4.96972121e-08 -9.53622096e-09 -8.85123842e-08
6.70525394e-08 -8.39995006e-09 -1.20811986e-07
8.19700464e-08 -4.92399810e-09 -1.49189191e-07
8.97972729e-08 1.63637278e-09 -1.65171829e-07
8.49745222e-08 1.18912169e-08 -1.58556601e-07
6.17259849e-08 2.61773534e-08 -1.18673189e-07
1.50276355e-08 4.44187817e-08 -3.61747450e-08
-5.82357095e-08 6.60051872e-08 9.48040609e-08
-1.58058181e-07 8.97082703e-08 2.74369385e-07
-2.80212263e-07 1.13653737e-07 4.94783448e-07
-4.15440243e-07 1.35362560e-07 7.38914238e-07
-5.49109578e-07 1.51868989e-07 9.79548472e-07
-6.61473087e-07 1.59915434e-07 1.17984091e-06
-7.28623766e-07 1.56216490e-07 1.29507830e-06
-7.24167597e-07 1.37776823e-07 1.27581110e-06
-6.21562410e-07 1.02241137e-07 1.07226257e-06
-3.96994223e-07 4.82494747e-08 6.39777351e-07
-3.25921073e-08 -2.42317643e-08 -5.50651238e-08
4.80274200e-07 -1.13633349e-07 -1.02815908e-06
1.13790726e-06 -2.16589827e-07 -2.27196475e-06
1.92171290e-06 -3.27853844e-07 -3.75057767e-06
2.79644504e-06 -4.40336878e-07 -5.39634900e-06
3.70952389e-06 -5.45287621e-07 -7.10856361e-06
4.59162681e-06 -6.32610645e-07 -8.75456894e-06
5.35867298e-06 -6.91318831e-07 -1.01735973e-05
5.91523110e-06 -7.10103876e-07 -1.11833465e-05
6.15928067e-06 -6.78000657e-07 -1.15891909e-05
5.98815924e-06 -5.85113752e-07 -1.11957039e-05
5.30543697e-06 -4.23368594e-07 -9.81999166e-06
4.02838158e-06 -1.87245883e-07 -7.30618286e-06
2.09561776e-06 1.25543746e-07 -3.54030096e-06
-5.25452342e-07 5.13486930e-07 1.53533076e-06
-3.83191318e-06 9.70835627e-07 7.90902889e-06
-7.77971729e-06 1.48734940e-06 1.54888891e-05
-1.22795797e-05 2.04823785e-06 2.40949079e-05
-1.71947213e-05 2.63431989e-06 3.34547550e-05
-2.23407191e-05 3.22240630e-06 4.32037091e-05
-2.74876280e-05 3.78590092e-06 5.28890893e-05
-3.23644386e-05 4.29560497e-06 6.19793089e-05
-3.66658277e-05 4.72069841e-06 6.98774702e-05
-4.00610557e-05 5.02986292e-06 7.59392076e-05
-4.22047669e-05 5.19250316e-06 7.94942904e-05
-4.27493595e-05 5.18001717e-06 7.98713203e-05
-4.13585245e-05 4.96706306e-06 7.64247106e-05
-3.77214927e-05 4.53276792e-06 6.85630252e-05
-3.15674969e-05 3.86182623e-06 5.57776783e-05
-2.26799406e-05 2.94543856e-06 3.76709668e-05
-1.09097689e-05 1.78204732e-06 1.39824170e-05
3.81243668e-06 3.77834000e-07 -1.53875245e-05
2.14660764e-05 -1.25304823e-06 -5.03573395e-05
4.19322416e-05 -3.08852246e-06 -9.06485907e-05
6.49878249e-05 -5.09892119e-06 -1.35775000e-04
9.03022573e-05 -7.24759830e-06 -1.85036906e-04
1.17437017e-04 -9.49180271e-06 -2.37521389e-04
1.45847965e-04 -1.17837863e-05 -2.92108143e-04
1.74890467e-04 -1.40721104e-05 -3.47481026e-04
2.03827194e-04 -1.63031065e-05 -4.02145018e-04
2.31838394e-04 -1.84224443e-05 -4.54448154e-04
2.58034382e-04 -2.03767521e-05 -5.02607890e-04
2.81469909e-04 -2.21152376e-05 -5.44741177e-04
3.01160048e-04 -2.35912553e-05 -5.78897489e-04
3.16097193e-04 -2.47637685e-05 -6.03093925e-04
3.25268739e-04 -2.55986610e-05 -6.15351492e-04
3.27675004e-04 -2.60698566e-05 -6.13731667e-04
3.22346975e-04 -2.61602123e-05 -5.96372315e-04
3.08363455e-04 -2.58621611e-05 -5.61522132e-04
2.84867221e-04 -2.51780864e-05 -5.07572779e-04
2.51079853e-04 -2.41204200e-05 -4.33088011e-04
2.06314912e-04 -2.27114655e-05 -3.36829171e-04
1.49989220e-04 -2.09829573e-05 -2.17776525e-04
8.16320309e-05 -1.89753704e-05 -7.51460650e-05
8.91952965e-07 -1.67370094e-05 9.15985182e-05
-9.24584838e-05 -1.43229042e-05 2.82738819e-04
-1.98520633e-04 -1.17935492e-05 4.98299695e-04
-3.17269897e-04 -9.21352560e-06 7.38052139e-04
-4.48558186e-04 -6.65004490e-06 1.00152085e-03
-5.92118539e-04 -4.17145813e-06 1.28799620e-03
-7.47571762e-04 -1.84576892e-06 1.59655022e-03
-9.14434880e-04 2.60809739e-07 1.92605613e-03
-1.09213118e-03 2.08521965e-06 2.27521094e-03
-1.28000159e-03 3.56881091e-06 2.64256047e-03
-1.47731717e-03 4.65845756e-06 3.02652638e-03
-1.68329236e-03 5.30751360e-06 3.42543439e-03
-1.89709882e-03 5.47659307e-06 3.83754332e-03
-2.11787951e-03 5.13416333e-06 4.26107419e-03
-2.34476274e-03 4.25694671e-06 4.69423900e-03
-2.57687603e-03 2.83013036e-06 5.13526848e-03
-2.81335942e-03 8.47389848e-07 5.58243859e-03
-3.05337818e-03 -1.68926413e-06 6.03409509e-03
-3.29613453e-03 -4.76980232e-06 6.48867611e-03
-3.54087842e-03 -8.37664022e-06 6.94473216e-03
-3.78691711e-03 -1.24852289e-05 7.40094358e-03
-4.03362342e-03 -1.70647527e-05 7.85613511e-03
-4.28044276e-03 -2.20789120e-05 8.30928761e-03
-4.52689864e-03 -2.74867683e-05 8.75954678e-03
-4.77259686e-03 -3.32436311e-05 9.20622900e-03
-5.01722827e-03 -3.93019639e-05 9.64882426e-03
-5.26057016e-03 -4.56122912e-05 1.00869965e-02
-5.50248635e-03 -5.21240871e-05 1.05205812e-02
-5.74292602e-03 -5.87866309e-05 1.09495807e-02
-5.98192144e-03 -6.55498148e-05 1.13741576e-02
-6.21958457e-03 -7.23648928e-05 1.17946256e-02
-6.45610284e-03 -7.91851617e-05 1.22114400e-02
-6.69173406e-03 -8.59665672e-05 1.26251849e-02
-6.92680062e-03 -9.26682301e-05 1.30365617e-02
-7.16168327e-03 -9.92528914e-05 1.34463745e-02
-7.39681434e-03 -1.05687274e-04 1.38555167e-02
-7.63267080e-03 -1.11942360e-04 1.42649565e-02
-7.86976707e-03 -1.17993596e-04 1.46757225e-02
-8.10864785e-03 -1.23821013e-04 1.50888893e-02
-8.34988101e-03 -1.29409277e-04 1.55055642e-02
-8.59405062e-03 -1.34747681e-04 1.59268734e-02
-8.84175031e-03 -1.39830063e-04 1.63539499e-02
-9.09357686e-03 -1.44654676e-04 1.67879215e-02
-9.35012435e-03 -1.49224009e-04 1.72299002e-02
-9.61197862e-03 -1.53544564e-04 1.76809725e-02
-9.87971240e-03 -1.57626592e-04 1.81421905e-02
-1.01538808e-02 -1.61483802e-04 1.86145647e-02
-1.04350175e-02 -1.65133044e-04 1.90990575e-02
-1.07236316e-02 -1.68593968e-04 1.95965775e-02
-1.10202047e-02 -1.71888672e-04 2.01079758e-02
-1.13251888e-02 -1.75041336e-04 2.06340426e-02
-1.16390049e-02 -1.78077855e-04 2.11755050e-02
-1.19620415e-02 -1.81025465e-04 2.17330257e-02
-1.22946546e-02 -1.83912375e-04 2.23072030e-02
-1.26371670e-02 -1.86767407e-04 2.28985707e-02
-1.29898689e-02 -1.89619645e-04 2.35075995e-02
-1.33530182e-02 -1.92498092e-04 2.41346988e-02
-1.37268420e-02 -1.95431358e-04 2.47802186e-02
-1.41115372e-02 -1.98447354e-04 2.54444526e-02
-1.45072725e-02 -2.01573016e-04 2.61276412e-02
-1.49141896e-02 -2.04834050e-04 2.68299746e-02
-1.53324052e-02 -2.08254712e-04 2.75515965e-02
-1.57620129e-02 -2.11857601e-04 2.82926077e-02
-1.62030852e-02 -2.15663503e-04 2.90530698e-02
-1.66556751e-02 -2.19691247e-04 2.98330092e-02
-1.71198185e-02 -2.23957603e-04 3.06324201e-02
-1.75955358e-02 -2.28477208e-04 3.14512688e-02
-1.80828338e-02 -2.33262525e-04 3.22894965e-02
-1.85817075e-02 -2.38323828e-04 3.31470229e-02
-1.90921417e-02 -2.43669226e-04 3.40237489e-02
-1.96141127e-02 -2.49304699e-04 3.49195596e-02
-2.01475892e-02 -2.55234175e-04 3.58343264e-02
-2.06925340e-02 -2.61459619e-04 3.67679097e-02
-2.12489051e-02 -2.67981149e-04 3.77201607e-02
-2.18166561e-02 -2.74797170e-04 3.86909228e-02
-2.23957378e-02 -2.81904513e-04 3.96800332e-02
-2.29860980e-02 -2.89298603e-04 4.06873242e-02
-2.35876827e-02 -2.96973615e-04 4.17126237e-02
-2.42004360e-02 -3.04922657e-04 4.27557561e-02
-2.48243005e-02 -3.13137933e-04 4.38165426e-02
-2.54592177e-02 -3.21610925e-04 4.48948012e-02
-2.61051273e-02 -3.30332559e-04 4.59903470e-02
-2.67619678e-02 -3.39293369e-04 4.71029920e-02
-2.74296760e-02 -3.48483655e-04 4.82325441e-02
-2.81081867e-02 -3.57893629e-04 4.93788075e-02
-2.87974325e-02 -3.67513546e-04 5.05415815e-02
-2.94973434e-02 -3.77333828e-04 5.17206598e-02
-3.02078462e-02 -3.87345172e-04 5.29158300e-02
-3.09288643e-02 -3.97538641e-04 5.41268724e-02
-3.16603167e-02 -4.07905741e-04 5.53535593e-02
-3.24021183e-02 -4.18438487e-04 5.65956541e-02
-3.31541784e-02 -4.29129448e-04 5.78529101e-02
-3.39164011e-02 -4.39971785e-04 5.91250698e-02
-3.46886838e-02 -4.50959268e-04 6.04118639e-02
-3.54709177e-02 -4.62086288e-04 6.17130103e-02
-3.62629864e-02 -4.73347852e-04 6.30282132e-02
-3.70647660e-02 -4.84739573e-04 6.43571627e-02
-3.78761243e-02 -4.96257642e-04 6.56995334e-02
-3.86969205e-02 -5.07898807e-04 6.70549839e-02
-3.95270048e-02 -5.19660328e-04 6.84231565e-02
-4.03662181e-02 -5.31539944e-04 6.98036760e-02
-4.12143914e-02 -5.43535821e-04 7.11961495e-02
-4.20713458e-02 -5.55646509e-04 7.26001662e-02
-4.29368918e-02 -5.67870889e-04 7.40152964e-02
-4.38108296e-02 -5.80208124e-04 7.54410915e-02
-4.46929487e-02 -5.92657608e-04 7.68770838e-02
-4.55830274e-02 -6.05218916e-04 7.83227863e-02
-4.64808331e-02 -6.17891757e-04 7.97776922e-02
-4.73861221e-02 -6.30675924e-04 8.12412754e-02
-4.82986393e-02 -6.43571256e-04 8.27129899e-02
-4.92181185e-02 -6.56577591e-04 8.41922704e-02
-5.01442821e-02 -6.69694732e-04 8.56785319e-02
-5.10768415e-02 -6.82922409e-04 8.71711701e-02
-5.20154966e-02 -6.96260249e-04 8.86695615e-02
-5.29599363e-02 -7.09707747e-04 9.01730637e-02
-5.39098385e-02 -7.23264241e-04 9.16810155e-02
-5.48648702e-02 -7.36928890e-04 9.31927373e-02
-5.58246874e-02 -7.50700657e-04 9.47075315e-02
-5.67889358e-02 -7.64578290e-04 9.62246826e-02
-5.77572503e-02 -7.78560315e-04 9.77434579e-02
-5.87292558e-02 -7.92645020e-04 9.92631078e-02
-5.97045669e-02 -8.06830451e-04 1.00782866e-01
-6.06827884e-02 -8.21114411e-04 1.02301950e-01
-6.16635154e-02 -8.35494451e-04 1.03819563e-01
-6.26463337e-02 -8.49967875e-04 1.05334891e-01
-6.36308198e-02 -8.64531741e-04 1.06847107e-01
-6.46165413e-02 -8.79182863e-04 1.08355371e-01
-6.56030571e-02 -8.93917821e-04 1.09858826e-01
-6.65899177e-02 -9.08732963e-04 1.11356605e-01
-6.75766656e-02 -9.23624416e-04 1.12847828e-01
-6.85628352e-02 -9.38588098e-04 1.14331605e-01
-6.95479537e-02 -9.53619724e-04 1.15807031e-01
-7.05315409e-02 -9.68714820e-04 1.17273194e-01
-7.15131095e-02 -9.83868735e-04 1.18729171e-01
-7.24921659e-02 -9.99076653e-04 1.20174030e-01
-7.34682101e-02 -1.01433361e-03 1.21606831e-01
-7.44407361e-02 -1.02963449e-03 1.23026626e-01
-7.54092325e-02 -1.04497408e-03 1.24432460e-01
-7.63731825e-02 -1.06034702e-03 1.25823372e-01
-7.73320644e-02 -1.07574788e-03 1.27198395e-01
-7.82853522e-02 -1.09117112e-03 1.28556559e-01
-7.92325156e-02 -1.10661115e-03 1.29896887e-01
-8.01730208e-02 -1.12206229e-03 1.31218402e-01
-8.11063304e-02 -1.13751882e-03 1.32520123e-01
-8.20319044e-02 -1.15297499e-03 1.33801069e-01
-8.29492001e-02 -1.16842500e-03 1.35060256e-01
-8.38576729e-02 -1.18386304e-03 1.36296703e-01
-8.47567765e-02 -1.19928328e-03 1.37509428e-01
-8.56459635e-02 -1.21467987e-03 1.38697453e-01
-8.65246856e-02 -1.23004698e-03 1.39859800e-01
-8.73923946e-02 -1.24537878e-03 1.40995499e-01
-8.82485422e-02 -1.26066945e-03 1.42103581e-01
-8.90925810e-02 -1.27591318e-03 1.43183084e-01
-8.99239647e-02 -1.29110421e-03 1.44233054e-01
-9.07421488e-02 -1.30623676e-03 1.45252541e-01
-9.15465908e-02 -1.32130512e-03 1.46240609e-01
-9.23367511e-02 -1.33630361e-03 1.47196325e-01
-9.31120929e-02 -1.35122656e-03 1.48118773e-01
-9.38720836e-02 -1.36606837e-03 1.49007042e-01
-9.46161945e-02 -1.38082347e-03 1.49860238e-01
-9.53439016e-02 -1.39548635e-03 1.50677480e-01
-9.60546862e-02 -1.41005154e-03 1.51457897e-01
-9.67480355e-02 -1.42451364e-03 1.52200639e-01
-9.74234428e-02 -1.43886729e-03 1.52904868e-01
-9.80804081e-02 -1.45310721e-03 1.53569766e-01
-9.87184390e-02 -1.46722817e-03 1.54194530e-01
-9.93370506e-02 -1.48122504e-03 1.54778378e-01
-9.99357666e-02 -1.49509273e-03 1.55320549e-01
-1.00514119e-01 -1.50882626e-03 1.55820299e-01
-1.01071651e-01 -1.52242071e-03 1.56276911e-01
-1.01607912e-01 -1.53587128e-03 1.56689686e-01
-1.02122465e-01 -1.54917324e-03 1.57057951e-01
-1.02614883e-01 -1.56232196e-03 1.57381056e-01
-1.03084750e-01 -1.57531294e-03 1.57658378e-01
-1.03531661e-01 -1.58814176e-03 1.57889318e-01
-1.03955225e-01 -1.60080413e-03 1.58073305e-01
-1.04355062e-01 -1.61329590e-03 1.58209795e-01
-1.04730805e-01 -1.62561300e-03 1.58298273e-01
-1.05082103e-01 -1.63775155e-03 1.58338252e-01
-1.05408617e-01 -1.64970775e-03 1.58329276e-01
-1.05710022e-01 -1.66147799e-03 1.58270918e-01
-1.05986008e-01 -1.67305878e-03 1.58162784e-01
-1.06236282e-01 -1.68444679e-03 1.58004510e-01
-1.06460565e-01 -1.69563883e-03 1.57795765e-01
-1.06658593e-01 -1.70663191e-03 1.57536250e-01
-1.06830120e-01 -1.71742318e-03 1.57225701e-01
-1.06974915e-01 -1.72800995e-03 1.56863887e-01
-1.07092766e-01 -1.73838974e-03 1.56450610e-01
-1.07183477e-01 -1.74856020e-03 1.55985709e-01
-1.07246868e-01 -1.75851921e-03 1.55469057e-01
-1.07282778e-01 -1.76826481e-03 1.54900562e-01
-1.07291065e-01 -1.77779523e-03 1.54280169e-01
-1.07271604e-01 -1.78710890e-03 1.53607858e-01
-1.07224287e-01 -1.79620443e-03 1.52883645e-01
-1.07149028e-01 -1.80508066e-03 1.52107584e-01
-1.07045756e-01 -1.81373659e-03 1.51279766e-01
-1.06914422e-01 -1.82217145e-03 1.50400315e-01
-1.06754993e-01 -1.83038467e-03 1.49469397e-01
-1.06567458e-01 -1.83837587e-03 1.48487211e-01
-1.06351823e-01 -1.84614490e-03 1.47453995e-01
-1.06108115e-01 -1.85369181e-03 1.46370023e-01
-1.05836378e-01 -1.86101685e-03 1.45235607e-01
-1.05536678e-01 -1.86812050e-03 1.44051094e-01
-1.05209098e-01 -1.87500343e-03 1.42816868e-01
-1.04853743e-01 -1.88166653e-03 1.41533351e-01
-1.04470733e-01 -1.88811092e-03 1.40200998e-01
-1.04060212e-01 -1.89433789e-03 1.38820304e-01
-1.03622339e-01 -1.90034899e-03 1.37391795e-01
-1.03157296e-01 -1.90614593e-03 1.35916035e-01
-1.02665281e-01 -1.91173066e-03 1.34393623e-01
-1.02146511e-01 -1.91710533e-03 1.32825190e-01
-1.01601223e-01 -1.92227228e-03 1.31211403e-01
-1.01029671e-01 -1.92723407e-03 1.29552961e-01
-1.00432129e-01 -1.93199346e-03 1.27850596e-01
-9.98088866e-02 -1.93655338e-03 1.26105074e-01
-9.91602530e-02 -1.94091700e-03 1.24317189e-01
-9.84865541e-02 -1.94508764e-03 1.22487769e-01
-9.77881333e-02 -1.94906882e-03 1.20617671e-01
-9.70653507e-02 -1.95286426e-03 1.18707782e-01
-9.63185831e-02 -1.95647784e-03 1.16759016e-01
-9.55482236e-02 -1.95991363e-03 1.14772317e-01
-9.47546810e-02 -1.96317585e-03 1.12748655e-01
-9.39383798e-02 -1.96626893e-03 1.10689026e-01
-9.30997595e-02 -1.96919741e-03 1.08594453e-01
-9.22392745e-02 -1.97196602e-03 1.06465981e-01
-9.13573934e-02 -1.97457965e-03 1.04304681e-01
-9.04545987e-02 -1.97704330e-03 1.02111644e-01
-8.95313862e-02 -1.97936215e-03 9.98879842e-02
-8.85882648e-02 -1.98154148e-03 9.76348362e-02
-8.76257560e-02 -1.98358674e-03 9.53533537e-02
-8.66443931e-02 -1.98550348e-03 9.30447089e-02
-8.56447208e-02 -1.98729735e-03 9.07100914e-02
-8.46272951e-02 -1.98897416e-03 8.83507071e-02
-8.35926822e-02 -1.99053977e-03 8.59677770e-02
-8.25414585e-02 -1.99200019e-03 8.35625364e-02
-8.14742093e-02 -1.99336148e-03 8.11362333e-02
-8.03915293e-02 -1.99462981e-03 7.86901275e-02
-7.92940212e-02 -1.99581142e-03 7.62254894e-02
-7.81822952e-02 -1.99691262e-03 7.37435990e-02
-7.70569691e-02 -1.99793978e-03 7.12457444e-02
-7.59186669e-02 -1.99889934e-03 6.87332211e-02
-7.47680187e-02 -1.99979778e-03 6.62073302e-02
-7.36056601e-02 -2.00064163e-03 6.36693778e-02
-7.24322312e-02 -2.00143744e-03 6.11206734e-02
-7.12483767e-02 -2.00219180e-03 5.85625291e-02
-7.00547445e-02 -2.00291132e-03 5.59962580e-02
-6.88519859e-02 -2.00360263e-03 5.34231733e-02
-6.76407545e-02 -2.00427234e-03 5.08445870e-02
-6.64217055e-02 -2.00492709e-03 4.82618091e-02
-6.51954957e-02 -2.00557350e-03 4.56761457e-02
-6.39627823e-02 -2.00621815e-03 4.30888986e-02
-6.27242228e-02 -2.00686764e-03 4.05013638e-02
-6.14804738e-02 -2.00752850e-03 3.79148303e-02
-6.02321912e-02 -2.00820725e-03 3.53305792e-02
-5.89800290e-02 -2.00891036e-03 3.27498827e-02
-5.77246390e-02 -2.00964422e-03 3.01740025e-02
-5.64666703e-02 -2.01041521e-03 2.76041893e-02
-5.52067683e-02 -2.01122961e-03 2.50416817e-02
-5.39455750e-02 -2.01209363e-03 2.24877047e-02
-5.26837275e-02 -2.01301341e-03 1.99434692e-02
-5.14218581e-02 -2.01399502e-03 1.74101708e-02
-5.01605937e-02 -2.01504441e-03 1.48889890e-02
-4.89005550e-02 -2.01616744e-03 1.23810859e-02
-4.76423564e-02 -2.01736989e-03 9.88760587e-03
-4.63866051e-02 -2.01865741e-03 7.40967415e-03
-4.51339009e-02 -2.02003554e-03 4.94839627e-03
-4.38848357e-02 -2.02150970e-03 2.50485717e-03
-4.26399930e-02 -2.02308518e-03 8.01203953e-05
-4.13999475e-02 -2.02476716e-03 -2.32477265e-03
-4.01652645e-02 -2.02656066e-03 -4.70880345e-03
-3.89364999e-02 -2.02847059e-03 -7.07097707e-03
-3.77141993e-02 -2.03050168e-03 -9.41032283e-03
-3.64988980e-02 -2.03265855e-03 -1.17258949e-02
-3.52911206e-02 -2.03494564e-03 -1.40167731e-02
-3.40913802e-02 -2.03736725e-03 -1.62820630e-02
-3.29001789e-02 -2.03992751e-03 -1.85208970e-02
-3.17180066e-02 -2.04263041e-03 -2.07324347e-02
-3.05453414e-02 -2.04547975e-03 -2.29158629e-02
-2.93826487e-02 -2.04847917e-03 -2.50703967e-02
-2.82303816e-02 -2.05163214e-03 -2.71952796e-02
-2.70889801e-02 -2.05494197e-03 -2.92897836e-02
-2.59588711e-02 -2.05841178e-03 -3.13532100e-02
-2.48404681e-02 -2.06204452e-03 -3.33848894e-02
-2.37341712e-02 -2.06584296e-03 -3.53841821e-02
-2.26403667e-02 -2.06980969e-03 -3.73504781e-02
-2.15594269e-02 -2.07394712e-03 -3.92831977e-02
-2.04917102e-02 -2.07825748e-03 -4.11817911e-02
-1.94375608e-02 -2.08274282e-03 -4.30457390e-02
-1.83973086e-02 -2.08740500e-03 -4.48745524e-02
-1.73712691e-02 -2.09224572e-03 -4.66677729e-02
-1.63597433e-02 -2.09726646e-03 -4.84249722e-02
-1.53630179e-02 -2.10246855e-03 -5.01457528e-02
-1.43813647e-02 -2.10785313e-03 -5.18297475e-02
-1.34150412e-02 -2.11342116e-03 -5.34766193e-02
-1.24642902e-02 -2.11917342e-03 -5.50860615e-02
-1.15293397e-02 -2.12511050e-03 -5.66577973e-02
-1.06104034e-02 -2.13123284e-03 -5.81915799e-02
-9.70768026e-03 -2.13754068e-03 -5.96871922e-02
-8.82135487e-03 -2.14403410e-03 -6.11444464e-02
-7.95159729e-03 -2.15071300e-03 -6.25631840e-02
-7.09856326e-03 -2.15757714e-03 -6.39432752e-02
-6.26239424e-03 -2.16462606e-03 -6.52846188e-02
-5.44321755e-03 -2.17185920e-03 -6.65871420e-02
-4.64114648e-03 -2.17927578e-03 -6.78507997e-02
-3.85628041e-03 -2.18687491e-03 -6.90755742e-02
-3.08870496e-03 -2.19465552e-03 -7.02614748e-02
-2.33849219e-03 -2.20261640e-03 -7.14085376e-02
-1.60570073e-03 -2.21075618e-03 -7.25168247e-02
-8.90375957e-04 -2.21907335e-03 -7.35864238e-02
-1.92550235e-04 -2.22756627e-03 -7.46174479e-02
4.87756917e-04 -2.23623315e-03 -7.56100344e-02
1.15053859e-03 -2.24507209e-03 -7.65643449e-02
1.79580028e-03 -2.25408103e-03 -7.74805647e-02
2.42355963e-03 -2.26325781e-03 -7.83589018e-02
3.03384618e-03 -2.27260013e-03 -7.91995866e-02
3.62670115e-03 -2.28210560e-03 -8.00028715e-02
4.20217715e-03 -2.29177170e-03 -8.07690298e-02
4.76033791e-03 -2.30159581e-03 -8.14983555e-02
5.30125804e-03 -2.31157520e-03 -8.21911625e-02
5.82502270e-03 -2.32170705e-03 -8.28477838e-02
6.33172733e-03 -2.33198845e-03 -8.34685711e-02
6.82147740e-03 -2.34241640e-03 -8.40538942e-02
7.29438804e-03 -2.35298781e-03 -8.46041399e-02
7.75058379e-03 -2.36369951e-03 -8.51197117e-02
8.19019826e-03 -2.37454828e-03 -8.56010291e-02
8.61337386e-03 -2.38553080e-03 -8.60485267e-02
9.02026143e-03 -2.39664370e-03 -8.64626538e-02
9.41102000e-03 -2.40788355e-03 -8.68438735e-02
9.78581638e-03 -2.41924687e-03 -8.71926620e-02
1.01448249e-02 -2.43073012e-03 -8.75095081e-02
1.04882272e-02 -2.44232972e-03 -8.77949122e-02
1.08162115e-02 -2.45404206e-03 -8.80493861e-02
1.11289729e-02 -2.46586347e-03 -8.82734519e-02
1.14267124e-02 -2.47779027e-03 -8.84676412e-02
1.17096372e-02 -2.48981874e-03 -8.86324951e-02
1.19779599e-02 -2.50194514e-03 -8.87685627e-02
1.22318983e-02 -2.51416573e-03 -8.88764012e-02
1.24716754e-02 -2.52647673e-03 -8.89565745e-02
1.26975186e-02 -2.53887437e-03 -8.90096531e-02
1.29096596e-02 -2.55135486e-03 -8.90362133e-02
1.31083342e-02 -2.56391443e-03 -8.90368364e-02
1.32937819e-02 -2.57654928e-03 -8.90121084e-02
1.34662455e-02 -2.58925566e-03 -8.89626189e-02
1.36259710e-02 -2.60202979e-03 -8.88889611e-02
1.37732071e-02 -2.61486793e-03 -8.87917305e-02
1.39082049e-02 -2.62776634e-03 -8.86715251e-02
1.40312179e-02 -2.64072134e-03 -8.85289440e-02
1.41425014e-02 -2.65372922e-03 -8.83645876e-02
1.42423125e-02 -2.66678633e-03 -8.81790564e-02
1.43309095e-02 -2.67988906e-03 -8.79729510e-02
1.44085517e-02 -2.69303381e-03 -8.77468712e-02
1.44754996e-02 -2.70621704e-03 -8.75014156e-02
1.45320140e-02 -2.71943524e-03 -8.72371813e-02
1.45783561e-02 -2.73268493e-03 -8.69547631e-02
1.46147873e-02 -2.74596271e-03 -8.66547531e-02
1.46415686e-02 -2.75926518e-03 -8.63377404e-02
1.46589609e-02 -2.77258904e-03 -8.60043108e-02
1.46672243e-02 -2.78593101e-03 -8.56550457e-02
1.46666182e-02 -2.79928788e-03 -8.52905226e-02
1.46574009e-02 -2.81265649e-03 -8.49113140e-02
1.46398295e-02 -2.82603373e-03 -8.45179873e-02
1.46141596e-02 -2.83941658e-03 -8.41111044e-02
1.45806453e-02 -2.85280204e-03 -8.36912216e-02
1.45395387e-02 -2.86618721e-03 -8.32588887e-02
1.44910902e-02 -2.87956923e-03 -8.28146493e-02
1.44355478e-02 -2.89294532e-03 -8.23590400e-02
1.43731572e-02 -2.90631276e-03 -8.18925905e-02
1.43041619e-02 -2.91966890e-03 -8.14158231e-02
1.42288024e-02 -2.93301115e-03 -8.09292525e-02
1.41473168e-02 -2.94633700e-03 -8.04333857e-02
1.40599400e-02 -2.95964401e-03 -7.99287216e-02
1.39669042e-02 -2.97292981e-03 -7.94157507e-02
1.38684382e-02 -2.98619208e-03 -7.88949552e-02
1.37647677e-02 -2.99942861e-03 -7.83668086e-02
1.36561151e-02 -3.01263722e-03 -7.78317758e-02
1.35426992e-02 -3.02581583e-03 -7.72903125e-02
1.34247354e-02 -3.03896242e-03 -7.67428655e-02
1.33024354e-02 -3.05207505e-03 -7.61898723e-02
1.31760073e-02 -3.06515182e-03 -7.56317612e-02
1.30456552e-02 -3.07819094e-03 -7.50689510e-02
1.29115797e-02 -3.09119068e-03 -7.45018511e-02
1.27739773e-02 -3.10414935e-03 -7.39308613e-02
1.26330406e-02 -3.11706537e-03 -7.33563718e-02
1.24889582e-02 -3.12993721e-03 -7.27787631e-02
1.23419146e-02 -3.14276340e-03 -7.21984061e-02
1.21920904e-02 -3.15554254e-03 -7.16156620e-02
1.20396620e-02 -3.16827332e-03 -7.10308821e-02
1.18848016e-02 -3.18095445e-03 -7.04444081e-02
1.17276775e-02 -3.19358476e-03 -6.98565721e-02
1.15684536e-02 -3.20616309e-03 -6.92676964e-02
1.14072897e-02 -3.21868837e-03 -6.86780936e-02
1.12443416e-02 -3.23115959e-03 -6.80880666e-02
1.10797608e-02 -3.24357580e-03 -6.74979091e-02
1.09136946e-02 -3.25593609e-03 -6.69079048e-02
1.07462862e-02 -3.26823964e-03 -6.63183282e-02
1.05776747e-02 -3.28048565e-03 -6.57294445e-02
1.04079951e-02 -3.29267340e-03 -6.51415094e-02
1.02373783e-02 -3.30480222e-03 -6.45547696e-02
1.00659510e-02 -3.31687148e-03 -6.39694626e-02
9.89383608e-03 -3.32888062e-03 -6.33858167e-02
9.72115228e-03 -3.34082910e-03 -6.28040515e-02
9.54801440e-03 -3.35271646e-03 -6.22243779e-02
9.37453331e-03 -3.36454226e-03 -6.16469980e-02
9.20081601e-03 -3.37630612e-03 -6.10721053e-02
9.02696565e-03 -3.38800770e-03 -6.04998848e-02
8.85308159e-03 -3.39964670e-03 -5.99305136e-02
8.67925943e-03 -3.41122286e-03 -5.93641603e-02
8.50559111e-03 -3.42273597e-03 -5.88009857e-02
8.33216490e-03 -3.43418583e-03 -5.82411424e-02
8.15906552e-03 -3.44557230e-03 -5.76847758e-02
7.98637414e-03 -3.45689528e-03 -5.71320234e-02
7.81416850e-03 -3.46815467e-03 -5.65830153e-02
7.64252290e-03 -3.47935044e-03 -5.60378745e-02
7.47150833e-03 -3.49048256e-03 -5.54967169e-02
7.30119251e-03 -3.50155104e-03 -5.49596512e-02
7.13163993e-03 -3.51255593e-03 -5.44267797e-02
6.96291195e-03 -3.52349728e-03 -5.38981978e-02
6.79506685e-03 -3.53437518e-03 -5.33739947e-02
6.62815992e-03 -3.54518975e-03 -5.28542532e-02
6.46224349e-03 -3.55594111e-03 -5.23390499e-02
6.29736703e-03 -3.56662943e-03 -5.18284556e-02
6.13357721e-03 -3.57725486e-03 -5.13225352e-02
5.97091798e-03 -3.58781761e-03 -5.08213481e-02
5.80943063e-03 -3.59831788e-03 -5.03249482e-02
5.64915383e-03 -3.60875588e-03 -4.98333841e-02
5.49012378e-03 -3.61913187e-03 -4.93466992e-02
5.33237420e-03 -3.62944608e-03 -4.88649321e-02
5.17593645e-03 -3.63969878e-03 -4.83881165e-02
5.02083956e-03 -3.64989025e-03 -4.79162813e-02
4.86711035e-03 -3.66002076e-03 -4.74494513e-02
4.71477345e-03 -3.67009060e-03 -4.69876467e-02
4.56385139e-03 -3.68010008e-03 -4.65308836e-02
4.41436469e-03 -3.69004950e-03 -4.60791740e-02
4.26633189e-03 -3.69993917e-03 -4.56325262e-02
4.11976962e-03 -3.70976942e-03 -4.51909447e-02
3.97469271e-03 -3.71954056e-03 -4.47544304e-02
3.83111420e-03 -3.72925292e-03 -4.43229808e-02
3.68904543e-03 -3.73890682e-03 -4.38965902e-02
3.54849612e-03 -3.74850261e-03 -4.34752496e-02
3.40947440e-03 -3.75804060e-03 -4.30589472e-02
3.27198688e-03 -3.76752114e-03 -4.26476683e-02
3.13603875e-03 -3.77694455e-03 -4.22413952e-02
3.00163378e-03 -3.78631116e-03 -4.18401080e-02
2.86877442e-03 -3.79562132e-03 -4.14437841e-02
2.73746183e-03 -3.80487534e-03 -4.10523985e-02
2.60769596e-03 -3.81407354e-03 -4.06659242e-02
2.47947560e-03 -3.82321627e-03 -4.02843320e-02
2.35279842e-03 -3.83230383e-03 -3.99075904e-02
2.22766105e-03 -3.84133654e-03 -3.95356666e-02
2.10405909e-03 -3.85031472e-03 -3.91685256e-02
1.98198722e-03 -3.85923867e-03 -3.88061309e-02
1.86143917e-03 -3.86810869e-03 -3.84484444e-02
1.74240785e-03 -3.87692509e-03 -3.80954265e-02
1.62488534e-03 -3.88568817e-03 -3.77470365e-02
1.50886297e-03 -3.89439819e-03 -3.74032321e-02
1.39433133e-03 -3.90305546e-03 -3.70639700e-02
1.28128034e-03 -3.91166024e-03 -3.67292058e-02
1.16969930e-03 -3.92021280e-03 -3.63988942e-02
1.05957689e-03 -3.92871341e-03 -3.60729889e-02
9.50901255e-04 -3.93716233e-03 -3.57514427e-02
8.43660002e-04 -3.94555979e-03 -3.54342079e-02
7.37840271e-04 -3.95390606e-03 -3.51212359e-02
6.33428752e-04 -3.96220136e-03 -3.48124775e-02
5.30411722e-04 -3.97044592e-03 -3.45078832e-02
4.28775083e-04 -3.97863997e-03 -3.42074028e-02
3.28504390e-04 -3.98678372e-03 -3.39109858e-02
2.29584881e-04 -3.99487738e-03 -3.36185815e-02
1.32001511e-04 -4.00292116e-03 -3.33301386e-02
3.57389764e-05 -4.01091524e-03 -3.30456058e-02
-5.92182548e-05 -4.01885982e-03 -3.27649317e-02
-1.52885918e-04 -4.02675508e-03 -3.24880648e-02
-2.45279928e-04 -4.03460119e-03 -3.22149532e-02
-3.36416349e-04 -4.04239833e-03 -3.19455454e-02
-4.26311381e-04 -4.05014664e-03 -3.16797896e-02
-5.14981329e-04 -4.05784630e-03 -3.14176345e-02
-6.02442584e-04 -4.06549744e-03 -3.11590284e-02
-6.88711607e-04 -4.07310021e-03 -3.09039202e-02
-7.73804905e-04 -4.08065474e-03 -3.06522587e-02
-8.57739014e-04 -4.08816117e-03 -3.04039931e-02
-9.40530483e-04 -4.09561962e-03 -3.01590727e-02
-1.02219585e-03 -4.10303022e-03 -2.99174472e-02
-1.10275165e-03 -4.11039306e-03 -2.96790667e-02
-1.18221436e-03 -4.11770827e-03 -2.94438814e-02
-1.26060043e-03 -4.12497594e-03 -2.92118421e-02
-1.33792622e-03 -4.13219617e-03 -2.89828999e-02
-1.41420804e-03 -4.13936906e-03 -2.87570062e-02
-1.48946211e-03 -4.14649469e-03 -2.85341132e-02
-1.56370454e-03 -4.15357314e-03 -2.83141732e-02
-1.63695135e-03 -4.16060450e-03 -2.80971390e-02
-1.70921841e-03 -4.16758885e-03 -2.78829642e-02
-1.78052150e-03 -4.17452624e-03 -2.76716025e-02
-1.85087625e-03 -4.18141676e-03 -2.74630084e-02
-1.92029814e-03 -4.18826046e-03 -2.72571368e-02
-1.98880252e-03 -4.19505741e-03 -2.70539433e-02
-2.05640455e-03 -4.20180766e-03 -2.68533838e-02
-2.12311926e-03 -4.20851126e-03 -2.66554150e-02
-2.18896150e-03 -4.21516827e-03 -2.64599939e-02
-2.25394595e-03 -4.22177874e-03 -2.62670785e-02
-2.31808710e-03 -4.22834271e-03 -2.60766270e-02
-2.38139927e-03 -4.23486023e-03 -2.58885983e-02
-2.44389659e-03 -4.24133134e-03 -2.57029519e-02
-2.50559300e-03 -4.24775607e-03 -2.55196479e-02
-2.56650226e-03 -4.25413448e-03 -2.53386470e-02
-2.62663791e-03 -4.26046658e-03 -2.51599106e-02
-2.68601333e-03 -4.26675242e-03 -2.49834004e-02
-2.74464167e-03 -4.27299203e-03 -2.48090791e-02
-2.80253590e-03 -4.27918545e-03 -2.46369096e-02
-2.85970877e-03 -4.28533270e-03 -2.44668557e-02
-2.91617284e-03 -4.29143382e-03 -2.42988817e-02
-2.97194049e-03 -4.29748883e-03 -2.41329524e-02
-3.02702385e-03 -4.30349776e-03 -2.39690334e-02
-3.08143489e-03 -4.30946065e-03 -2.38070905e-02
-3.13518535e-03 -4.31537752e-03 -2.36470906e-02
-3.18828679e-03 -4.32124840e-03 -2.34890009e-02
-3.24075055e-03 -4.32707332e-03 -2.33327890e-02
-3.29258778e-03 -4.33285230e-03 -2.31784235e-02
-3.34380944e-03 -4.33858538e-03 -2.30258732e-02
-3.39442627e-03 -4.34427259e-03 -2.28751076e-02
-3.44444882e-03 -4.34991395e-03 -2.27260968e-02
-3.49388747e-03 -4.35550949e-03 -2.25788115e-02
-3.54275236e-03 -4.36105924e-03 -2.24332226e-02
-3.59105348e-03 -4.36656324e-03 -2.22893020e-02
-3.63880060e-03 -4.37202151e-03 -2.21470217e-02
-3.68600333e-03 -4.37743409e-03 -2.20063547e-02
-3.73267108e-03 -4.38280102e-03 -2.18672740e-02
-3.77881306e-03 -4.38812232e-03 -2.17297535e-02
-3.82443832e-03 -4.39339804e-03 -2.15937675e-02
-3.86955572e-03 -4.39862820e-03 -2.14592906e-02
-3.91417396e-03 -4.40381286e-03 -2.13262981e-02
-3.95830155e-03 -4.40895204e-03 -2.11947658e-02
-4.00194682e-03 -4.41404579e-03 -2.10646698e-02
-4.04511795e-03 -4.41909416e-03 -2.09359868e-02
-4.08782294e-03 -4.42409717e-03 -2.08086939e-02
-4.13006964e-03 -4.42905489e-03 -2.06827687e-02
-4.17186571e-03 -4.43396736e-03 -2.05581891e-02
-4.21321868e-03 -4.43883463e-03 -2.04349336e-02
-4.25413591e-03 -4.44365674e-03 -2.03129810e-02
-4.29462460e-03 -4.44843375e-03 -2.01923107e-02
-4.33469183e-03 -4.45316571e-03 -2.00729023e-02
-4.37434449e-03 -4.45785268e-03 -1.99547358e-02
-4.41358935e-03 -4.46249472e-03 -1.98377919e-02
-4.45243303e-03 -4.46709188e-03 -1.97220513e-02
-4.49088201e-03 -4.47164423e-03 -1.96074953e-02
-4.52894263e-03 -4.47615183e-03 -1.94941055e-02
-4.56662110e-03 -4.48061474e-03 -1.93818639e-02
-4.60392350e-03 -4.48503303e-03 -1.92707529e-02
-4.64085578e-03 -4.48940676e-03 -1.91607551e-02
-4.67742374e-03 -4.49373602e-03 -1.90518536e-02
-4.71363310e-03 -4.49802087e-03 -1.89440317e-02
-4.74948942e-03 -4.50226138e-03 -1.88372732e-02
-4.78499815e-03 -4.50645764e-03 -1.87315621e-02
-4.82016464e-03 -4.51060971e-03 -1.86268827e-02
-4.85499411e-03 -4.51471769e-03 -1.85232196e-02
-4.88949167e-03 -4.51878164e-03 -1.84205579e-02
-4.92366233e-03 -4.52280167e-03 -1.83188828e-02
-4.95751099e-03 -4.52677784e-03 -1.82181797e-02
-4.99104244e-03 -4.53071026e-03 -1.81184346e-02
-5.02426136e-03 -4.53459900e-03 -1.80196335e-02
-5.05717237e-03 -4.53844417e-03 -1.79217629e-02
-5.08977994e-03 -4.54224585e-03 -1.78248092e-02
-5.12208849e-03 -4.54600414e-03 -1.77287595e-02
-5.15410233e-03 -4.54971914e-03 -1.76336010e-02
-5.18582567e-03 -4.55339094e-03 -1.75393209e-02
-5.21726264e-03 -4.55701966e-03 -1.74459070e-02
-5.24841729e-03 -4.56060538e-03 -1.73533471e-02
-5.27929358e-03 -4.56414822e-03 -1.72616294e-02
-5.30989539e-03 -4.56764827e-03 -1.71707421e-02
-5.34022652e-03 -4.57110566e-03 -1.70806740e-02
-5.37029070e-03 -4.57452049e-03 -1.69914137e-02
-5.40009157e-03 -4.57789286e-03 -1.69029503e-02
-5.42963270e-03 -4.58122290e-03 -1.68152730e-02
-5.45891759e-03 -4.58451071e-03 -1.67283711e-02
-5.48794968e-03 -4.58775641e-03 -1.66422344e-02
-5.51673232e-03 -4.59096013e-03 -1.65568526e-02
-5.54526880e-03 -4.59412197e-03 -1.64722157e-02
-5.57356237e-03 -4.59724206e-03 -1.63883139e-02
-5.60161617e-03 -4.60032052e-03 -1.63051376e-02
-5.62943332e-03 -4.60335748e-03 -1.62226773e-02
-5.65701685e-03 -4.60635305e-03 -1.61409237e-02
-5.68436975e-03 -4.60930737e-03 -1.60598678e-02
-5.71149493e-03 -4.61222056e-03 -1.59795006e-02
-5.73839528e-03 -4.61509275e-03 -1.58998133e-02
-5.76507359e-03 -4.61792406e-03 -1.58207972e-02
-5.79153263e-03 -4.62071464e-03 -1.57424440e-02
-5.81777511e-03 -4.62346460e-03 -1.56647452e-02
-5.84380366e-03 -4.62617409e-03 -1.55876928e-02
-5.86962091e-03 -4.62884323e-03 -1.55112787e-02
-5.89522940e-03 -4.63147217e-03 -1.54354950e-02
-5.92063163e-03 -4.63406104e-03 -1.53603339e-02
-5.94583007e-03 -4.63660997e-03 -1.52857879e-02
-5.97082713e-03 -4.63911910e-03 -1.52118494e-02
-5.99562517e-03 -4.64158857e-03 -1.51385111e-02
-6.02022651e-03 -4.64401853e-03 -1.50657658e-02
-6.04463344e-03 -4.64640910e-03 -1.49936063e-02
-6.06884819e-03 -4.64876044e-03 -1.49220256e-02
-6.09287296e-03 -4.65107268e-03 -1.48510170e-02
-6.11670990e-03 -4.65334597e-03 -1.47805735e-02
-6.14036113e-03 -4.65558045e-03 -1.47106886e-02
-6.16382873e-03 -4.65777627e-03 -1.46413557e-02
-6.18711473e-03 -4.65993357e-03 -1.45725684e-02
-6.21022113e-03 -4.66205249e-03 -1.45043203e-02
-6.23314991e-03 -4.66413320e-03 -1.44366051e-02
-6.25590298e-03 -4.66617582e-03 -1.43694169e-02
-6.27848226e-03 -4.66818052e-03 -1.43027494e-02
-6.30088959e-03 -4.67014744e-03 -1.42365968e-02
-6.32312681e-03 -4.67207673e-03 -1.41709533e-02
-6.34519572e-03 -4.67396854e-03 -1.41058129e-02
-6.36709808e-03 -4.67582302e-03 -1.40411702e-02
-6.38883562e-03 -4.67764033e-03 -1.39770194e-02
-6.41041005e-03 -4.67942062e-03 -1.39133551e-02
-6.43182305e-03 -4.68116404e-03 -1.38501718e-02
-6.45307626e-03 -4.68287075e-03 -1.37874643e-02
-6.47417130e-03 -4.68454090e-03 -1.37252273e-02
-6.49510977e-03 -4.68617465e-03 -1.36634555e-02
-6.51589323e-03 -4.68777215e-03 -1.36021440e-02
-6.53652322e-03 -4.68933357e-03 -1.35412876e-02
-6.55700127e-03 -4.69085905e-03 -1.34808814e-02
-6.57732885e-03 -4.69234876e-03 -1.34209206e-02
-6.59750744e-03 -4.69380286e-03 -1.33614004e-02
-6.61753849e-03 -4.69522150e-03 -1.33023160e-02
-6.63742342e-03 -4.69660485e-03 -1.32436628e-02
-6.65716363e-03 -4.69795306e-03 -1.31854361e-02
-6.67676050e-03 -4.69926630e-03 -1.31276315e-02
-6.69621540e-03 -4.70054473e-03 -1.30702446e-02
-6.71552966e-03 -4.70178850e-03 -1.30132708e-02
-6.73470460e-03 -4.70299778e-03 -1.29567060e-02
-6.75374154e-03 -4.70417274e-03 -1.29005459e-02
-6.77264174e-03 -4.70531352e-03 -1.28447862e-02
-6.79140648e-03 -4.70642031e-03 -1.27894228e-02
-6.81003701e-03 -4.70749324e-03 -1.27344516e-02
-6.82853455e-03 -4.70853250e-03 -1.26798687e-02
-6.84690032e-03 -4.70953824e-03 -1.26256701e-02
-6.86513552e-03 -4.71051062e-03 -1.25718519e-02
-6.88324132e-03 -4.71144981e-03 -1.25184102e-02
-6.90121890e-03 -4.71235596e-03 -1.24653413e-02
-6.91906940e-03 -4.71322924e-03 -1.24126413e-02
-6.93679396e-03 -4.71406982e-03 -1.23603067e-02
-6.95439368e-03 -4.71487784e-03 -1.23083338e-02
-6.97186969e-03 -4.71565347e-03 -1.22567191e-02
-6.98922305e-03 -4.71639687e-03 -1.22054589e-02
-7.00645485e-03 -4.71710820e-03 -1.21545498e-02
-7.02356613e-03 -4.71778762e-03 -1.21039883e-02
-7.04055795e-03 -4.71843529e-03 -1.20537711e-02
-7.05743134e-03 -4.71905137e-03 -1.20038948e-02
-7.07418729e-03 -4.71963602e-03 -1.19543561e-02
-7.09082682e-03 -4.72018938e-03 -1.19051518e-02
-7.10735091e-03 -4.72071163e-03 -1.18562785e-02
-7.12376052e-03 -4.72120292e-03 -1.18077331e-02
-7.14005662e-03 -4.72166340e-03 -1.17595125e-02
-7.15624014e-03 -4.72209323e-03 -1.17116136e-02
-7.17231202e-03 -4.72249257e-03 -1.16640332e-02
-7.18827316e-03 -4.72286157e-03 -1.16167683e-02
-7.20412448e-03 -4.72320039e-03 -1.15698160e-02
-7.21986686e-03 -4.72350918e-03 -1.15231732e-02
-7.23550118e-03 -4.72378810e-03 -1.14768371e-02
-7.25102831e-03 -4.72403731e-03 -1.14308047e-02
-7.26644908e-03 -4.72425696e-03 -1.13850732e-02
-7.28176436e-03 -4.72444720e-03 -1.13396398e-02
-7.29697496e-03 -4.72460820e-03 -1.12945015e-02
-7.31208171e-03 -4.72474010e-03 -1.12496558e-02
-7.32708541e-03 -4.72484306e-03 -1.12050998e-02
-7.34198688e-03 -4.72491724e-03 -1.11608309e-02
-7.35678689e-03 -4.72496280e-03 -1.11168464e-02
-7.37148624e-03 -4.72497989e-03 -1.10731437e-02
-7.38608570e-03 -4.72496867e-03 -1.10297202e-02
-7.40058604e-03 -4.72492930e-03 -1.09865734e-02
-7.41498803e-03 -4.72486194e-03 -1.09437007e-02
-7.42929242e-03 -4.72476673e-03 -1.09010997e-02
-7.44349997e-03 -4.72464386e-03 -1.08587680e-02
-7.45761142e-03 -4.72449346e-03 -1.08167030e-02
-7.47162752e-03 -4.72431570e-03 -1.07749026e-02
-7.48554903e-03 -4.72411075e-03 -1.07333644e-02
-7.49937666e-03 -4.72387876e-03 -1.06920860e-02
-7.51311117e-03 -4.72361989e-03 -1.06510653e-02
-7.52675330e-03 -4.72333429e-03 -1.06103001e-02
-7.54030378e-03 -4.72302215e-03 -1.05697882e-02
-7.55376334e-03 -4.72268360e-03 -1.05295275e-02
-7.56713273e-03 -4.72231881e-03 -1.04895159e-02
-7.58041267e-03 -4.72192794e-03 -1.04497515e-02
-7.59360391e-03 -4.72151115e-03 -1.04102321e-02
-7.60670718e-03 -4.72106860e-03 -1.03709559e-02
-7.61972322e-03 -4.72060044e-03 -1.03319210e-02
-7.63265275e-03 -4.72010683e-03 -1.02931255e-02
-7.64549651e-03 -4.71958793e-03 -1.02545675e-02
-7.65825524e-03 -4.71904388e-03 -1.02162453e-02
-7.67092966e-03 -4.71847485e-03 -1.01781571e-02
-7.68352049e-03 -4.71788097e-03 -1.01403011e-02
-7.69602846e-03 -4.71726242e-03 -1.01026756e-02
-7.70845429e-03 -4.71661932e-03 -1.00652789e-02
-7.72079868e-03 -4.71595182e-03 -1.00281094e-02
-7.73306233e-03 -4.71526008e-03 -9.99116548e-03
-7.74524593e-03 -4.71454423e-03 -9.95444540e-03
-7.75735017e-03 -4.71380441e-03 -9.91794757e-03
-7.76937571e-03 -4.71304077e-03 -9.88167038e-03
-7.78132321e-03 -4.71225343e-03 -9.84561222e-03
-7.79319330e-03 -4.71144254e-03 -9.80977146e-03
-7.80498660e-03 -4.71060823e-03 -9.77414649e-03
-7.81670372e-03 -4.70975062e-03 -9.73873566e-03
-7.82834522e-03 -4.70886986e-03 -9.70353734e-03
-7.83991167e-03 -4.70796606e-03 -9.66854985e-03
-7.85140360e-03 -4.70703936e-03 -9.63377150e-03
-7.86282149e-03 -4.70608988e-03 -9.59920058e-03
-7.87416584e-03 -4.70511775e-03 -9.56483533e-03
-7.88543708e-03 -4.70412309e-03 -9.53067397e-03
-7.89663562e-03 -4.70310604e-03 -9.49671468e-03
-7.90776185e-03 -4.70206670e-03 -9.46295558e-03
-7.91881610e-03 -4.70100522e-03 -9.42939478e-03
-7.92979869e-03 -4.69992172e-03 -9.39603030e-03
-7.94070990e-03 -4.69881632e-03 -9.36286016e-03
-7.95154996e-03 -4.69768915e-03 -9.32988230e-03
-7.96231909e-03 -4.69654035e-03 -9.29709462e-03
-7.97301744e-03 -4.69537004e-03 -9.26449496e-03
-7.98364515e-03 -4.69417837e-03 -9.23208113e-03
-7.99420233e-03 -4.69296547e-03 -9.19985088e-03
-8.00468904e-03 -4.69173147e-03 -9.16780193e-03
-8.01510533e-03 -4.69047653e-03 -9.13593193e-03
-8.02545119e-03 -4.68920079e-03 -9.10423854e-03
-8.03572662e-03 -4.68790439e-03 -9.07271934e-03
-8.04593157e-03 -4.68658750e-03 -9.04137192e-03
-8.05606598e-03 -4.68525027e-03 -9.01019382e-03
-8.06612977e-03 -4.68389285e-03 -8.97918260e-03
-8.07612285e-03 -4.68251542e-03 -8.94833578e-03
-8.08604510e-03 -4.68111813e-03 -8.91765091e-03
-8.09589644e-03 -4.67970116e-03 -8.88712554e-03
-8.10567674e-03 -4.67826468e-03 -8.85675725e-03
-8.11538590e-03 -4.67680887e-03 -8.82654366e-03
-8.12502382e-03 -4.67533389e-03 -8.79648241e-03
-8.13459044e-03 -4.67383993e-03 -8.76657121e-03
-8.14408568e-03 -4.67232717e-03 -8.73680786e-03
-8.15350952e-03 -4.67079579e-03 -8.70719020e-03
-8.16286195e-03 -4.66924597e-03 -8.67771620e-03
-8.17214300e-03 -4.66767788e-03 -8.64838390e-03
-8.18135276e-03 -4.66609170e-03 -8.61919147e-03
-8.19049136e-03 -4.66448761e-03 -8.59013723e-03
-8.19955897e-03 -4.66286577e-03 -8.56121961e-03
-8.20855583e-03 -4.66122636e-03 -8.53243721e-03
-8.21748226e-03 -4.65956953e-03 -8.50378878e-03
-8.22633863e-03 -4.65789545e-03 -8.47527326e-03
-8.23512539e-03 -4.65620425e-03 -8.44688975e-03
-8.24384307e-03 -4.65449610e-03 -8.41863756e-03
-8.25249229e-03 -4.65277110e-03 -8.39051619e-03
-8.26107374e-03 -4.65102941e-03 -8.36252535e-03
-8.26958820e-03 -4.64927112e-03 -8.33466496e-03
-8.27803657e-03 -4.64749634e-03 -8.30693515e-03
-8.28641982e-03 -4.64570517e-03 -8.27933629e-03
-8.29473900e-03 -4.64389769e-03 -8.25186893e-03
-8.30299529e-03 -4.64207398e-03 -8.22453387e-03
-8.31118995e-03 -4.64023409e-03 -8.19733213e-03
-8.31932432e-03 -4.63837807e-03 -8.17026493e-03
-8.32739986e-03 -4.63650597e-03 -8.14333370e-03
-8.33541810e-03 -4.63461780e-03 -8.11654010e-03
-8.34338066e-03 -4.63271358e-03 -8.08988596e-03
-8.35128927e-03 -4.63079332e-03 -8.06337330e-03
-8.35914571e-03 -4.62885702e-03 -8.03700433e-03
-8.36695186e-03 -4.62690465e-03 -8.01078143e-03
-8.37470964e-03 -4.62493620e-03 -7.98470710e-03
-8.38242108e-03 -4.62295165e-03 -7.95878401e-03
-8.39008822e-03 -4.62095096e-03 -7.93301492e-03
-8.39771319e-03 -4.61893410e-03 -7.90740271e-03
-8.40529814e-03 -4.61690103e-03 -7.88195034e-03
-8.41284526e-03 -4.61485172e-03 -7.85666082e-03
-8.42035678e-03 -4.61278613e-03 -7.83153722e-03
-8.42783492e-03 -4.61070424e-03 -7.80658261e-03
-8.43528195e-03 -4.60860602e-03 -7.78180008e-03
-8.44270009e-03 -4.60649147e-03 -7.75719267e-03
-8.45009159e-03 -4.60436059e-03 -7.73276342e-03
-8.45745865e-03 -4.60221338e-03 -7.70851524e-03
-8.46480347e-03 -4.60004989e-03 -7.68445100e-03
-8.47212818e-03 -4.59787016e-03 -7.66057343e-03
-8.47943489e-03 -4.59567427e-03 -7.63688514e-03
-8.48672563e-03 -4.59346231e-03 -7.61338858e-03
-8.49400236e-03 -4.59123440e-03 -7.59008601e-03
-8.50126698e-03 -4.58899071e-03 -7.56697952e-03
-8.50852130e-03 -4.58673140e-03 -7.54407097e-03
-8.51576704e-03 -4.58445670e-03 -7.52136201e-03
-8.52300579e-03 -4.58216685e-03 -7.49885403e-03
-8.53023909e-03 -4.57986214e-03 -7.47654815e-03
-8.53746830e-03 -4.57754289e-03 -7.45444527e-03
-8.54469472e-03 -4.57520946e-03 -7.43254595e-03
-8.55191950e-03 -4.57286224e-03 -7.41085051e-03
-8.55914365e-03 -4.57050167e-03 -7.38935896e-03
-8.56636806e-03 -4.56812822e-03 -7.36807102e-03
-8.57359351e-03 -4.56574241e-03 -7.34698609e-03
-8.58082060e-03 -4.56334477e-03 -7.32610330e-03
-8.58804984e-03 -4.56093589e-03 -7.30542148e-03
-8.59528157e-03 -4.55851638e-03 -7.28493917e-03
-8.60251601e-03 -4.55608689e-03 -7.26465461e-03
-8.60975325e-03 -4.55364809e-03 -7.24456579e-03
-8.61699324e-03 -4.55120068e-03 -7.22467044e-03
-8.62423582e-03 -4.54874538e-03 -7.20496603e-03
-8.63148070e-03 -4.54628293e-03 -7.18544979e-03
-8.63872748e-03 -4.54381407e-03 -7.16611877e-03
-8.64597562e-03 -4.54133957e-03 -7.14696978e-03
-8.65322453e-03 -4.53886019e-03 -7.12799949e-03
-8.66047347e-03 -4.53637668e-03 -7.10920440e-03
-8.66772166e-03 -4.53388981e-03 -7.09058089e-03
-8.67496820e-03 -4.53140031e-03 -7.07212524e-03
-8.68221215e-03 -4.52890889e-03 -7.05383363e-03
-8.68945250e-03 -4.52641625e-03 -7.03570220e-03
-8.69668818e-03 -4.52392305e-03 -7.01772708e-03
-8.70391808e-03 -4.52142989e-03 -6.99990438e-03
-8.71114109e-03 -4.51893736e-03 -6.98223024e-03
-8.71835603e-03 -4.51644597e-03 -6.96470087e-03
-8.72556176e-03 -4.51395617e-03 -6.94731256e-03
-8.73275710e-03 -4.51146836e-03 -6.93006171e-03
-8.73994091e-03 -4.50898285e-03 -6.91294485e-03
-8.74711207e-03 -4.50649987e-03 -6.89595870e-03
-8.75426947e-03 -4.50401957e-03 -6.87910014e-03
-8.76141207e-03 -4.50154202e-03 -6.86236627e-03
-8.76853886e-03 -4.49906716e-03 -6.84575444e-03
-8.77564890e-03 -4.49659487e-03 -6.82926223e-03
-8.78274132e-03 -4.49412490e-03 -6.81288751e-03
-8.78981531e-03 -4.49165689e-03 -6.79662845e-03
-8.79687018e-03 -4.48919036e-03 -6.78048352e-03
-8.80390529e-03 -4.48672475e-03 -6.76445150e-03
-8.81092012e-03 -4.48425934e-03 -6.74853153e-03
-8.81791424e-03 -4.48179332e-03 -6.73272307e-03
-8.82488733e-03 -4.47932575e-03 -6.71702596e-03
-8.83183919e-03 -4.47685557e-03 -6.70144037e-03
-8.83876971e-03 -4.47438161e-03 -6.68596685e-03
-8.84567892e-03 -4.47190258e-03 -6.67060631e-03
-8.85256693e-03 -4.46941709e-03 -6.65536003e-03
-8.85943401e-03 -4.46692362e-03 -6.64022963e-03
-8.86628052e-03 -4.46442056e-03 -6.62521711e-03
-8.87310692e-03 -4.46190619e-03 -6.61032480e-03
-8.87991381e-03 -4.45937872e-03 -6.59555538e-03
-8.88670188e-03 -4.45683626e-03 -6.58091185e-03
-8.89347194e-03 -4.45427683e-03 -6.56639754e-03
-8.90022488e-03 -4.45169839e-03 -6.55201607e-03
-8.90696171e-03 -4.44909885e-03 -6.53777137e-03
-8.91368350e-03 -4.44647605e-03 -6.52366760e-03
-8.92039144e-03 -4.44382779e-03 -6.50970920e-03
-8.92708676e-03 -4.44115186e-03 -6.49590084e-03
-8.93377079e-03 -4.43844601e-03 -6.48224740e-03
-8.94044489e-03 -4.43570797e-03 -6.46875394e-03
-8.94711050e-03 -4.43293551e-03 -6.45542569e-03
-8.95376909e-03 -4.43012637e-03 -6.44226805e-03
-8.96042217e-03 -4.42727836e-03 -6.42928649e-03
-8.96707128e-03 -4.42438930e-03 -6.41648663e-03
-8.97371796e-03 -4.42145707e-03 -6.40387413e-03
-8.98036378e-03 -4.41847961e-03 -6.39145471e-03
-8.98701030e-03 -4.41545494e-03 -6.37923412e-03
-8.99365906e-03 -4.41238116e-03 -6.36721811e-03
-9.00031158e-03 -4.40925647e-03 -6.35541239e-03
-9.00696938e-03 -4.40607918e-03 -6.34382265e-03
-9.01363390e-03 -4.40284771e-03 -6.33245452e-03
-9.02030656e-03 -4.39956063e-03 -6.32131350e-03
-9.02698871e-03 -4.39621663e-03 -6.31040503e-03
-9.03368165e-03 -4.39281454e-03 -6.29973438e-03
-9.04038660e-03 -4.38935335e-03 -6.28930670e-03
-9.04710471e-03 -4.38583221e-03 -6.27912696e-03
-9.05383702e-03 -4.38225044e-03 -6.26919994e-03
-9.06058452e-03 -4.37860753e-03 -6.25953023e-03
-9.06734806e-03 -4.37490313e-03 -6.25012219e-03
-9.07412841e-03 -4.37113708e-03 -6.24097997e-03
-9.08092624e-03 -4.36730940e-03 -6.23210745e-03
-9.08774209e-03 -4.36342029e-03 -6.22350829e-03
-9.09457639e-03 -4.35947011e-03 -6.21518584e-03
-9.10142945e-03 -4.35545942e-03 -6.20714320e-03
-9.10830146e-03 -4.35138894e-03 -6.19938318e-03
-9.11519250e-03 -4.34725958e-03 -6.19190831e-03
-9.12210251e-03 -4.34307239e-03 -6.18472079e-03
-9.12903130e-03 -4.33882861e-03 -6.17782254e-03
-9.13597856e-03 -4.33452961e-03 -6.17121517e-03
-9.14294388e-03 -4.33017691e-03 -6.16489997e-03
-9.14992667e-03 -4.32577220e-03 -6.15887790e-03
-9.15692627e-03 -4.32131725e-03 -6.15314964e-03
-9.16394187e-03 -4.31681398e-03 -6.14771553e-03
-9.17097253e-03 -4.31226440e-03 -6.14257558e-03
-9.17801721e-03 -4.30767064e-03 -6.13772950e-03
-9.18507475e-03 -4.30303488e-03 -6.13317668e-03
-9.19214387e-03 -4.29835940e-03 -6.12891620e-03
-9.19922317e-03 -4.29364652e-03 -6.12494683e-03
-9.20631117e-03 -4.28889862e-03 -6.12126701e-03
-9.21340626e-03 -4.28411808e-03 -6.11787492e-03
-9.22050674e-03 -4.27930733e-03 -6.11476839e-03
-9.22761079e-03 -4.27446877e-03 -6.11194499e-03
-9.23471653e-03 -4.26960482e-03 -6.10940199e-03
-9.24182196e-03 -4.26471786e-03 -6.10713638e-03
-9.24892501e-03 -4.25981021e-03 -6.10514486e-03
-9.25602350e-03 -4.25488416e-03 -6.10342389e-03
-9.26311520e-03 -4.24994193e-03 -6.10196963e-03
-9.27019777e-03 -4.24498566e-03 -6.10077800e-03
-9.27726880e-03 -4.24001739e-03 -6.09984468e-03
-9.28432583e-03 -4.23503906e-03 -6.09916510e-03
-9.29136630e-03 -4.23005249e-03 -6.09873445e-03
-9.29838757e-03 -4.22505939e-03 -6.09854772e-03
-9.30538698e-03 -4.22006133e-03 -6.09859966e-03
-9.31236174e-03 -4.21505972e-03 -6.09888482e-03
-9.31930904e-03 -4.21005585e-03 -6.09939757e-03
-9.32622597e-03 -4.20505082e-03 -6.10013208e-03
-9.33310959e-03 -4.20004559e-03 -6.10108235e-03
-9.33995687e-03 -4.19504094e-03 -6.10224219e-03
-9.34676471e-03 -4.19003748e-03 -6.10360529e-03
-9.35352995e-03 -4.18503566e-03 -6.10516518e-03
-9.36024938e-03 -4.18003573e-03 -6.10691524e-03
-9.36691968e-03 -4.17503778e-03 -6.10884874e-03
-9.37353751e-03 -4.17004171e-03 -6.11095885e-03
-9.38009942e-03 -4.16504728e-03 -6.11323861e-03
-9.38660190e-03 -4.16005403e-03 -6.11568099e-03
-9.39304137e-03 -4.15506137e-03 -6.11827888e-03
-9.39941416e-03 -4.15006852e-03 -6.12102510e-03
-9.40571652e-03 -4.14507457e-03 -6.12391241e-03
-9.41194464e-03 -4.14007844e-03 -6.12693353e-03
-9.41809460e-03 -4.13507891e-03 -6.13008116e-03
-9.42416241e-03 -4.13007462e-03 -6.13334795e-03
-9.43014398e-03 -4.12506409e-03 -6.13672658e-03
-9.43603514e-03 -4.12004574e-03 -6.14020969e-03
-9.44183161e-03 -4.11501785e-03 -6.14378997e-03
-9.44752903e-03 -4.10997864e-03 -6.14746012e-03
-9.45312295e-03 -4.10492622e-03 -6.15121286e-03
