-3.74911242e-06 9.76459259e-09 6.81677255e-06
-3.00853859e-05 1.58854662e-07 5.58592272e-05
-1.00886653e-04 7.55184936e-07 1.89540043e-04
-2.35301113e-04 2.15066326e-06 4.44090765e-04
-4.48204866e-04 4.57642579e-06 8.45782071e-04
-7.49424803e-04 8.04256752e-06 1.40967237e-03
-1.14362922e-03 1.23191079e-05 2.14000770e-03
-1.63071703e-03 1.69818807e-05 3.03160676e-03
-2.20652631e-03 2.14960498e-05 4.07174228e-03
-2.86370488e-03 2.53110961e-05 5.24217571e-03
-3.59262075e-03 2.79475441e-05 6.52111844e-03
-4.38222708e-03 2.90633202e-05 7.88498221e-03
-5.22082856e-03 2.84944069e-05 9.30984766e-03
-6.09672196e-03 2.62695732e-05 1.07726271e-02
-6.99870269e-03 2.26023418e-05 1.22519293e-02
-7.91644164e-03 1.78652151e-05 1.37286521e-02
-8.84074446e-03 1.25518949e-05 1.51863429e-02
-9.76370946e-03 7.23311248e-06 1.66113648e-02
-1.06788016e-02 2.51105585e-06 1.79929131e-02
-1.15808596e-02 -1.02354360e-06 1.93229177e-02
-1.24660522e-02 -2.82864520e-06 2.05958645e-02
-1.33317974e-02 -2.44047255e-06 2.18085654e-02
-1.41766556e-02 5.05597908e-07 2.29598976e-02
-1.50002077e-02 6.26303489e-06 2.40505301e-02
-1.58029248e-02 1.49705732e-05 2.50826503e-02
-1.65860363e-02 2.66560968e-05 2.60597011e-02
-1.73513994e-02 4.12466876e-05 2.69861327e-02
-1.81013764e-02 5.85833586e-05 2.78671749e-02
-1.88387186e-02 7.84389327e-05 2.87086307e-02
-1.95664610e-02 1.00537580e-04 2.95166927e-02
-2.02878274e-02 1.24574660e-04 3.02977821e-02
-2.10061468e-02 1.50235698e-04 3.10584085e-02
-2.17247812e-02 1.77213570e-04 3.18050514e-02
-2.24470639e-02 2.05223192e-04 3.25440592e-02
-2.31762484e-02 2.34013265e-04 3.32815669e-02
-2.39154674e-02 2.63374848e-04 3.40234288e-02
-2.46677008e-02 2.93146752e-04 3.47751665e-02
-2.54357513e-02 3.23217879e-04 3.55419288e-02
-2.62222282e-02 3.53526822e-04 3.63284642e-02
-2.70295374e-02 3.84059101e-04 3.71391025e-02
-2.78598768e-02 4.14842491e-04 3.79777464e-02
-2.87152368e-02 4.45940932e-04 3.88478699e-02
-2.95974046e-02 4.77447508e-04 3.97525249e-02
-3.05079721e-02 5.09476971e-04 4.06943515e-02
-3.14483457e-02 5.42158227e-04 4.16755953e-02
-3.24197589e-02 5.75627165e-04 4.26981269e-02
-3.34232852e-02 6.10020124e-04 4.37634659e-02
-3.44598532e-02 6.45468245e-04 4.48728062e-02
-3.55302606e-02 6.82092856e-04 4.60270438e-02
-3.66351895e-02 7.20001987e-04 4.72268056e-02
-3.77752207e-02 7.59288049e-04 4.84724784e-02
-3.89508478e-02 8.00026626e-04 4.97642385e-02
-4.01624904e-02 8.42276328e-04 5.11020803e-02
-4.14105068e-02 8.86079561e-04 5.24858445e-02
-4.26952050e-02 9.31464081e-04 5.39152451e-02
-4.40168535e-02 9.78445173e-04 5.53898946e-02
-4.53756901e-02 1.02702826e-03 5.69093275e-02
-4.67719308e-02 1.07721181e-03 5.84730225e-02
-4.82057761e-02 1.12899028e-03 6.00804218e-02
-4.96774176e-02 1.18235714e-03 6.17309482e-02
-5.11870427e-02 1.23730755e-03 6.34240210e-02
-5.27348389e-02 1.29384091e-03 6.51590681e-02
-5.43209968e-02 1.35196291e-03 6.69355368e-02
-5.59457125e-02 1.41168722e-03 6.87529023e-02
-5.76091894e-02 1.47303666e-03 7.06106738e-02
-5.93116387e-02 1.53604391e-03 7.25083988e-02
-6.10532805e-02 1.60075177e-03 7.44456654e-02
-6.28343428e-02 1.66721291e-03 7.64221031e-02
-6.46550616e-02 1.73548930e-03 7.84373817e-02
-6.65156796e-02 1.80565124e-03 8.04912098e-02
-6.84164450e-02 1.87777614e-03 8.25833308e-02
-7.03576097e-02 1.95194714e-03 8.47135196e-02
-7.23394281e-02 2.02825152e-03 8.68815767e-02
-7.43621548e-02 2.10677911e-03 8.90873239e-02
-7.64260427e-02 2.18762075e-03 9.13305976e-02
-7.85313407e-02 2.27086670e-03 9.36112435e-02
-8.06782923e-02 2.35660535e-03 9.59291103e-02
-8.28671326e-02 2.44492192e-03 9.82840438e-02
-8.50980871e-02 2.53589756e-03 1.00675881e-01
-8.73713688e-02 2.62960848e-03 1.03104446e-01
-8.96871773e-02 2.72612549e-03 1.05569543e-01
-9.20456957e-02 2.82551368e-03 1.08070953e-01
-9.44470901e-02 2.92783237e-03 1.10608429e-01
-9.68915068e-02 3.03313527e-03 1.13181693e-01
-9.93790716e-02 3.14147085e-03 1.15790433e-01
-1.01909888e-01 3.25288289e-03 1.18434298e-01
-1.04484035e-01 3.36741107e-03 1.21112900e-01
-1.07101569e-01 3.48509181e-03 1.23825808e-01
-1.09762517e-01 3.60595908e-03 1.26572550e-01
-1.12466882e-01 3.73004520e-03 1.29352611e-01
-1.15214637e-01 3.85738177e-03 1.32165429e-01
-1.18005727e-01 3.98800046e-03 1.35010400e-01
-1.20840068e-01 4.12193372e-03 1.37886876e-01
-1.23717544e-01 4.25921551e-03 1.40794163e-01
-1.26638011e-01 4.39988186e-03 1.43731521e-01
-1.29601289e-01 4.54397127e-03 1.46698171e-01
-1.32607171e-01 4.69152510e-03 1.49693285e-01
-1.35655413e-01 4.84258773e-03 1.52715994e-01
-1.38745742e-01 4.99720667e-03 1.55765387e-01
-1.41877848e-01 5.15543247e-03 1.58840509e-01
-1.45051390e-01 5.31731864e-03 1.61940364e-01
-1.48265992e-01 5.48292133e-03 1.65063914e-01
-1.51521244e-01 5.65229905e-03 1.68210081e-01
-1.54816700e-01 5.82551226e-03 1.71377743e-01
-1.58151880e-01 6.00262292e-03 1.74565740e-01
-1.61526269e-01 6.18369404e-03 1.77772873e-01
-1.64939317e-01 6.36878918e-03 1.80997899e-01
-1.68390437e-01 6.55797195e-03 1.84239538e-01
-1.71879006e-01 6.75130560e-03 1.87496470e-01
-1.75404365e-01 6.94885252e-03 1.90767335e-01
-1.78965821e-01 7.15067388e-03 1.94050734e-01
-1.82562642e-01 7.35682930e-03 1.97345230e-01
-1.86194059e-01 7.56737651e-03 2.00649346e-01
-1.89859270e-01 7.78237118e-03 2.03961568e-01
-1.93557432e-01 8.00186669e-03 2.07280344e-01
-1.97287668e-01 8.22591405e-03 2.10604083e-01
-2.01049064e-01 8.45456185e-03 2.13931160e-01
-2.04840669e-01 8.68785619e-03 2.17259911e-01
-2.08661495e-01 8.92584081e-03 2.20588638e-01
-2.12510518e-01 9.16855710e-03 2.23915608e-01
-2.16386679e-01 9.41604421e-03 2.27239052e-01
-2.20288880e-01 9.66833920e-03 2.30557172e-01
-2.24215989e-01 9.92547717e-03 2.33868133e-01
-2.28166839e-01 1.01874914e-02 2.37170073e-01
-2.32140226e-01 1.04544135e-02 2.40461096e-01
-2.36134913e-01 1.07262735e-02 2.43739280e-01
-2.40149626e-01 1.10031001e-02 2.47002676e-01
-2.44183060e-01 1.12849207e-02 2.50249305e-01
-2.48233874e-01 1.15717613e-02 2.53477166e-01
-2.52300695e-01 1.18636469e-02 2.56684235e-01
-2.56382116e-01 1.21606013e-02 2.59868463e-01
-2.60476700e-01 1.24626470e-02 2.63027784e-01
-2.64582979e-01 1.27698056e-02 2.66160111e-01
-2.68699451e-01 1.30820973e-02 2.69263339e-01
-2.72824588e-01 1.33995409e-02 2.72335349e-01
-2.76956830e-01 1.37221540e-02 2.75374008e-01
-2.81094592e-01 1.40499525e-02 2.78377170e-01
-2.85236259e-01 1.43829508e-02 2.81342678e-01
-2.89380189e-01 1.47211615e-02 2.84268367e-01
-2.93524717e-01 1.50645953e-02 2.87152065e-01
-2.97668151e-01 1.54132608e-02 2.89991595e-01
-3.01808776e-01 1.57671645e-02 2.92784776e-01
-3.05944857e-01 1.61263105e-02 2.95529427e-01
-3.10074633e-01 1.64907006e-02 2.98223366e-01
-3.14196327e-01 1.68603339e-02 3.00864415e-01
-3.18308141e-01 1.72352071e-02 3.03450399e-01
-3.22408258e-01 1.76153139e-02 3.05979149e-01
-3.26494847e-01 1.80006455e-02 3.08448508e-01
-3.30566060e-01 1.83911901e-02 3.10856326e-01
-3.34620035e-01 1.87869330e-02 3.13200466e-01
-3.38654899e-01 1.91878567e-02 3.15478808e-01
-3.42668765e-01 1.95939407e-02 3.17689245e-01
-3.46659738e-01 2.00051618e-02 3.19829693e-01
-3.50625916e-01 2.04214935e-02 3.21898087e-01
-3.54565386e-01 2.08429069e-02 3.23892385e-01
-3.58476234e-01 2.12693698e-02 3.25810570e-01
-3.62356540e-01 2.17008474e-02 3.27650655e-01
-3.66204380e-01 2.21373021e-02 3.29410680e-01
-3.70017833e-01 2.25786933e-02 3.31088719e-01
-3.73794976e-01 2.30249779e-02 3.32682879e-01
-3.77533890e-01 2.34761099e-02 3.34191304e-01
-3.81232659e-01 2.39320407e-02 3.35612176e-01
-3.84889372e-01 2.43927189e-02 3.36943718e-01
-3.88502128e-01 2.48580906e-02 3.38184196e-01
-3.92069032e-01 2.53280990e-02 3.39331920e-01
-3.95588200e-01 2.58026848e-02 3.40385249e-01
-3.99057763e-01 2.62817861e-02 3.41342588e-01
-4.02475862e-01 2.67653382e-02 3.42202397e-01
-4.05840657e-01 2.72532737e-02 3.42963186e-01
-4.09150322e-01 2.77455229e-02 3.43623522e-01
-4.12403053e-01 2.82420129e-02 3.44182027e-01
-4.15597064e-01 2.87426685e-02 3.44637383e-01
-4.18730592e-01 2.92474117e-02 3.44988333e-01
-4.21801899e-01 2.97561618e-02 3.45233682e-01
-4.24809271e-01 3.02688354e-02 3.45372299e-01
-4.27751021e-01 3.07853463e-02 3.45403119e-01
-4.30625491e-01 3.13056059e-02 3.45325143e-01
-4.33431053e-01 3.18295225e-02 3.45137442e-01
-4.36166111e-01 3.23570022e-02 3.44839157e-01
-4.38829102e-01 3.28879480e-02 3.44429502e-01
-4.41418499e-01 3.34222607e-02 3.43907760e-01
-4.43932809e-01 3.39598382e-02 3.43273292e-01
-4.46370579e-01 3.45005759e-02 3.42525534e-01
-4.48730393e-01 3.50443668e-02 3.41663995e-01
-4.51010877e-01 3.55911015e-02 3.40688266e-01
-4.53210698e-01 3.61406680e-02 3.39598013e-01
-4.55328568e-01 3.66929520e-02 3.38392983e-01
-4.57363242e-01 3.72478371e-02 3.37073002e-01
-4.59313521e-01 3.78052045e-02 3.35637978e-01
-4.61178252e-01 3.83649332e-02 3.34087900e-01
-4.62956333e-01 3.89269004e-02 3.32422837e-01
-4.64646708e-01 3.94909811e-02 3.30642944e-01
-4.66248374e-01 4.00570484e-02 3.28748456e-01
-4.67760378e-01 4.06249735e-02 3.26739691e-01
-4.69181820e-01 4.11946261e-02 3.24617052e-01
-4.70511852e-01 4.17658739e-02 3.22381025e-01
-4.71749681e-01 4.23385832e-02 3.20032177e-01
-4.72894570e-01 4.29126185e-02 3.17571161e-01
-4.73945837e-01 4.34878433e-02 3.14998712e-01
-4.74902855e-01 4.40641192e-02 3.12315648e-01
-4.75765058e-01 4.46413069e-02 3.09522869e-01
-4.76531933e-01 4.52192658e-02 3.06621359e-01
-4.77203029e-01 4.57978539e-02 3.03612180e-01
-4.77777953e-01 4.63769285e-02 3.00496478e-01
-4.78256369e-01 4.69563458e-02 2.97275478e-01
-4.78638003e-01 4.75359609e-02 2.93950484e-01
-4.78922641e-01 4.81156284e-02 2.90522878e-01
-4.79110127e-01 4.86952019e-02 2.86994122e-01
-4.79200368e-01 4.92745345e-02 2.83365750e-01
-4.79193329e-01 4.98534786e-02 2.79639375e-01
-4.79089037e-01 5.04318862e-02 2.75816682e-01
-4.78887580e-01 5.10096090e-02 2.71899429e-01
-4.78589105e-01 5.15864981e-02 2.67889444e-01
-4.78193820e-01 5.21624046e-02 2.63788626e-01
-4.77701993e-01 5.27371794e-02 2.59598941e-01
-4.77113952e-01 5.33106735e-02 2.55322421e-01
-4.76430084e-01 5.38827376e-02 2.50961164e-01
-4.75650837e-01 5.44532229e-02 2.46517329e-01
-4.74776716e-01 5.50219807e-02 2.41993137e-01
-4.73808284e-01 5.55888627e-02 2.37390866e-01
-4.72746163e-01 5.61537208e-02 2.32712853e-01
-4.71591032e-01 5.67164078e-02 2.27961488e-01
-4.70343625e-01 5.72767768e-02 2.23139214e-01
-4.69004734e-01 5.78346818e-02 2.18248525e-01
-4.67575203e-01 5.83899777e-02 2.13291961e-01
-4.66055933e-01 5.89425200e-02 2.08272110e-01
-4.64447876e-01 5.94921655e-02 2.03191603e-01
-4.62752038e-01 6.00387720e-02 1.98053110e-01
-4.60969474e-01 6.05821984e-02 1.92859341e-01
-4.59101292e-01 6.11223052e-02 1.87613042e-01
-4.57148646e-01 6.16589539e-02 1.82316993e-01
-4.55112741e-01 6.21920076e-02 1.76974002e-01
-4.52994826e-01 6.27213310e-02 1.71586908e-01
-4.50796198e-01 6.32467904e-02 1.66158575e-01
-4.48518196e-01 6.37682538e-02 1.60691889e-01
-4.46162204e-01 6.42855910e-02 1.55189758e-01
-4.43729646e-01 6.47986737e-02 1.49655107e-01
-4.41221988e-01 6.53073754e-02 1.44090874e-01
-4.38640732e-01 6.58115718e-02 1.38500013e-01
-4.35987420e-01 6.63111405e-02 1.32885483e-01
-4.33263628e-01 6.68059616e-02 1.27250254e-01
-4.30470967e-01 6.72959171e-02 1.21597298e-01
-4.27611082e-01 6.77808914e-02 1.15929588e-01
-4.24685648e-01 6.82607713e-02 1.10250096e-01
-4.21696369e-01 6.87354460e-02 1.04561791e-01
-4.18644977e-01 6.92048072e-02 9.88676343e-02
-4.15533233e-01 6.96687491e-02 9.31705784e-02
-4.12362920e-01 7.01271685e-02 8.74735635e-02
-4.09135844e-01 7.05799649e-02 8.17795155e-02
-4.05853834e-01 7.10270405e-02 7.60913428e-02
-4.02518738e-01 7.14683003e-02 7.04119345e-02
-3.99132422e-01 7.19036520e-02 6.47441572e-02
-3.95696769e-01 7.23330062e-02 5.90908532e-02
-3.92213675e-01 7.27562764e-02 5.34548373e-02
-3.88685050e-01 7.31733791e-02 4.78388952e-02
-3.85112816e-01 7.35842336e-02 4.22457805e-02
-3.81498902e-01 7.39887623e-02 3.66782129e-02
-3.77845249e-01 7.43868908e-02 3.11388757e-02
-3.74153799e-01 7.47785475e-02 2.56304137e-02
-3.70426503e-01 7.51636641e-02 2.01554311e-02
-3.66665312e-01 7.55421753e-02 1.47164894e-02
-3.62872180e-01 7.59140190e-02 9.31610542e-03
-3.59049058e-01 7.62791364e-02 3.95674933e-03
-3.55197898e-01 7.66374716e-02 -1.35915715e-03
-3.51320647e-01 7.69889721e-02 -6.62924259e-03
-3.47419245e-01 7.73335886e-02 -1.18511876e-02
-3.43495628e-01 7.76712750e-02 -1.70227264e-02
-3.39551722e-01 7.80019882e-02 -2.21416486e-02
-3.35589443e-01 7.83256888e-02 -2.72058004e-02
-3.31610697e-01 7.86423402e-02 -3.22130864e-02
-3.27617374e-01 7.89519091e-02 -3.71614706e-02
-3.23611355e-01 7.92543656e-02 -4.20489781e-02
-3.19594500e-01 7.95496829e-02 -4.68736956e-02
-3.15568655e-01 7.98378373e-02 -5.16337735e-02
-3.11535647e-01 8.01188084e-02 -5.63274261e-02
-3.07497283e-01 8.03925790e-02 -6.09529328e-02
-3.03455350e-01 8.06591349e-02 -6.55086394e-02
-2.99411612e-01 8.09184652e-02 -6.99929583e-02
-2.95367810e-01 8.11705620e-02 -7.44043695e-02
-2.91325660e-01 8.14154204e-02 -7.87414212e-02
-2.87286854e-01 8.16530389e-02 -8.30027305e-02
-2.83253056e-01 8.18834185e-02 -8.71869835e-02
-2.79225904e-01 8.21065637e-02 -9.12929361e-02
-2.75207005e-01 8.23224816e-02 -9.53194141e-02
-2.71197938e-01 8.25311824e-02 -9.92653135e-02
-2.67200253e-01 8.27326792e-02 -1.03129600e-01
-2.63215465e-01 8.29269879e-02 -1.06911311e-01
-2.59245061e-01 8.31141272e-02 -1.10609554e-01
-2.55290493e-01 8.32941186e-02 -1.14223504e-01
-2.51353180e-01 8.34669862e-02 -1.17752411e-01
-2.47434507e-01 8.36327570e-02 -1.21195590e-01
-2.43535825e-01 8.37914605e-02 -1.24552430e-01
-2.39658447e-01 8.39431287e-02 -1.27822386e-01
-2.35803653e-01 8.40877963e-02 -1.31004982e-01
-2.31972686e-01 8.42255004e-02 -1.34099813e-01
-2.28166753e-01 8.43562804e-02 -1.37106537e-01
-2.24387020e-01 8.44801783e-02 -1.40024884e-01
-2.20634621e-01 8.45972383e-02 -1.42854648e-01
-2.16910649e-01 8.47075068e-02 -1.45595686e-01
-2.13216159e-01 8.48110324e-02 -1.48247924e-01
-2.09552169e-01 8.49078661e-02 -1.50811349e-01
-2.05919658e-01 8.49980606e-02 -1.53286012e-01
-2.02319567e-01 8.50816709e-02 -1.55672025e-01
-1.98752797e-01 8.51587538e-02 -1.57969561e-01
-1.95220212e-01 8.52293682e-02 -1.60178853e-01
-1.91722637e-01 8.52935744e-02 -1.62300192e-01
-1.88260857e-01 8.53514350e-02 -1.64333925e-01
-1.84835621e-01 8.54030140e-02 -1.66280458e-01
-1.81447638e-01 8.54483771e-02 -1.68140250e-01
-1.78097578e-01 8.54875916e-02 -1.69913812e-01
-1.74786076e-01 8.55207263e-02 -1.71601709e-01
-1.71513725e-01 8.55478515e-02 -1.73204557e-01
-1.68281085e-01 8.55690387e-02 -1.74723019e-01
-1.65088676e-01 8.55843610e-02 -1.76157807e-01
-1.61936980e-01 8.55938925e-02 -1.77509680e-01
-1.58826447e-01 8.55977087e-02 -1.78779441e-01
-1.55757486e-01 8.55958861e-02 -1.79967935e-01
-1.52730473e-01 8.55885022e-02 -1.81076050e-01
-1.49745748e-01 8.55756357e-02 -1.82104715e-01
-1.46803617e-01 8.55573661e-02 -1.83054896e-01
-1.43904350e-01 8.55337737e-02 -1.83927596e-01
-1.41048185e-01 8.55049398e-02 -1.84723854e-01
-1.38235327e-01 8.54709463e-02 -1.85444742e-01
-1.35465946e-01 8.54318759e-02 -1.86091366e-01
-1.32740183e-01 8.53878117e-02 -1.86664859e-01
-1.30058145e-01 8.53388376e-02 -1.87166387e-01
-1.27419911e-01 8.52850379e-02 -1.87597140e-01
-1.24825527e-01 8.52264974e-02 -1.87958334e-01
-1.22275012e-01 8.51633012e-02 -1.88251211e-01
-1.19768354e-01 8.50955349e-02 -1.88477034e-01
-1.17305516e-01 8.50232840e-02 -1.88637087e-01
-1.14886431e-01 8.49466346e-02 -1.88732674e-01
-1.12511005e-01 8.48656729e-02 -1.88765114e-01
-1.10179122e-01 8.47804850e-02 -1.88735745e-01
-1.07890637e-01 8.46911572e-02 -1.88645919e-01
-1.05645381e-01 8.45977759e-02 -1.88496999e-01
-1.03443165e-01 8.45004272e-02 -1.88290363e-01
-1.01283772e-01 8.43991973e-02 -1.88027396e-01
-9.91669661e-02 8.42941722e-02 -1.87709493e-01
-9.70924902e-02 8.41854377e-02 -1.87338056e-01
-9.50600654e-02 8.40730793e-02 -1.86914492e-01
-9.30693937e-02 8.39571824e-02 -1.86440214e-01
-9.11201581e-02 8.38378319e-02 -1.85916635e-01
-8.92120232e-02 8.37151123e-02 -1.85345172e-01
-8.73446363e-02 8.35891079e-02 -1.84727242e-01
-8.55176281e-02 8.34599024e-02 -1.84064261e-01
-8.37306135e-02 8.33275789e-02 -1.83357643e-01
-8.19831921e-02 8.31922202e-02 -1.82608797e-01
-8.02749493e-02 8.30539085e-02 -1.81819129e-01
-7.86054567e-02 8.29127252e-02 -1.80990039e-01
-7.69742735e-02 8.27687514e-02 -1.80122920e-01
-7.53809463e-02 8.26220671e-02 -1.79219157e-01
-7.38250107e-02 8.24727520e-02 -1.78280126e-01
-7.23059914e-02 8.23208848e-02 -1.77307194e-01
-7.08234034e-02 8.21665437e-02 -1.76301715e-01
-6.93767523e-02 8.20098060e-02 -1.75265033e-01
-6.79655353e-02 8.18507480e-02 -1.74198479e-01
-6.65892418e-02 8.16894455e-02 -1.73103370e-01
-6.52473537e-02 8.15259733e-02 -1.71981008e-01
-6.39393469e-02 8.13604051e-02 -1.70832681e-01
-6.26646910e-02 8.11928142e-02 -1.69659660e-01
-6.14228507e-02 8.10232725e-02 -1.68463200e-01
-6.02132858e-02 8.08518513e-02 -1.67244538e-01
-5.90354522e-02 8.06786207e-02 -1.66004894e-01
-5.78888026e-02 8.05036499e-02 -1.64745469e-01
-5.67727867e-02 8.03270073e-02 -1.63467444e-01
-5.56868517e-02 8.01487601e-02 -1.62171982e-01
-5.46304436e-02 7.99689744e-02 -1.60860224e-01
-5.36030067e-02 7.97877156e-02 -1.59533292e-01
-5.26039849e-02 7.96050478e-02 -1.58192286e-01
-5.16328220e-02 7.94210342e-02 -1.56838286e-01
-5.06889619e-02 7.92357369e-02 -1.55472348e-01
-4.97718493e-02 7.90492168e-02 -1.54095507e-01
-4.88809304e-02 7.88615340e-02 -1.52708777e-01
-4.80156527e-02 7.86727474e-02 -1.51313147e-01
-4.71754661e-02 7.84829147e-02 -1.49909584e-01
-4.63598229e-02 7.82920928e-02 -1.48499034e-01
-4.55681782e-02 7.81003373e-02 -1.47082417e-01
-4.47999905e-02 7.79077028e-02 -1.45660631e-01
-4.40547218e-02 7.77142428e-02 -1.44234551e-01
-4.33318382e-02 7.75200097e-02 -1.42805027e-01
-4.26308100e-02 7.73250548e-02 -1.41372888e-01
-4.19511121e-02 7.71294285e-02 -1.39938937e-01
-4.12922242e-02 7.69331799e-02 -1.38503954e-01
-4.06536315e-02 7.67363571e-02 -1.37068698e-01
-4.00348241e-02 7.65390071e-02 -1.35633901e-01
-3.94352983e-02 7.63411760e-02 -1.34200274e-01
-3.88545560e-02 7.61429086e-02 -1.32768503e-01
-3.82921054e-02 7.59442489e-02 -1.31339254e-01
-3.77474609e-02 7.57452395e-02 -1.29913166e-01
-3.72201435e-02 7.55459224e-02 -1.28490859e-01
-3.67096809e-02 7.53463382e-02 -1.27072927e-01
-3.62156077e-02 7.51465266e-02 -1.25659945e-01
-3.57374654e-02 7.49465264e-02 -1.24252463e-01
-3.52748029e-02 7.47463753e-02 -1.22851011e-01
-3.48271762e-02 7.45461100e-02 -1.21456096e-01
-3.43941486e-02 7.43457661e-02 -1.20068204e-01
-3.39752910e-02 7.41453784e-02 -1.18687801e-01
-3.35701820e-02 7.39449807e-02 -1.17315330e-01
-3.31784078e-02 7.37446059e-02 -1.15951216e-01
-3.27995620e-02 7.35442857e-02 -1.14595862e-01
-3.24332465e-02 7.33440512e-02 -1.13249652e-01
-3.20790707e-02 7.31439324e-02 -1.11912949e-01
-3.17366518e-02 7.29439583e-02 -1.10586100e-01
-3.14056151e-02 7.27441574e-02 -1.09269430e-01
-3.10855936e-02 7.25445568e-02 -1.07963248e-01
-3.07762283e-02 7.23451831e-02 -1.06667842e-01
-3.04771682e-02 7.21460620e-02 -1.05383486e-01
-3.01880699e-02 7.19472182e-02 -1.04110434e-01
-2.99085982e-02 7.17486758e-02 -1.02848924e-01
-2.96384254e-02 7.15504578e-02 -1.01599179e-01
-2.93772318e-02 7.13525868e-02 -1.00361402e-01
-2.91247055e-02 7.11550841e-02 -9.91357839e-02
-2.88805422e-02 7.09579708e-02 -9.79224995e-02
-2.86444453e-02 7.07612668e-02 -9.67217079e-02
-2.84161259e-02 7.05649915e-02 -9.55335544e-02
-2.81953024e-02 7.03691635e-02 -9.43581699e-02
-2.79817009e-02 7.01738007e-02 -9.31956719e-02
-2.77750547e-02 6.99789203e-02 -9.20461645e-02
-2.75751045e-02 6.97845388e-02 -9.09097389e-02
-2.73815983e-02 6.95906720e-02 -8.97864740e-02
-2.71942911e-02 6.93973352e-02 -8.86764366e-02
-2.70129448e-02 6.92045430e-02 -8.75796818e-02
-2.68373286e-02 6.90123092e-02 -8.64962536e-02
-2.66672183e-02 6.88206471e-02 -8.54261851e-02
-2.65023964e-02 6.86295696e-02 -8.43694988e-02
-2.63426520e-02 6.84390888e-02 -8.33262074e-02
-2.61877810e-02 6.82492162e-02 -8.22963135e-02
-2.60375854e-02 6.80599629e-02 -8.12798109e-02
-2.58918736e-02 6.78713394e-02 -8.02766842e-02
-2.57504602e-02 6.76833556e-02 -7.92869092e-02
-2.56131657e-02 6.74960211e-02 -7.83104540e-02
-2.54798168e-02 6.73093447e-02 -7.73472783e-02
-2.53502458e-02 6.71233349e-02 -7.63973348e-02
-2.52242908e-02 6.69379997e-02 -7.54605687e-02
-2.51017955e-02 6.67533467e-02 -7.45369185e-02
-2.49826089e-02 6.65693830e-02 -7.36263162e-02
-2.48665855e-02 6.63861151e-02 -7.27286877e-02
-2.47535849e-02 6.62035494e-02 -7.18439529e-02
-2.46434718e-02 6.60216916e-02 -7.09720263e-02
-2.45361160e-02 6.58405473e-02 -7.01128171e-02
-2.44313921e-02 6.56601213e-02 -6.92662296e-02
-2.43291791e-02 6.54804184e-02 -6.84321635e-02
-2.42293611e-02 6.53014430e-02 -6.76105140e-02
-2.41318264e-02 6.51231988e-02 -6.68011723e-02
-2.40364676e-02 6.49456896e-02 -6.60040259e-02
-2.39431817e-02 6.47689187e-02 -6.52189585e-02
-2.38518698e-02 6.45928889e-02 -6.44458507e-02
-2.37624369e-02 6.44176030e-02 -6.36845800e-02
-2.36747920e-02 6.42430633e-02 -6.29350209e-02
-2.35888478e-02 6.40692718e-02 -6.21970457e-02
-2.35045208e-02 6.38962304e-02 -6.14705238e-02
-2.34217308e-02 6.37239406e-02 -6.07553231e-02
-2.33404014e-02 6.35524036e-02 -6.00513089e-02
-2.32604592e-02 6.33816205e-02 -5.93583454e-02
-2.31818341e-02 6.32115919e-02 -5.86762947e-02
-2.31044594e-02 6.30423186e-02 -5.80050179e-02
-2.30282711e-02 6.28738007e-02 -5.73443748e-02
-2.29532082e-02 6.27060384e-02 -5.66942243e-02
-2.28792127e-02 6.25390315e-02 -5.60544243e-02
-2.28062290e-02 6.23727798e-02 -5.54248323e-02
-2.27342045e-02 6.22072828e-02 -5.48053050e-02
-2.26630888e-02 6.20425398e-02 -5.41956989e-02
-2.25928342e-02 6.18785499e-02 -5.35958703e-02
-2.25233952e-02 6.17153121e-02 -5.30056754e-02
-2.24547287e-02 6.15528252e-02 -5.24249703e-02
-2.23867937e-02 6.13910879e-02 -5.18536114e-02
-2.23195512e-02 6.12300987e-02 -5.12914553e-02
-2.22529645e-02 6.10698560e-02 -5.07383591e-02
-2.21869986e-02 6.09103580e-02 -5.01941804e-02
-2.21216204e-02 6.07516028e-02 -4.96587773e-02
-2.20567988e-02 6.05935884e-02 -4.91320086e-02
-2.19925041e-02 6.04363126e-02 -4.86137340e-02
-2.19287084e-02 6.02797733e-02 -4.81038139e-02
-2.18653854e-02 6.01239681e-02 -4.76021098e-02
-2.18025103e-02 5.99688944e-02 -4.71084841e-02
-2.17400598e-02 5.98145499e-02 -4.66228005e-02
-2.16780118e-02 5.96609317e-02 -4.61449236e-02
-2.16163457e-02 5.95080373e-02 -4.56747193e-02
-2.15550421e-02 5.93558637e-02 -4.52120549e-02
-2.14940827e-02 5.92044082e-02 -4.47567988e-02
-2.14334506e-02 5.90536677e-02 -4.43088212e-02
-2.13731298e-02 5.89036393e-02 -4.38679931e-02
-2.13131053e-02 5.87543198e-02 -4.34341876e-02
-2.12533634e-02 5.86057062e-02 -4.30072788e-02
-2.11938909e-02 5.84577951e-02 -4.25871426e-02
-2.11346759e-02 5.83105833e-02 -4.21736565e-02
-2.10757071e-02 5.81640676e-02 -4.17666994e-02
-2.10169741e-02 5.80182446e-02 -4.13661519e-02
-2.09584673e-02 5.78731108e-02 -4.09718964e-02
-2.09001778e-02 5.77286629e-02 -4.05838167e-02
-2.08420973e-02 5.75848973e-02 -4.02017984e-02
-2.07842184e-02 5.74418106e-02 -3.98257288e-02
-2.07265341e-02 5.72993992e-02 -3.94554970e-02
-2.06690379e-02 5.71576596e-02 -3.90909935e-02
-2.06117242e-02 5.70165881e-02 -3.87321107e-02
-2.05545876e-02 5.68761812e-02 -3.83787429e-02
-2.04976234e-02 5.67364352e-02 -3.80307859e-02
-2.04408271e-02 5.65973465e-02 -3.76881372e-02
-2.03841949e-02 5.64589113e-02 -3.73506960e-02
-2.03277232e-02 5.63211261e-02 -3.70183635e-02
-2.02714090e-02 5.61839871e-02 -3.66910423e-02
-2.02152495e-02 5.60474906e-02 -3.63686368e-02
-2.01592423e-02 5.59116328e-02 -3.60510531e-02
-2.01033852e-02 5.57764102e-02 -3.57381991e-02
-2.00476764e-02 5.56418189e-02 -3.54299842e-02
-1.99921143e-02 5.55078552e-02 -3.51263195e-02
-1.99366976e-02 5.53745153e-02 -3.48271179e-02
-1.98814253e-02 5.52417957e-02 -3.45322938e-02
-1.98262965e-02 5.51096924e-02 -3.42417632e-02
-1.97713105e-02 5.49782019e-02 -3.39554438e-02
-1.97164669e-02 5.48473203e-02 -3.36732548e-02
-1.96617652e-02 5.47170440e-02 -3.33951172e-02
-1.96072055e-02 5.45873692e-02 -3.31209532e-02
-1.95527876e-02 5.44582923e-02 -3.28506868e-02
-1.94985116e-02 5.43298095e-02 -3.25842434e-02
-1.94443779e-02 5.42019171e-02 -3.23215500e-02
-1.93903867e-02 5.40746116e-02 -3.20625350e-02
-1.93365385e-02 5.39478892e-02 -3.18071282e-02
-1.92828337e-02 5.38217462e-02 -3.15552610e-02
-1.92292730e-02 5.36961790e-02 -3.13068661e-02
-1.91758571e-02 5.35711841e-02 -3.10618776e-02
-1.91225866e-02 5.34467577e-02 -3.08202310e-02
-1.90694624e-02 5.33228963e-02 -3.05818631e-02
-1.90164852e-02 5.31995963e-02 -3.03467121e-02
-1.89636559e-02 5.30768541e-02 -3.01147174e-02
-1.89109754e-02 5.29546663e-02 -2.98858199e-02
-1.88584446e-02 5.28330292e-02 -2.96599615e-02
-1.88060645e-02 5.27119393e-02 -2.94370854e-02
-1.87538359e-02 5.25913932e-02 -2.92171362e-02
-1.87017598e-02 5.24713874e-02 -2.90000595e-02
-1.86498373e-02 5.23519183e-02 -2.87858020e-02
-1.85980692e-02 5.22329827e-02 -2.85743119e-02
-1.85464565e-02 5.21145770e-02 -2.83655381e-02
-1.84950001e-02 5.19966978e-02 -2.81594309e-02
-1.84437011e-02 5.18793419e-02 -2.79559415e-02
-1.83925604e-02 5.17625057e-02 -2.77550223e-02
-1.83415788e-02 5.16461860e-02 -2.75566267e-02
-1.82907572e-02 5.15303795e-02 -2.73607091e-02
-1.82400967e-02 5.14150829e-02 -2.71672248e-02
-1.81895979e-02 5.13002928e-02 -2.69761302e-02
-1.81392618e-02 5.11860061e-02 -2.67873827e-02
-1.80890891e-02 5.10722195e-02 -2.66009404e-02
-1.80390807e-02 5.09589298e-02 -2.64167626e-02
-1.79892373e-02 5.08461338e-02 -2.62348093e-02
-1.79395597e-02 5.07338283e-02 -2.60550414e-02
-1.78900485e-02 5.06220103e-02 -2.58774208e-02
-1.78407044e-02 5.05106765e-02 -2.57019100e-02
-1.77915281e-02 5.03998239e-02 -2.55284725e-02
-1.77425202e-02 5.02894494e-02 -2.53570725e-02
-1.76936813e-02 5.01795499e-02 -2.51876750e-02
-1.76450118e-02 5.00701225e-02 -2.50202458e-02
-1.75965124e-02 4.99611640e-02 -2.48547514e-02
-1.75481835e-02 4.98526716e-02 -2.46911592e-02
-1.75000255e-02 4.97446422e-02 -2.45294369e-02
-1.74520390e-02 4.96370729e-02 -2.43695533e-02
-1.74042242e-02 4.95299607e-02 -2.42114778e-02
-1.73565815e-02 4.94233028e-02 -2.40551802e-02
-1.73091112e-02 4.93170964e-02 -2.39006312e-02
-1.72618137e-02 4.92113384e-02 -2.37478022e-02
-1.72146892e-02 4.91060261e-02 -2.35966649e-02
-1.71677379e-02 4.90011568e-02 -2.34471919e-02
-1.71209600e-02 4.88967275e-02 -2.32993562e-02
-1.70743557e-02 4.87927355e-02 -2.31531315e-02
-1.70279251e-02 4.86891781e-02 -2.30084920e-02
-1.69816684e-02 4.85860525e-02 -2.28654124e-02
-1.69355855e-02 4.84833560e-02 -2.27238679e-02
-1.68896766e-02 4.83810860e-02 -2.25838345e-02
-1.68439417e-02 4.82792397e-02 -2.24452883e-02
-1.67983808e-02 4.81778146e-02 -2.23082062e-02
-1.67529938e-02 4.80768080e-02 -2.21725655e-02
-1.67077808e-02 4.79762173e-02 -2.20383439e-02
-1.66627415e-02 4.78760399e-02 -2.19055196e-02
-1.66178759e-02 4.77762732e-02 -2.17740712e-02
-1.65731839e-02 4.76769148e-02 -2.16439780e-02
-1.65286653e-02 4.75779620e-02 -2.15152193e-02
-1.64843200e-02 4.74794125e-02 -2.13877751e-02
-1.64401477e-02 4.73812636e-02 -2.12616257e-02
-1.63961482e-02 4.72835129e-02 -2.11367520e-02
-1.63523213e-02 4.71861581e-02 -2.10131350e-02
-1.63086668e-02 4.70891966e-02 -2.08907562e-02
-1.62651842e-02 4.69926261e-02 -2.07695974e-02
-1.62218734e-02 4.68964441e-02 -2.06496410e-02
-1.61787341e-02 4.68006484e-02 -2.05308694e-02
-1.61357658e-02 4.67052365e-02 -2.04132657e-02
-1.60929682e-02 4.66102061e-02 -2.02968130e-02
-1.60503410e-02 4.65155549e-02 -2.01814949e-02
-1.60078838e-02 4.64212807e-02 -2.00672953e-02
-1.59655962e-02 4.63273811e-02 -1.99541985e-02
-1.59234777e-02 4.62338538e-02 -1.98421889e-02
-1.58815279e-02 4.61406968e-02 -1.97312514e-02
-1.58397465e-02 4.60479076e-02 -1.96213709e-02
-1.57981328e-02 4.59554842e-02 -1.95125330e-02
-1.57566865e-02 4.58634242e-02 -1.94047232e-02
-1.57154071e-02 4.57717257e-02 -1.92979275e-02
-1.56742941e-02 4.56803863e-02 -1.91921320e-02
-1.56333470e-02 4.55894040e-02 -1.90873232e-02
-1.55925652e-02 4.54987767e-02 -1.89834878e-02
-1.55519483e-02 4.54085022e-02 -1.88806126e-02
-1.55114956e-02 4.53185785e-02 -1.87786849e-02
-1.54712068e-02 4.52290034e-02 -1.86776920e-02
-1.54310811e-02 4.51397750e-02 -1.85776217e-02
-1.53911181e-02 4.50508912e-02 -1.84784616e-02
-1.53513172e-02 4.49623499e-02 -1.83802000e-02
-1.53116777e-02 4.48741493e-02 -1.82828250e-02
-1.52721992e-02 4.47862872e-02 -1.81863252e-02
-1.52328811e-02 4.46987617e-02 -1.80906892e-02
-1.51937226e-02 4.46115709e-02 -1.79959059e-02
-1.51547233e-02 4.45247127e-02 -1.79019645e-02
-1.51158825e-02 4.44381854e-02 -1.78088541e-02
-1.50771996e-02 4.43519869e-02 -1.77165643e-02
-1.50386740e-02 4.42661153e-02 -1.76250846e-02
-1.50003051e-02 4.41805689e-02 -1.75344049e-02
-1.49620922e-02 4.40953456e-02 -1.74445152e-02
-1.49240347e-02 4.40104437e-02 -1.73554056e-02
-1.48861319e-02 4.39258613e-02 -1.72670665e-02
-1.48483833e-02 4.38415965e-02 -1.71794882e-02
-1.48107882e-02 4.37576476e-02 -1.70926615e-02
-1.47733460e-02 4.36740128e-02 -1.70065772e-02
-1.47360559e-02 4.35906903e-02 -1.69212262e-02
-1.46989174e-02 4.35076783e-02 -1.68365996e-02
-1.46619297e-02 4.34249750e-02 -1.67526886e-02
-1.46250923e-02 4.33425788e-02 -1.66694846e-02
-1.45884045e-02 4.32604878e-02 -1.65869792e-02
-1.45518656e-02 4.31787003e-02 -1.65051640e-02
-1.45154749e-02 4.30972147e-02 -1.64240308e-02
-1.44792319e-02 4.30160293e-02 -1.63435715e-02
-1.44431357e-02 4.29351423e-02 -1.62637781e-02
-1.44071859e-02 4.28545522e-02 -1.61846429e-02
-1.43713817e-02 4.27742571e-02 -1.61061582e-02
-1.43357224e-02 4.26942556e-02 -1.60283163e-02
-1.43002074e-02 4.26145460e-02 -1.59511098e-02
-1.42648360e-02 4.25351266e-02 -1.58745314e-02
-1.42296075e-02 4.24559959e-02 -1.57985738e-02
-1.41945214e-02 4.23771523e-02 -1.57232300e-02
-1.41595769e-02 4.22985941e-02 -1.56484928e-02
-1.41247733e-02 4.22203198e-02 -1.55743553e-02
-1.40901100e-02 4.21423279e-02 -1.55008109e-02
-1.40555864e-02 4.20646168e-02 -1.54278527e-02
-1.40212017e-02 4.19871849e-02 -1.53554743e-02
-1.39869554e-02 4.19100308e-02 -1.52836690e-02
-1.39528467e-02 4.18331529e-02 -1.52124305e-02
-1.39188749e-02 4.17565498e-02 -1.51417524e-02
-1.38850396e-02 4.16802198e-02 -1.50716286e-02
-1.38513398e-02 4.16041616e-02 -1.50020529e-02
-1.38177752e-02 4.15283737e-02 -1.49330194e-02
-1.37843448e-02 4.14528547e-02 -1.48645219e-02
-1.37510482e-02 4.13776030e-02 -1.47965548e-02
-1.37178847e-02 4.13026172e-02 -1.47291121e-02
-1.36848536e-02 4.12278960e-02 -1.46621883e-02
-1.36519542e-02 4.11534378e-02 -1.45957777e-02
-1.36191860e-02 4.10792414e-02 -1.45298748e-02
-1.35865482e-02 4.10053052e-02 -1.44644740e-02
-1.35540403e-02 4.09316279e-02 -1.43995701e-02
-1.35216616e-02 4.08582082e-02 -1.43351578e-02
-1.34894114e-02 4.07850446e-02 -1.42712318e-02
-1.34572892e-02 4.07121359e-02 -1.42077869e-02
-1.34252942e-02 4.06394805e-02 -1.41448181e-02
-1.33934259e-02 4.05670774e-02 -1.40823204e-02
-1.33616837e-02 4.04949250e-02 -1.40202888e-02
-1.33300668e-02 4.04230220e-02 -1.39587184e-02
-1.32985747e-02 4.03513673e-02 -1.38976045e-02
-1.32672068e-02 4.02799594e-02 -1.38369423e-02
-1.32359624e-02 4.02087971e-02 -1.37767271e-02
-1.32048409e-02 4.01378791e-02 -1.37169544e-02
-1.31738417e-02 4.00672041e-02 -1.36576195e-02
-1.31429642e-02 3.99967708e-02 -1.35987179e-02
-1.31122078e-02 3.99265781e-02 -1.35402453e-02
-1.30815718e-02 3.98566246e-02 -1.34821973e-02
-1.30510557e-02 3.97869091e-02 -1.34245695e-02
-1.30206589e-02 3.97174305e-02 -1.33673578e-02
-1.29903808e-02 3.96481874e-02 -1.33105578e-02
-1.29602207e-02 3.95791786e-02 -1.32541655e-02
-1.29301780e-02 3.95104030e-02 -1.31981767e-02
-1.29002523e-02 3.94418594e-02 -1.31425875e-02
-1.28704429e-02 3.93735465e-02 -1.30873938e-02
-1.28407491e-02 3.93054633e-02 -1.30325917e-02
-1.28111705e-02 3.92376084e-02 -1.29781774e-02
-1.27817064e-02 3.91699809e-02 -1.29241470e-02
-1.27523563e-02 3.91025794e-02 -1.28704967e-02
-1.27231196e-02 3.90354029e-02 -1.28172228e-02
-1.26939956e-02 3.89684502e-02 -1.27643215e-02
-1.26649840e-02 3.89017202e-02 -1.27117894e-02
-1.26360840e-02 3.88352118e-02 -1.26596227e-02
-1.26072951e-02 3.87689239e-02 -1.26078180e-02
-1.25786168e-02 3.87028553e-02 -1.25563717e-02
-1.25500485e-02 3.86370049e-02 -1.25052803e-02
-1.25215896e-02 3.85713717e-02 -1.24545405e-02
-1.24932396e-02 3.85059545e-02 -1.24041489e-02
-1.24649979e-02 3.84407524e-02 -1.23541022e-02
-1.24368641e-02 3.83757642e-02 -1.23043970e-02
-1.24088374e-02 3.83109888e-02 -1.22550302e-02
-1.23809175e-02 3.82464252e-02 -1.22059985e-02
-1.23531038e-02 3.81820724e-02 -1.21572987e-02
-1.23253957e-02 3.81179293e-02 -1.21089278e-02
-1.22977927e-02 3.80539949e-02 -1.20608825e-02
-1.22702943e-02 3.79902681e-02 -1.20131600e-02
-1.22428999e-02 3.79267480e-02 -1.19657572e-02
-1.22156091e-02 3.78634334e-02 -1.19186710e-02
-1.21884213e-02 3.78003235e-02 -1.18718986e-02
-1.21613359e-02 3.77374171e-02 -1.18254370e-02
-1.21343525e-02 3.76747134e-02 -1.17792834e-02
-1.21074706e-02 3.76122113e-02 -1.17334349e-02
-1.20806897e-02 3.75499098e-02 -1.16878888e-02
-1.20540091e-02 3.74878080e-02 -1.16426422e-02
-1.20274286e-02 3.74259048e-02 -1.15976924e-02
-1.20009474e-02 3.73641994e-02 -1.15530368e-02
-1.19745652e-02 3.73026908e-02 -1.15086726e-02
-1.19482815e-02 3.72413780e-02 -1.14645972e-02
-1.19220957e-02 3.71802601e-02 -1.14208079e-02
-1.18960073e-02 3.71193361e-02 -1.13773023e-02
-1.18700160e-02 3.70586052e-02 -1.13340777e-02
-1.18441211e-02 3.69980663e-02 -1.12911316e-02
-1.18183222e-02 3.69377186e-02 -1.12484616e-02
-1.17926189e-02 3.68775611e-02 -1.12060651e-02
-1.17670105e-02 3.68175930e-02 -1.11639398e-02
-1.17414968e-02 3.67578133e-02 -1.11220831e-02
-1.17160772e-02 3.66982212e-02 -1.10804928e-02
-1.16907512e-02 3.66388157e-02 -1.10391665e-02
-1.16655183e-02 3.65795961e-02 -1.09981018e-02
-1.16403782e-02 3.65205613e-02 -1.09572964e-02
-1.16153303e-02 3.64617105e-02 -1.09167481e-02
-1.15903741e-02 3.64030429e-02 -1.08764546e-02
-1.15655093e-02 3.63445575e-02 -1.08364137e-02
-1.15407353e-02 3.62862537e-02 -1.07966232e-02
-1.15160517e-02 3.62281303e-02 -1.07570808e-02
-1.14914581e-02 3.61701868e-02 -1.07177845e-02
-1.14669540e-02 3.61124221e-02 -1.06787321e-02
-1.14425389e-02 3.60548355e-02 -1.06399216e-02
-1.14182124e-02 3.59974261e-02 -1.06013507e-02
-1.13939742e-02 3.59401931e-02 -1.05630175e-02
-1.13698236e-02 3.58831358e-02 -1.05249199e-02
-1.13457604e-02 3.58262531e-02 -1.04870559e-02
-1.13217840e-02 3.57695445e-02 -1.04494235e-02
-1.12978940e-02 3.57130090e-02 -1.04120208e-02
-1.12740901e-02 3.56566459e-02 -1.03748457e-02
-1.12503717e-02 3.56004543e-02 -1.03378965e-02
-1.12267385e-02 3.55444335e-02 -1.03011710e-02
-1.12031900e-02 3.54885827e-02 -1.02646676e-02
-1.11797258e-02 3.54329011e-02 -1.02283843e-02
-1.11563455e-02 3.53773880e-02 -1.01923192e-02
-1.11330487e-02 3.53220425e-02 -1.01564705e-02
-1.11098350e-02 3.52668639e-02 -1.01208365e-02
-1.10867039e-02 3.52118514e-02 -1.00854154e-02
-1.10636551e-02 3.51570043e-02 -1.00502053e-02
-1.10406881e-02 3.51023219e-02 -1.00152046e-02
-1.10178026e-02 3.50478033e-02 -9.98041151e-03
-1.09949981e-02 3.49934479e-02 -9.94582433e-03
-1.09722743e-02 3.49392548e-02 -9.91144138e-03
-1.09496308e-02 3.48852235e-02 -9.87726098e-03
-1.09270671e-02 3.48313530e-02 -9.84328149e-03
-1.09045830e-02 3.47776428e-02 -9.80950127e-03
-1.08821779e-02 3.47240920e-02 -9.77591871e-03
-1.08598516e-02 3.46707000e-02 -9.74253221e-03
-1.08376036e-02 3.46174661e-02 -9.70934019e-03
-1.08154336e-02 3.45643895e-02 -9.67634108e-03
-1.07933412e-02 3.45114696e-02 -9.64353335e-03
-1.07713260e-02 3.44587056e-02 -9.61091545e-03
-1.07493877e-02 3.44060969e-02 -9.57848588e-03
-1.07275258e-02 3.43536427e-02 -9.54624314e-03
-1.07057401e-02 3.43013424e-02 -9.51418574e-03
-1.06840302e-02 3.42491953e-02 -9.48231222e-03
-1.06623957e-02 3.41972008e-02 -9.45062112e-03
-1.06408363e-02 3.41453580e-02 -9.41911101e-03
-1.06193515e-02 3.40936665e-02 -9.38778046e-03
-1.05979412e-02 3.40421255e-02 -9.35662807e-03
-1.05766048e-02 3.39907343e-02 -9.32565245e-03
-1.05553421e-02 3.39394923e-02 -9.29485221e-03
-1.05341527e-02 3.38883989e-02 -9.26422599e-03
-1.05130363e-02 3.38374534e-02 -9.23377244e-03
-1.04919925e-02 3.37866552e-02 -9.20349021e-03
-1.04710210e-02 3.37360036e-02 -9.17337798e-03
-1.04501215e-02 3.36854980e-02 -9.14343444e-03
-1.04292936e-02 3.36351377e-02 -9.11365829e-03
-1.04085370e-02 3.35849222e-02 -9.08404824e-03
-1.03878513e-02 3.35348508e-02 -9.05460301e-03
-1.03672363e-02 3.34849229e-02 -9.02532134e-03
-1.03466915e-02 3.34351380e-02 -8.99620197e-03
-1.03262168e-02 3.33854952e-02 -8.96724367e-03
-1.03058116e-02 3.33359942e-02 -8.93844520e-03
-1.02854758e-02 3.32866342e-02 -8.90980536e-03
-1.02652090e-02 3.32374147e-02 -8.88132292e-03
-1.02450108e-02 3.31883351e-02 -8.85299669e-03
-1.02248810e-02 3.31393947e-02 -8.82482549e-03
-1.02048192e-02 3.30905931e-02 -8.79680814e-03
-1.01848251e-02 3.30419295e-02 -8.76894347e-03
-1.01648983e-02 3.29934035e-02 -8.74123033e-03
-1.01450386e-02 3.29450143e-02 -8.71366757e-03
-1.01252456e-02 3.28967616e-02 -8.68625405e-03
-1.01055190e-02 3.28486445e-02 -8.65898865e-03
-1.00858585e-02 3.28006627e-02 -8.63187024e-03
-1.00662638e-02 3.27528155e-02 -8.60489772e-03
-1.00467345e-02 3.27051023e-02 -8.57806999e-03
-1.00272704e-02 3.26575225e-02 -8.55138596e-03
-1.00078711e-02 3.26100757e-02 -8.52484453e-03
-9.98853626e-03 3.25627611e-02 -8.49844464e-03
-9.96926563e-03 3.25155783e-02 -8.47218522e-03
-9.95005887e-03 3.24685267e-02 -8.44606521e-03
-9.93091567e-03 3.24216056e-02 -8.42008356e-03
-9.91183573e-03 3.23748146e-02 -8.39423923e-03
-9.89281873e-03 3.23281531e-02 -8.36853118e-03
-9.87386437e-03 3.22816204e-02 -8.34295839e-03
-9.85497233e-03 3.22352161e-02 -8.31751984e-03
-9.83614233e-03 3.21889395e-02 -8.29221452e-03
-9.81737405e-03 3.21427902e-02 -8.26704142e-03
-9.79866719e-03 3.20967675e-02 -8.24199955e-03
-9.78002147e-03 3.20508708e-02 -8.21708793e-03
-9.76143658e-03 3.20050997e-02 -8.19230558e-03
-9.74291224e-03 3.19594536e-02 -8.16765152e-03
-9.72444815e-03 3.19139320e-02 -8.14312481e-03
-9.70604403e-03 3.18685342e-02 -8.11872447e-03
-9.68769960e-03 3.18232598e-02 -8.09444959e-03
-9.66941457e-03 3.17781082e-02 -8.07029920e-03
-9.65118867e-03 3.17330789e-02 -8.04627241e-03
-9.63302163e-03 3.16881713e-02 -8.02236828e-03
-9.61491317e-03 3.16433850e-02 -7.99858592e-03
-9.59686303e-03 3.15987195e-02 -7.97492444e-03
-9.57887095e-03 3.15541741e-02 -7.95138294e-03
-9.56093667e-03 3.15097486e-02 -7.92796056e-03
-9.54305992e-03 3.14654423e-02 -7.90465643e-03
-9.52524046e-03 3.14212548e-02 -7.88146972e-03
-9.50747804e-03 3.13771856e-02 -7.85839958e-03
-9.48977241e-03 3.13332343e-02 -7.83544519e-03
-9.47212333e-03 3.12894004e-02 -7.81260575e-03
-9.45453055e-03 3.12456836e-02 -7.78988045e-03
-9.43699385e-03 3.12020832e-02 -7.76726852e-03
-9.41951298e-03 3.11585991e-02 -7.74476919e-03
-9.40208771e-03 3.11152307e-02 -7.72238171e-03
-9.38471783e-03 3.10719777e-02 -7.70010534e-03
-9.36740309e-03 3.10288397e-02 -7.67793937e-03
-9.35014328e-03 3.09858164e-02 -7.65588308e-03
-9.33293816e-03 3.09429073e-02 -7.63393579e-03
-9.31578753e-03 3.09001122e-02 -7.61209683e-03
-9.29869116e-03 3.08574306e-02 -7.59036554e-03
-9.28164883e-03 3.08148623e-02 -7.56874129e-03
-9.26466033e-03 3.07724070e-02 -7.54722345e-03
-9.24772543e-03 3.07300643e-02 -7.52581142e-03
-9.23084393e-03 3.06878340e-02 -7.50450460e-03
-9.21401560e-03 3.06457157e-02 -7.48330244e-03
-9.19724023e-03 3.06037091e-02 -7.46220436e-03
-9.18051760e-03 3.05618140e-02 -7.44120982e-03
-9.16384750e-03 3.05200300e-02 -7.42031831e-03
-9.14722971e-03 3.04783568e-02 -7.39952929e-03
-9.13066402e-03 3.04367942e-02 -7.37884228e-03
-9.11415020e-03 3.03953418e-02 -7.35825678e-03
-9.09768803e-03 3.03539993e-02 -7.33777230e-03
-9.08127731e-03 3.03127664e-02 -7.31738839e-03
-9.06491780e-03 3.02716428e-02 -7.29710457e-03
-9.04860929e-03 3.02306281e-02 -7.27692039e-03
-9.03235155e-03 3.01897219e-02 -7.25683538e-03
-9.01614437e-03 3.01489239e-02 -7.23684911e-03
-8.99998751e-03 3.01082336e-02 -7.21696112e-03
-8.98388075e-03 3.00676507e-02 -7.19717094e-03
-8.96782388e-03 3.00271747e-02 -7.17747812e-03
-8.95181666e-03 2.99868051e-02 -7.15788220e-03
-8.93585886e-03 2.99465415e-02 -7.13838268e-03
-8.91995027e-03 2.99063832e-02 -7.11897908e-03
-8.90409066e-03 2.98663299e-02 -7.09967088e-03
-8.88827981e-03 2.98263808e-02 -7.08045756e-03
-8.87251749e-03 2.97865354e-02 -7.06133857e-03
-8.85680347e-03 2.97467930e-02 -7.04231332e-03
-8.84113755e-03 2.97071530e-02 -7.02338121e-03
-8.82551950e-03 2.96676147e-02 -7.00454160e-03
-8.80994910e-03 2.96281774e-02 -6.98579382e-03
-8.79442613e-03 2.95888402e-02 -6.96713715e-03
-8.77895040e-03 2.95496024e-02 -6.94857083e-03
-8.76352168e-03 2.95104632e-02 -6.93009407e-03
-8.74813977e-03 2.94714217e-02 -6.91170601e-03
-8.73280447e-03 2.94324771e-02 -6.89340577e-03
-8.71751558e-03 2.93936285e-02 -6.87519239e-03
-8.70227290e-03 2.93548751e-02 -6.85706486e-03
-8.68707624e-03 2.93162158e-02 -6.83902212e-03
-8.67192541e-03 2.92776497e-02 -6.82106307e-03
-8.65682023e-03 2.92391760e-02 -6.80318651e-03
-8.64176052e-03 2.92007937e-02 -6.78539121e-03
-8.62674611e-03 2.91625019e-02 -6.76767588e-03
-8.61177682e-03 2.91242996e-02 -6.75003916e-03
-8.59685248e-03 2.90861859e-02 -6.73247963e-03
-8.58197293e-03 2.90481599e-02 -6.71499582e-03
-8.56713802e-03 2.90102207e-02 -6.69758621e-03
-8.55234758e-03 2.89723676e-02 -6.68024922e-03
-8.53760146e-03 2.89345996e-02 -6.66298322e-03
-8.52289950e-03 2.88969160e-02 -6.64578654e-03
-8.50824157e-03 2.88593161e-02 -6.62865747e-03
-8.49362751e-03 2.88217991e-02 -6.61159426e-03
-8.47905718e-03 2.87843645e-02 -6.59459513e-03
-8.46453043e-03 2.87470116e-02 -6.57765830e-03
-8.45004711e-03 2.87097400e-02 -6.56078194e-03
-8.43560710e-03 2.86725492e-02 -6.54396426e-03
-8.42121023e-03 2.86354389e-02 -6.52720344e-03
-8.40685636e-03 2.85984089e-02 -6.51049769e-03
-8.39254535e-03 2.85614588e-02 -6.49384524e-03
-8.37827704e-03 2.85245887e-02 -6.47724435e-03
-8.36405128e-03 2.84877985e-02 -6.46069336e-03
-8.34986791e-03 2.84510883e-02 -6.44419064e-03
-8.33572677e-03 2.84144583e-02 -6.42773465e-03
-8.32162769e-03 2.83779088e-02 -6.41132393e-03
-8.30757049e-03 2.83414402e-02 -6.39495713e-03
-8.29355500e-03 2.83050530e-02 -6.37863302e-03
-8.27958104e-03 2.82687478e-02 -6.36235049e-03
-8.26564840e-03 2.82325253e-02 -6.34610860e-03
-8.25175689e-03 2.81963863e-02 -6.32990656e-03
-8.23790629e-03 2.81603317e-02 -6.31374375e-03
-8.22409640e-03 2.81243626e-02 -6.29761976e-03
-8.21032699e-03 2.80884800e-02 -6.28153438e-03
-8.19659783e-03 2.80526851e-02 -6.26548762e-03
-8.18290866e-03 2.80169793e-02 -6.24947974e-03
-8.16925925e-03 2.79813638e-02 -6.23351124e-03
-8.15564933e-03 2.79458402e-02 -6.21758289e-03
-8.14207864e-03 2.79104099e-02 -6.20169574e-03
-8.12854690e-03 2.78750745e-02 -6.18585112e-03
-8.11505383e-03 2.78398356e-02 -6.17005068e-03
-8.10159914e-03 2.78046949e-02 -6.15429636e-03
-8.08818253e-03 2.77696542e-02 -6.13859042e-03
-8.07480370e-03 2.77347151e-02 -6.12293546e-03
-8.06146233e-03 2.76998795e-02 -6.10733441e-03
-8.04815812e-03 2.76651490e-02 -6.09179052e-03
-8.03489073e-03 2.76305256e-02 -6.07630741e-03
-8.02165986e-03 2.75960109e-02 -6.06088902e-03
-8.00846516e-03 2.75616066e-02 -6.04553965e-03
-7.99530633e-03 2.75273146e-02 -6.03026391e-03
-7.98218301e-03 2.74931364e-02 -6.01506679e-03
-7.96909489e-03 2.74590738e-02 -5.99995359e-03
-7.95604162e-03 2.74251282e-02 -5.98492993e-03
-7.94302290e-03 2.73913011e-02 -5.97000176e-03
-7.93003838e-03 2.73575940e-02 -5.95517534e-03
-7.91708775e-03 2.73240081e-02 -5.94045722e-03
-7.90417068e-03 2.72905447e-02 -5.92585423e-03
-7.89128687e-03 2.72572049e-02 -5.91137348e-03
-7.87843600e-03 2.72239897e-02 -5.89702230e-03
-7.86561777e-03 2.71908999e-02 -5.88280829e-03
-7.85283189e-03 2.71579362e-02 -5.86873922e-03
-7.84007808e-03 2.71250993e-02 -5.85482308e-03
-7.82735606e-03 2.70923896e-02 -5.84106801e-03
-7.81466555e-03 2.70598075e-02 -5.82748230e-03
-7.80200631e-03 2.70273530e-02 -5.81407435e-03
-7.78937809e-03 2.69950261e-02 -5.80085266e-03
-7.77678065e-03 2.69628268e-02 -5.78782578e-03
-7.76421375e-03 2.69307547e-02 -5.77500231e-03
-7.75167720e-03 2.68988093e-02 -5.76239085e-03
-7.73917079e-03 2.68669899e-02 -5.74999999e-03
-7.72669431e-03 2.68352959e-02 -5.73783825e-03
-7.71424761e-03 2.68037263e-02 -5.72591409e-03
-7.70183049e-03 2.67722800e-02 -5.71423587e-03
-7.68944280e-03 2.67409557e-02 -5.70281180e-03
-7.67708440e-03 2.67097521e-02 -5.69164995e-03
-7.66475514e-03 2.66786676e-02 -5.68075818e-03
-7.65245489e-03 2.66477008e-02 -5.67014415e-03
-7.64018353e-03 2.66168497e-02 -5.65981529e-03
-7.62794094e-03 2.65861126e-02 -5.64977876e-03
-7.61572702e-03 2.65554875e-02 -5.64004143e-03
-7.60354166e-03 2.65249723e-02 -5.63060989e-03
-7.59138476e-03 2.64945649e-02 -5.62149039e-03
-7.57925624e-03 2.64642632e-02 -5.61268885e-03
-7.56715600e-03 2.64340647e-02 -5.60421082e-03
-7.55508395e-03 2.64039674e-02 -5.59606151e-03
-7.54304002e-03 2.63739687e-02 -5.58824573e-03
-7.53102411e-03 2.63440663e-02 -5.58076792e-03
-7.51903613e-03 2.63142579e-02 -5.57363212e-03
-7.50707600e-03 2.62845411e-02 -5.56684198e-03
-7.49514363e-03 2.62549135e-02 -5.56040075e-03
-7.48323891e-03 2.62253728e-02 -5.55431127e-03
-7.47136175e-03 2.61959166e-02 -5.54857600e-03
-7.45951204e-03 2.61665429e-02 -5.54319702e-03
-7.44768966e-03 2.61372492e-02 -5.53817601e-03
-7.43589449e-03 2.61080336e-02 -5.53351429e-03
-7.42412640e-03 2.60788940e-02 -5.52921283e-03
-7.41238525e-03 2.60498285e-02 -5.52527224e-03
-7.40067089e-03 2.60208352e-02 -5.52169282e-03
-7.38898315e-03 2.59919124e-02 -5.51847454e-03
-7.37732187e-03 2.59630585e-02 -5.51561712e-03
-7.36568685e-03 2.59342721e-02 -5.51311998e-03
-7.35407790e-03 2.59055517e-02 -5.51098231e-03
-7.34249481e-03 2.58768962e-02 -5.50920309e-03
-7.33093736e-03 2.58483046e-02 -5.50778110e-03
-7.31940531e-03 2.58197759e-02 -5.50671497e-03
-7.30789842e-03 2.57913093e-02 -5.50600319e-03
-7.29641643e-03 2.57629043e-02 -5.50564415e-03
-7.28495906e-03 2.57345604e-02 -5.50563614e-03
-7.27352604e-03 2.57062774e-02 -5.50597745e-03
-7.26211706e-03 2.56780550e-02 -5.50666632e-03
-7.25073182e-03 2.56498933e-02 -5.50770101e-03
-7.23937001e-03 2.56217925e-02 -5.50907985e-03
-7.22803129e-03 2.55937529e-02 -5.51080120e-03
-7.21671533e-03 2.55657750e-02 -5.51286355e-03
-7.20542178e-03 2.55378593e-02 -5.51526553e-03
-7.19415029e-03 2.55100066e-02 -5.51800591e-03
-7.18290049e-03 2.54822177e-02 -5.52108364e-03
-7.17167203e-03 2.54544937e-02 -5.52449789e-03
-7.16046453e-03 2.54268356e-02 -5.52824805e-03
-7.14927761e-03 2.53992446e-02 -5.53233376e-03
-7.13811090e-03 2.53717220e-02 -5.53675493e-03
-7.12696401e-03 2.53442692e-02 -5.54151177e-03
-7.11583656e-03 2.53168875e-02 -5.54660478e-03
-7.10472816e-03 2.52895786e-02 -5.55203477e-03
-7.09363843e-03 2.52623439e-02 -5.55780288e-03
-7.08256698e-03 2.52351851e-02 -5.56391058e-03
-7.07151345e-03 2.52081037e-02 -5.57035971e-03
-7.06047745e-03 2.51811014e-02 -5.57715241e-03
-7.04945861e-03 2.51541799e-02 -5.58429120e-03
