4.18910958e-07 4.34000342e-07 -1.16002868e-06
4.97416285e-06 5.13917314e-06 -1.36854578e-05
1.99109322e-05 2.05782489e-05 -5.43841870e-05
4.96829936e-05 5.14967878e-05 -1.34495453e-04
9.51179118e-05 9.91904635e-05 -2.54774211e-04
1.53267595e-04 1.61443901e-04 -4.05519516e-04
2.18112041e-04 2.33249424e-04 -5.69018627e-04
2.81600812e-04 3.07786192e-04 -7.22811642e-04
3.34730062e-04 3.77380507e-04 -8.42861618e-04
3.68492772e-04 4.34316260e-04 -9.06175942e-04
3.74628827e-04 4.71450922e-04 -8.92715616e-04
3.46155998e-04 4.82639089e-04 -7.86598123e-04
2.77694239e-04 4.62987714e-04 -5.76686345e-04
1.65611971e-04 4.08974943e-04 -2.56690625e-04
8.02959517e-06 3.18464570e-04 1.75085057e-04
-1.95283877e-04 1.90644586e-04 7.16234457e-04
-4.43088005e-04 2.59134097e-05 1.36087944e-03
-7.32893378e-04 -1.74267469e-04 2.10036233e-03
-1.06120608e-03 -4.07540011e-04 2.92394352e-03
-1.42377609e-03 -6.70824439e-04 3.81946495e-03
-1.81583630e-03 -9.60494210e-04 4.77395419e-03
-2.23232302e-03 -1.27254516e-03 5.77415500e-03
-2.66807229e-03 -1.60275439e-03 6.80697804e-03
-3.11798885e-03 -1.94682574e-03 7.85987134e-03
-3.57718695e-03 -2.30051955e-03 8.92111374e-03
-4.04110343e-03 -2.65976531e-03 9.98003705e-03
-4.50558453e-03 -3.02075630e-03 1.10271837e-02
-4.96694875e-03 -3.38002592e-03 1.20544078e-02
-5.42202805e-03 -3.73450603e-03 1.30549264e-02
-5.86819015e-03 -4.08156781e-03 1.40233290e-02
-6.30334454e-03 -4.41904623e-03 1.49555522e-02
-6.72593458e-03 -4.74524937e-03 1.58488250e-02
-7.13491829e-03 -5.05895421e-03 1.67015915e-02
-7.52973976e-03 -5.35939071e-03 1.75134161e-02
-7.91029334e-03 -5.64621581e-03 1.82848756e-02
-8.27688230e-03 -5.91947952e-03 1.90174427e-02
-8.63017362e-03 -6.17958486e-03 1.97133648e-02
-8.97115031e-03 -6.42724355e-03 2.03755413e-02
-9.30106263e-03 -6.66342916e-03 2.10074021e-02
-9.62137919e-03 -6.88932933e-03 2.16127903e-02
-9.93373910e-03 -7.10629846e-03 2.21958503e-02
-1.02399058e-02 -7.31581210e-03 2.27609240e-02
-1.05417237e-02 -7.51942408e-03 2.33124553e-02
-1.08410774e-02 -7.71872709e-03 2.38549051e-02
-1.11398555e-02 -7.91531740e-03 2.43926755e-02
-1.14399171e-02 -8.11076408e-03 2.49300456e-02
-1.17430636e-02 -8.30658288e-03 2.54711175e-02
-1.20510147e-02 -8.50421493e-03 2.60197726e-02
-1.23653880e-02 -8.70501002e-03 2.65796378e-02
-1.26876838e-02 -8.91021436e-03 2.71540610e-02
-1.30192739e-02 -9.12096246e-03 2.77460954e-02
-1.33613942e-02 -9.33827273e-03 2.83584907e-02
-1.37151410e-02 -9.56304635e-03 2.89936919e-02
-1.40814705e-02 -9.79606903e-03 2.96538437e-02
-1.44612021e-02 -1.00380151e-02 3.03407991e-02
-1.48550231e-02 -1.02894532e-02 3.10561330e-02
-1.52634962e-02 -1.05508543e-02 3.18011581e-02
-1.56870687e-02 -1.08225991e-02 3.25769433e-02
-1.61260831e-02 -1.11049878e-02 3.33843338e-02
-1.65807879e-02 -1.13982490e-02 3.42239719e-02
-1.70513501e-02 -1.17025489e-02 3.50963182e-02
-1.75378664e-02 -1.20180001e-02 3.60016724e-02
-1.80403757e-02 -1.23446704e-02 3.69401938e-02
-1.85588701e-02 -1.26825905e-02 3.79119208e-02
-1.90933057e-02 -1.30317610e-02 3.89167891e-02
-1.96436125e-02 -1.33921590e-02 3.99546492e-02
-2.02097033e-02 -1.37637437e-02 4.10252813e-02
-2.07914814e-02 -1.41464610e-02 4.21284100e-02
-2.13888475e-02 -1.45402477e-02 4.32637170e-02
-2.20017049e-02 -1.49450348e-02 4.44308517e-02
-2.26299641e-02 -1.53607499e-02 4.56294419e-02
-2.32735459e-02 -1.57873198e-02 4.68591011e-02
-2.39323838e-02 -1.62246715e-02 4.81194366e-02
-2.46064249e-02 -1.66727334e-02 4.94100550e-02
-2.52956309e-02 -1.71314363e-02 5.07305670e-02
-2.59999775e-02 -1.76007136e-02 5.20805914e-02
-2.67194534e-02 -1.80805013e-02 5.34597582e-02
-2.74540591e-02 -1.85707386e-02 5.48677104e-02
-2.82038054e-02 -1.90713669e-02 5.63041059e-02
-2.89687110e-02 -1.95823303e-02 5.77686175e-02
-2.97488004e-02 -2.01035747e-02 5.92609341e-02
-3.05441019e-02 -2.06350481e-02 6.07807592e-02
-3.13546453e-02 -2.11766993e-02 6.23278110e-02
-3.21804596e-02 -2.17284783e-02 6.39018207e-02
-3.30215713e-02 -2.22903354e-02 6.55025310e-02
-3.38780021e-02 -2.28622209e-02 6.71296941e-02
-3.47497677e-02 -2.34440846e-02 6.87830698e-02
-3.56368761e-02 -2.40358753e-02 7.04624227e-02
-3.65393263e-02 -2.46375405e-02 7.21675199e-02
-3.74571075e-02 -2.52490254e-02 7.38981281e-02
-3.83901981e-02 -2.58702729e-02 7.56540109e-02
-3.93385650e-02 -2.65012229e-02 7.74349261e-02
-4.03021632e-02 -2.71418115e-02 7.92406221e-02
-4.12809353e-02 -2.77919705e-02 8.10708358e-02
-4.22748112e-02 -2.84516268e-02 8.29252894e-02
-4.32837081e-02 -2.91207017e-02 8.48036876e-02
-4.43075301e-02 -2.97991105e-02 8.67057151e-02
-4.53461683e-02 -3.04867613e-02 8.86310342e-02
-4.63995005e-02 -3.11835548e-02 9.05792823e-02
-4.74673912e-02 -3.18893834e-02 9.25500699e-02
-4.85496915e-02 -3.26041309e-02 9.45429788e-02
-4.96462389e-02 -3.33276713e-02 9.65575601e-02
-5.07568571e-02 -3.40598689e-02 9.85933332e-02
-5.18813559e-02 -3.48005774e-02 1.00649784e-01
-5.30195309e-02 -3.55496392e-02 1.02726365e-01
-5.41711633e-02 -3.63068856e-02 1.04822494e-01
-5.53360195e-02 -3.70721359e-02 1.06937552e-01
-5.65138509e-02 -3.78451974e-02 1.09070885e-01
-5.77043935e-02 -3.86258647e-02 1.11221805e-01
-5.89073679e-02 -3.94139202e-02 1.13389585e-01
-6.01224785e-02 -4.02091333e-02 1.15573465e-01
-6.13494136e-02 -4.10112607e-02 1.17772649e-01
-6.25878453e-02 -4.18200461e-02 1.19986306e-01
-6.38374286e-02 -4.26352206e-02 1.22213571e-01
-6.50978021e-02 -4.34565023e-02 1.24453546e-01
-6.63685871e-02 -4.42835967e-02 1.26705299e-01
-6.76493879e-02 -4.51161966e-02 1.28967866e-01
-6.89397919e-02 -4.59539826e-02 1.31240252e-01
-7.02393691e-02 -4.67966228e-02 1.33521431e-01
-7.15476724e-02 -4.76437733e-02 1.35810347e-01
-7.28642379e-02 -4.84950783e-02 1.38105914e-01
-7.41885845e-02 -4.93501701e-02 1.40407020e-01
-7.55202144e-02 -5.02086699e-02 1.42712520e-01
-7.68586134e-02 -5.10701871e-02 1.45021247e-01
-7.82032505e-02 -5.19343204e-02 1.47332004e-01
-7.95535787e-02 -5.28006574e-02 1.49643568e-01
-8.09090352e-02 -5.36687749e-02 1.51954693e-01
-8.22690413e-02 -5.45382392e-02 1.54264103e-01
-8.36330028e-02 -5.54086064e-02 1.56570503e-01
-8.50003104e-02 -5.62794221e-02 1.58872571e-01
-8.63703399e-02 -5.71502222e-02 1.61168962e-01
-8.77424524e-02 -5.80205325e-02 1.63458307e-01
-8.91159949e-02 -5.88898696e-02 1.65739218e-01
-9.04903001e-02 -5.97577401e-02 1.68010283e-01
-9.18646869e-02 -6.06236417e-02 1.70270068e-01
-9.32384611e-02 -6.14870629e-02 1.72517122e-01
-9.46109149e-02 -6.23474836e-02 1.74749972e-01
-9.59813282e-02 -6.32043748e-02 1.76967127e-01
-9.73489679e-02 -6.40571994e-02 1.79167079e-01
-9.87130890e-02 -6.49054121e-02 1.81348302e-01
-1.00072935e-01 -6.57484598e-02 1.83509255e-01
-1.01427737e-01 -6.65857820e-02 1.85648382e-01
-1.02776717e-01 -6.74168109e-02 1.87764114e-01
-1.04119084e-01 -6.82409720e-02 1.89854868e-01
-1.05454040e-01 -6.90576843e-02 1.91919050e-01
-1.06780773e-01 -6.98663608e-02 1.93955059e-01
-1.08098466e-01 -7.06664087e-02 1.95961283e-01
-1.09406290e-01 -7.14572300e-02 1.97936101e-01
-1.10703412e-01 -7.22382220e-02 1.99877891e-01
-1.11988987e-01 -7.30087776e-02 2.01785023e-01
-1.13262166e-01 -7.37682858e-02 2.03655866e-01
-1.14522092e-01 -7.45161322e-02 2.05488786e-01
-1.15767905e-01 -7.52516997e-02 2.07282152e-01
-1.16998735e-01 -7.59743687e-02 2.09034331e-01
-1.18213714e-01 -7.66835178e-02 2.10743699e-01
-1.19411964e-01 -7.73785243e-02 2.12408631e-01
-1.20592610e-01 -7.80587650e-02 2.14027512e-01
-1.21754771e-01 -7.87236161e-02 2.15598735e-01
-1.22897566e-01 -7.93724546e-02 2.17120703e-01
-1.24020112e-01 -8.00046581e-02 2.18591829e-01
-1.25121529e-01 -8.06196060e-02 2.20010540e-01
-1.26200935e-01 -8.12166796e-02 2.21375278e-01
-1.27257452e-01 -8.17952632e-02 2.22684501e-01
-1.28290202e-01 -8.23547440e-02 2.23936685e-01
-1.29298313e-01 -8.28945133e-02 2.25130326e-01
-1.30280915e-01 -8.34139669e-02 2.26263940e-01
-1.31237145e-01 -8.39125054e-02 2.27336067e-01
-1.32166144e-01 -8.43895354e-02 2.28345272e-01
-1.33067060e-01 -8.48444695e-02 2.29290143e-01
-1.33939050e-01 -8.52767273e-02 2.30169300e-01
-1.34781277e-01 -8.56857357e-02 2.30981388e-01
-1.35592915e-01 -8.60709299e-02 2.31725087e-01
-1.36373146e-01 -8.64317536e-02 2.32399106e-01
-1.37121164e-01 -8.67676597e-02 2.33002191e-01
-1.37836175e-01 -8.70781110e-02 2.33533122e-01
-1.38517396e-01 -8.73625809e-02 2.33990715e-01
-1.39164057e-01 -8.76205537e-02 2.34373828e-01
-1.39775404e-01 -8.78515253e-02 2.34681357e-01
-1.40350696e-01 -8.80550038e-02 2.34912240e-01
-1.40889208e-01 -8.82305103e-02 2.35065458e-01
-1.41390232e-01 -8.83775791e-02 2.35140039e-01
-1.41853075e-01 -8.84957583e-02 2.35135054e-01
-1.42277065e-01 -8.85846108e-02 2.35049624e-01
-1.42661546e-01 -8.86437142e-02 2.34882916e-01
-1.43005883e-01 -8.86726620e-02 2.34634150e-01
-1.43309461e-01 -8.86710636e-02 2.34302595e-01
-1.43571684e-01 -8.86385449e-02 2.33887575e-01
-1.43791981e-01 -8.85747492e-02 2.33388466e-01
-1.43969799e-01 -8.84793372e-02 2.32804698e-01
-1.44104612e-01 -8.83519877e-02 2.32135759e-01
-1.44195916e-01 -8.81923980e-02 2.31381193e-01
-1.44243229e-01 -8.80002846e-02 2.30540600e-01
-1.44246098e-01 -8.77753832e-02 2.29613642e-01
-1.44204092e-01 -8.75174492e-02 2.28600038e-01
-1.44116808e-01 -8.72262585e-02 2.27499567e-01
-1.43983868e-01 -8.69016072e-02 2.26312070e-01
-1.43804923e-01 -8.65433127e-02 2.25037450e-01
-1.43579650e-01 -8.61512134e-02 2.23675671e-01
-1.43307754e-01 -8.57251693e-02 2.22226758e-01
-1.42988971e-01 -8.52650622e-02 2.20690803e-01
-1.42623062e-01 -8.47707961e-02 2.19067957e-01
-1.42209820e-01 -8.42422973e-02 2.17358438e-01
-1.41749068e-01 -8.36795147e-02 2.15562526e-01
-1.41240656e-01 -8.30824199e-02 2.13680566e-01
-1.40684468e-01 -8.24510076e-02 2.11712965e-01
-1.40080417e-01 -8.17852954e-02 2.09660197e-01
-1.39428446e-01 -8.10853242e-02 2.07522797e-01
-1.38728529e-01 -8.03511584e-02 2.05301367e-01
-1.37980674e-01 -7.95828855e-02 2.02996571e-01
-1.37184916e-01 -7.87806167e-02 2.00609137e-01
-1.36341326e-01 -7.79444866e-02 1.98139854e-01
-1.35450003e-01 -7.70746533e-02 1.95589577e-01
-1.34511079e-01 -7.61712985e-02 1.92959222e-01
-1.33524718e-01 -7.52346271e-02 1.90249766e-01
-1.32491114e-01 -7.42648677e-02 1.87462248e-01
-1.31410495e-01 -7.32622719e-02 1.84597766e-01
-1.30283119e-01 -7.22271146e-02 1.81657480e-01
-1.29109274e-01 -7.11596936e-02 1.78642606e-01
-1.27889282e-01 -7.00603297e-02 1.75554421e-01
-1.26623495e-01 -6.89293662e-02 1.72394256e-01
-1.25312293e-01 -6.77671689e-02 1.69163501e-01
-1.23956091e-01 -6.65741258e-02 1.65863598e-01
-1.22555332e-01 -6.53506468e-02 1.62496044e-01
-1.21110488e-01 -6.40971634e-02 1.59062389e-01
-1.19622063e-01 -6.28141285e-02 1.55564234e-01
-1.18090587e-01 -6.15020159e-02 1.52003230e-01
-1.16516623e-01 -6.01613200e-02 1.48381074e-01
-1.14900758e-01 -5.87925554e-02 1.44699514e-01
-1.13243610e-01 -5.73962567e-02 1.40960341e-01
-1.11545823e-01 -5.59729778e-02 1.37165391e-01
-1.09808068e-01 -5.45232913e-02 1.33316541e-01
-1.08031043e-01 -5.30477885e-02 1.29415710e-01
-1.06215470e-01 -5.15470787e-02 1.25464855e-01
-1.04362099e-01 -5.00217886e-02 1.21465972e-01
-1.02471701e-01 -4.84725618e-02 1.17421089e-01
-1.00545074e-01 -4.69000583e-02 1.13332272e-01
-9.85830366e-02 -4.53049539e-02 1.09201614e-01
-9.65864314e-02 -4.36879397e-02 1.05031241e-01
-9.45561219e-02 -4.20497213e-02 1.00823307e-01
-9.24929927e-02 -4.03910185e-02 9.65799885e-02
-9.03979487e-02 -3.87125644e-02 9.23034897e-02
-8.82719139e-02 -3.70151048e-02 8.79960345e-02
-8.61158308e-02 -3.52993977e-02 8.36598672e-02
-8.39306599e-02 -3.35662124e-02 7.92972498e-02
-8.17173781e-02 -3.18163290e-02 7.49104599e-02
-7.94769786e-02 -3.00505377e-02 7.05017888e-02
-7.72104695e-02 -2.82696382e-02 6.60735391e-02
-7.49188731e-02 -2.64744385e-02 6.16280228e-02
-7.26032252e-02 -2.46657548e-02 5.71675593e-02
-7.02645736e-02 -2.28444105e-02 5.26944730e-02
-6.79039779e-02 -2.10112355e-02 4.82110913e-02
-6.55225079e-02 -1.91670653e-02 4.37197425e-02
-6.31212433e-02 -1.73127408e-02 3.92227538e-02
-6.07012721e-02 -1.54491068e-02 3.47224491e-02
-5.82636901e-02 -1.35770119e-02 3.02211467e-02
-5.58095999e-02 -1.16973074e-02 2.57211575e-02
-5.33401097e-02 -9.81084679e-03 2.12247831e-02
-5.08563326e-02 -7.91848487e-03 1.67343132e-02
-4.83593854e-02 -6.02107700e-03 1.22520241e-02
-4.58503880e-02 -4.11947847e-03 7.78017648e-03
-4.33304619e-02 -2.21454366e-03 3.32101335e-03
-4.08007299e-02 -3.07125412e-04 -1.12324168e-03
-3.82623146e-02 1.60192576e-03 -5.55038645e-03
-3.57163377e-02 3.51176236e-03 -9.95824208e-03
-3.31639190e-02 5.42154059e-03 -1.43446549e-02
-3.06061758e-02 7.33042111e-03 -1.87074980e-02
-2.80442212e-02 9.23756967e-03 -2.30446733e-02
-2.54791642e-02 1.11421578e-02 -2.73541133e-02
-2.29121078e-02 1.30433636e-02 -3.16337823e-02
-2.03441490e-02 1.49403721e-02 -3.58816786e-02
-1.77763773e-02 1.68323762e-02 -4.00958355e-02
-1.52098741e-02 1.87185773e-02 -4.42743234e-02
-1.26457119e-02 2.05981857e-02 -4.84152511e-02
-1.00849535e-02 2.24704214e-02 -5.25167670e-02
-7.52865076e-03 2.43345144e-02 -5.65770605e-02
-4.97784449e-03 2.61897059e-02 -6.05943639e-02
-2.43356317e-03 2.80352481e-02 -6.45669527e-02
1.03177606e-04 2.98704053e-02 -6.84931477e-02
2.63137590e-03 3.16944542e-02 -7.23713156e-02
5.15004412e-03 3.35066843e-02 -7.61998703e-02
7.65820974e-03 3.53063987e-02 -7.99772739e-02
1.01549159e-02 3.70929143e-02 -8.37020376e-02
1.26392223e-02 3.88655624e-02 -8.73727227e-02
1.51102052e-02 4.06236891e-02 -9.09879412e-02
1.75669589e-02 4.23666556e-02 -9.45463569e-02
2.00085956e-02 4.40938389e-02 -9.80466859e-02
2.24342463e-02 4.58046317e-02 -1.01487697e-01
2.48430610e-02 4.74984432e-02 -1.04868214e-01
2.72342097e-02 4.91746993e-02 -1.08187113e-01
2.96068824e-02 5.08328426e-02 -1.11443325e-01
3.19602898e-02 5.24723333e-02 -1.14635837e-01
3.42936636e-02 5.40926489e-02 -1.17763689e-01
3.66062569e-02 5.56932847e-02 -1.20825980e-01
3.88973446e-02 5.72737540e-02 -1.23821863e-01
4.11662239e-02 5.88335884e-02 -1.26750544e-01
4.34122141e-02 6.03723377e-02 -1.29611291e-01
4.56346575e-02 6.18895705e-02 -1.32403421e-01
4.78329193e-02 6.33848738e-02 -1.35126313e-01
5.00063879e-02 6.48578537e-02 -1.37779398e-01
5.21544749e-02 6.63081349e-02 -1.40362164e-01
5.42766157e-02 6.77353612e-02 -1.42874154e-01
5.63722694e-02 6.91391955e-02 -1.45314965e-01
5.84409189e-02 7.05193198e-02 -1.47684252e-01
6.04820708e-02 7.18754350e-02 -1.49981721e-01
6.24952561e-02 7.32072611e-02 -1.52207133e-01
6.44800294e-02 7.45145374e-02 -1.54360302e-01
6.64359698e-02 7.57970219e-02 -1.56441096e-01
6.83626801e-02 7.70544918e-02 -1.58449434e-01
7.02597873e-02 7.82867428e-02 -1.60385286e-01
7.21269421e-02 7.94935898e-02 -1.62248676e-01
7.39638193e-02 8.06748660e-02 -1.64039674e-01
7.57701174e-02 8.18304233e-02 -1.65758402e-01
7.75455584e-02 8.29601317e-02 -1.67405030e-01
7.92898881e-02 8.40638797e-02 -1.68979773e-01
8.10028751e-02 8.51415735e-02 -1.70482897e-01
8.26843117e-02 8.61931371e-02 -1.71914711e-01
8.43340125e-02 8.72185124e-02 -1.73275570e-01
8.59518153e-02 8.82176581e-02 -1.74565870e-01
8.75375799e-02 8.91905505e-02 -1.75786054e-01
8.90911884e-02 9.01371822e-02 -1.76936602e-01
9.06125448e-02 9.10575628e-02 -1.78018039e-01
9.21015745e-02 9.19517179e-02 -1.79030926e-01
9.35582243e-02 9.28196891e-02 -1.79975863e-01
9.49824615e-02 9.36615337e-02 -1.80853488e-01
9.63742744e-02 9.44773242e-02 -1.81664474e-01
9.77336710e-02 9.52671482e-02 -1.82409529e-01
9.90606794e-02 9.60311079e-02 -1.83089393e-01
1.00355347e-01 9.67693199e-02 -1.83704841e-01
1.01617740e-01 9.74819146e-02 -1.84256675e-01
1.02847942e-01 9.81690360e-02 -1.84745731e-01
1.04046058e-01 9.88308413e-02 -1.85172869e-01
1.05212207e-01 9.94675005e-02 -1.85538979e-01
1.06346527e-01 1.00079196e-01 -1.85844976e-01
1.07449173e-01 1.00666123e-01 -1.86091799e-01
1.08520316e-01 1.01228487e-01 -1.86280411e-01
1.09560141e-01 1.01766505e-01 -1.86411795e-01
1.10568850e-01 1.02280406e-01 -1.86486956e-01
1.11546662e-01 1.02770428e-01 -1.86506919e-01
1.12493805e-01 1.03236820e-01 -1.86472725e-01
1.13410526e-01 1.03679840e-01 -1.86385434e-01
1.14297081e-01 1.04099757e-01 -1.86246119e-01
1.15153743e-01 1.04496845e-01 -1.86055868e-01
1.15980795e-01 1.04871390e-01 -1.85815784e-01
1.16778532e-01 1.05223683e-01 -1.85526978e-01
1.17547259e-01 1.05554026e-01 -1.85190574e-01
1.18287295e-01 1.05862726e-01 -1.84807705e-01
1.18998967e-01 1.06150096e-01 -1.84379511e-01
1.19682612e-01 1.06416456e-01 -1.83907140e-01
1.20338576e-01 1.06662133e-01 -1.83391744e-01
1.20967217e-01 1.06887458e-01 -1.82834482e-01
1.21568896e-01 1.07092768e-01 -1.82236514e-01
1.22143985e-01 1.07278404e-01 -1.81599004e-01
1.22692863e-01 1.07444713e-01 -1.80923115e-01
1.23215917e-01 1.07592042e-01 -1.80210014e-01
1.23713536e-01 1.07720747e-01 -1.79460864e-01
1.24186121e-01 1.07831183e-01 -1.78676828e-01
1.24634072e-01 1.07923709e-01 -1.77859063e-01
1.25057799e-01 1.07998687e-01 -1.77008726e-01
1.25457715e-01 1.08056480e-01 -1.76126968e-01
1.25834234e-01 1.08097454e-01 -1.75214933e-01
1.26187778e-01 1.08121975e-01 -1.74273761e-01
1.26518770e-01 1.08130411e-01 -1.73304582e-01
1.26827635e-01 1.08123131e-01 -1.72308520e-01
1.27114802e-01 1.08100503e-01 -1.71286689e-01
1.27380700e-01 1.08062896e-01 -1.70240193e-01
1.27625762e-01 1.08010679e-01 -1.69170126e-01
1.27850419e-01 1.07944221e-01 -1.68077572e-01
1.28055105e-01 1.07863887e-01 -1.66963601e-01
1.28240253e-01 1.07770046e-01 -1.65829272e-01
1.28406296e-01 1.07663060e-01 -1.64675630e-01
1.28553669e-01 1.07543295e-01 -1.63503709e-01
1.28682802e-01 1.07411110e-01 -1.62314524e-01
1.28794128e-01 1.07266865e-01 -1.61109081e-01
1.28888076e-01 1.07110918e-01 -1.59888366e-01
1.28965073e-01 1.06943621e-01 -1.58653351e-01
1.29025547e-01 1.06765327e-01 -1.57404993e-01
1.29069922e-01 1.06576384e-01 -1.56144232e-01
1.29098617e-01 1.06377136e-01 -1.54871990e-01
1.29112051e-01 1.06167926e-01 -1.53589174e-01
1.29110641e-01 1.05949092e-01 -1.52296670e-01
1.29094797e-01 1.05720968e-01 -1.50995349e-01
1.29064927e-01 1.05483884e-01 -1.49686063e-01
1.29021437e-01 1.05238167e-01 -1.48369647e-01
1.28964727e-01 1.04984139e-01 -1.47046915e-01
1.28895192e-01 1.04722117e-01 -1.45718665e-01
1.28813226e-01 1.04452414e-01 -1.44385673e-01
1.28719213e-01 1.04175339e-01 -1.43048698e-01
1.28613538e-01 1.03891195e-01 -1.41708481e-01
1.28496577e-01 1.03600282e-01 -1.40365740e-01
1.28368703e-01 1.03302893e-01 -1.39021179e-01
1.28230283e-01 1.02999318e-01 -1.37675477e-01
1.28081679e-01 1.02689839e-01 -1.36329298e-01
1.27923246e-01 1.02374736e-01 -1.34983286e-01
1.27755335e-01 1.02054282e-01 -1.33638062e-01
1.27578291e-01 1.01728745e-01 -1.32294234e-01
1.27392453e-01 1.01398388e-01 -1.30952384e-01
1.27198155e-01 1.01063467e-01 -1.29613081e-01
1.26995724e-01 1.00724235e-01 -1.28276871e-01
1.26785480e-01 1.00380938e-01 -1.26944282e-01
1.26567739e-01 1.00033817e-01 -1.25615825e-01
1.26342809e-01 9.96831066e-02 -1.24291990e-01
1.26110994e-01 9.93290375e-02 -1.22973249e-01
1.25872591e-01 9.89718338e-02 -1.21660057e-01
1.25627888e-01 9.86117141e-02 -1.20352850e-01
1.25377171e-01 9.82488918e-02 -1.19052047e-01
1.25120717e-01 9.78835746e-02 -1.17758047e-01
1.24858798e-01 9.75159648e-02 -1.16471235e-01
1.24591678e-01 9.71462593e-02 -1.15191975e-01
1.24319618e-01 9.67746493e-02 -1.13920617e-01
1.24042868e-01 9.64013211e-02 -1.12657494e-01
1.23761676e-01 9.60264550e-02 -1.11402922e-01
1.23476282e-01 9.56502266e-02 -1.10157199e-01
1.23186920e-01 9.52728058e-02 -1.08920611e-01
1.22893818e-01 9.48943575e-02 -1.07693425e-01
1.22597197e-01 9.45150412e-02 -1.06475894e-01
1.22297274e-01 9.41350116e-02 -1.05268258e-01
1.21994257e-01 9.37544181e-02 -1.04070739e-01
1.21688350e-01 9.33734051e-02 -1.02883546e-01
1.21379752e-01 9.29921122e-02 -1.01706875e-01
1.21068654e-01 9.26106742e-02 -1.00540908e-01
1.20755242e-01 9.22292207e-02 -9.93858117e-02
1.20439697e-01 9.18478771e-02 -9.82417420e-02
1.20122193e-01 9.14667639e-02 -9.71088411e-02
1.19802901e-01 9.10859969e-02 -9.59872392e-02
1.19481983e-01 9.07056877e-02 -9.48770541e-02
1.19159598e-01 9.03259434e-02 -9.37783922e-02
1.18835899e-01 8.99468665e-02 -9.26913484e-02
1.18511034e-01 8.95685556e-02 -9.16160066e-02
1.18185146e-01 8.91911050e-02 -9.05524398e-02
1.17858372e-01 8.88146049e-02 -8.95007110e-02
1.17530845e-01 8.84391416e-02 -8.84608728e-02
1.17202693e-01 8.80647974e-02 -8.74329683e-02
1.16874038e-01 8.76916509e-02 -8.64170311e-02
1.16545000e-01 8.73197767e-02 -8.54130860e-02
1.16215692e-01 8.69492461e-02 -8.44211486e-02
1.15886223e-01 8.65801266e-02 -8.34412264e-02
1.15556698e-01 8.62124824e-02 -8.24733188e-02
1.15227219e-01 8.58463742e-02 -8.15174172e-02
1.14897880e-01 8.54818595e-02 -8.05735058e-02
1.14568774e-01 8.51189925e-02 -7.96415614e-02
1.14239991e-01 8.47578244e-02 -7.87215539e-02
1.13911613e-01 8.43984032e-02 -7.78134467e-02
1.13583723e-01 8.40407742e-02 -7.69171969e-02
1.13256396e-01 8.36849797e-02 -7.60327556e-02
1.12929706e-01 8.33310591e-02 -7.51600681e-02
1.12603723e-01 8.29790495e-02 -7.42990743e-02
1.12278512e-01 8.26289851e-02 -7.34497088e-02
1.11954138e-01 8.22808975e-02 -7.26119015e-02
1.11630660e-01 8.19348162e-02 -7.17855774e-02
1.11308135e-01 8.15907680e-02 -7.09706572e-02
1.10986616e-01 8.12487777e-02 -7.01670574e-02
1.10666154e-01 8.09088677e-02 -6.93746905e-02
1.10346796e-01 8.05710585e-02 -6.85934656e-02
1.10028589e-01 8.02353683e-02 -6.78232879e-02
1.09711574e-01 7.99018134e-02 -6.70640597e-02
1.09395791e-01 7.95704084e-02 -6.63156802e-02
1.09081277e-01 7.92411660e-02 -6.55780458e-02
1.08768068e-01 7.89140969e-02 -6.48510501e-02
1.08456196e-01 7.85892104e-02 -6.41345846e-02
1.08145691e-01 7.82665141e-02 -6.34285385e-02
1.07836582e-01 7.79460140e-02 -6.27327988e-02
1.07528894e-01 7.76277147e-02 -6.20472508e-02
1.07222652e-01 7.73116195e-02 -6.13717782e-02
1.06917877e-01 7.69977299e-02 -6.07062631e-02
1.06614590e-01 7.66860467e-02 -6.00505863e-02
1.06312809e-01 7.63765690e-02 -5.94046275e-02
1.06012552e-01 7.60692950e-02 -5.87682652e-02
1.05713832e-01 7.57642215e-02 -5.81413772e-02
1.05416664e-01 7.54613447e-02 -5.75238405e-02
1.05121060e-01 7.51606592e-02 -5.69155315e-02
1.04827030e-01 7.48621591e-02 -5.63163262e-02
1.04534583e-01 7.45658375e-02 -5.57261001e-02
1.04243727e-01 7.42716864e-02 -5.51447287e-02
1.03954469e-01 7.39796972e-02 -5.45720871e-02
1.03666813e-01 7.36898606e-02 -5.40080508e-02
1.03380765e-01 7.34021664e-02 -5.34524951e-02
1.03096327e-01 7.31166038e-02 -5.29052955e-02
1.02813501e-01 7.28331614e-02 -5.23663280e-02
1.02532288e-01 7.25518271e-02 -5.18354688e-02
1.02252689e-01 7.22725883e-02 -5.13125947e-02
1.01974702e-01 7.19954320e-02 -5.07975831e-02
1.01698326e-01 7.17203444e-02 -5.02903118e-02
1.01423558e-01 7.14473116e-02 -4.97906595e-02
1.01150396e-01 7.11763191e-02 -4.92985057e-02
1.00878835e-01 7.09073521e-02 -4.88137306e-02
1.00608870e-01 7.06403953e-02 -4.83362153e-02
1.00340497e-01 7.03754332e-02 -4.78658421e-02
1.00073710e-01 7.01124501e-02 -4.74024940e-02
9.98085015e-02 6.98514298e-02 -4.69460551e-02
9.95448654e-02 6.95923561e-02 -4.64964109e-02
9.92827941e-02 6.93352123e-02 -4.60534476e-02
9.90222797e-02 6.90799819e-02 -4.56170530e-02
9.87633140e-02 6.88266478e-02 -4.51871158e-02
9.85058882e-02 6.85751932e-02 -4.47635262e-02
9.82499933e-02 6.83256007e-02 -4.43461755e-02
9.79956197e-02 6.80778533e-02 -4.39349563e-02
9.77427579e-02 6.78319335e-02 -4.35297627e-02
9.74913978e-02 6.75878239e-02 -4.31304901e-02
9.72415291e-02 6.73455072e-02 -4.27370352e-02
9.69931413e-02 6.71049657e-02 -4.23492961e-02
9.67462236e-02 6.68661821e-02 -4.19671724e-02
9.65007651e-02 6.66291388e-02 -4.15905650e-02
9.62567548e-02 6.63938184e-02 -4.12193764e-02
9.60141813e-02 6.61602033e-02 -4.08535103e-02
9.57730332e-02 6.59282762e-02 -4.04928720e-02
9.55332990e-02 6.56980197e-02 -4.01373684e-02
9.52949671e-02 6.54694164e-02 -3.97869074e-02
9.50580257e-02 6.52424493e-02 -3.94413989e-02
9.48224631e-02 6.50171010e-02 -3.91007538e-02
9.45882674e-02 6.47933545e-02 -3.87648847e-02
9.43554266e-02 6.45711930e-02 -3.84337056e-02
9.41239290e-02 6.43505994e-02 -3.81071320e-02
9.38937624e-02 6.41315570e-02 -3.77850807e-02
9.36649151e-02 6.39140493e-02 -3.74674701e-02
9.34373749e-02 6.36980598e-02 -3.71542198e-02
9.32111299e-02 6.34835720e-02 -3.68452510e-02
9.29861683e-02 6.32705697e-02 -3.65404864e-02
9.27624780e-02 6.30590369e-02 -3.62398497e-02
9.25400473e-02 6.28489576e-02 -3.59432665e-02
9.23188644e-02 6.26403161e-02 -3.56506633e-02
9.20989174e-02 6.24330966e-02 -3.53619683e-02
9.18801946e-02 6.22272837e-02 -3.50771108e-02
9.16626845e-02 6.20228622e-02 -3.47960217e-02
9.14463754e-02 6.18198168e-02 -3.45186329e-02
9.12312558e-02 6.16181326e-02 -3.42448778e-02
9.10173144e-02 6.14177948e-02 -3.39746911e-02
9.08045398e-02 6.12187887e-02 -3.37080086e-02
9.05929208e-02 6.10210999e-02 -3.34447675e-02
9.03824463e-02 6.08247139e-02 -3.31849062e-02
9.01731051e-02 6.06296168e-02 -3.29283643e-02
8.99648864e-02 6.04357946e-02 -3.26750826e-02
8.97577793e-02 6.02432334e-02 -3.24250030e-02
8.95517730e-02 6.00519197e-02 -3.21780688e-02
8.93468571e-02 5.98618400e-02 -3.19342241e-02
8.91430209e-02 5.96729811e-02 -3.16934144e-02
8.89402540e-02 5.94853298e-02 -3.14555863e-02
8.87385462e-02 5.92988734e-02 -3.12206872e-02
8.85378872e-02 5.91135989e-02 -3.09886659e-02
8.83382671e-02 5.89294939e-02 -3.07594721e-02
8.81396758e-02 5.87465460e-02 -3.05330565e-02
8.79421036e-02 5.85647428e-02 -3.03093710e-02
8.77455408e-02 5.83840725e-02 -3.00883681e-02
8.75499777e-02 5.82045229e-02 -2.98700018e-02
8.73554049e-02 5.80260826e-02 -2.96542267e-02
8.71618130e-02 5.78487398e-02 -2.94409983e-02
8.69691929e-02 5.76724831e-02 -2.92302733e-02
8.67775353e-02 5.74973014e-02 -2.90220091e-02
8.65868313e-02 5.73231835e-02 -2.88161641e-02
8.63970720e-02 5.71501186e-02 -2.86126974e-02
8.62082487e-02 5.69780958e-02 -2.84115691e-02
8.60203526e-02 5.68071045e-02 -2.82127400e-02
8.58333753e-02 5.66371343e-02 -2.80161720e-02
8.56473084e-02 5.64681748e-02 -2.78218274e-02
8.54621435e-02 5.63002160e-02 -2.76296697e-02
8.52778724e-02 5.61332477e-02 -2.74396627e-02
8.50944871e-02 5.59672602e-02 -2.72517713e-02
8.49119796e-02 5.58022436e-02 -2.70659610e-02
8.47303419e-02 5.56381884e-02 -2.68821981e-02
8.45495665e-02 5.54750852e-02 -2.67004495e-02
8.43696456e-02 5.53129246e-02 -2.65206828e-02
8.41905716e-02 5.51516974e-02 -2.63428664e-02
8.40123372e-02 5.49913946e-02 -2.61669692e-02
8.38349350e-02 5.48320074e-02 -2.59929607e-02
8.36583578e-02 5.46735268e-02 -2.58208112e-02
8.34825984e-02 5.45159442e-02 -2.56504916e-02
8.33076498e-02 5.43592511e-02 -2.54819732e-02
8.31335050e-02 5.42034391e-02 -2.53152281e-02
8.29601573e-02 5.40484999e-02 -2.51502289e-02
8.27875999e-02 5.38944253e-02 -2.49869487e-02
8.26158260e-02 5.37412072e-02 -2.48253612e-02
8.24448292e-02 5.35888377e-02 -2.46654407e-02
8.22746030e-02 5.34373090e-02 -2.45071618e-02
8.21051410e-02 5.32866133e-02 -2.43504998e-02
8.19364369e-02 5.31367429e-02 -2.41954306e-02
8.17684844e-02 5.29876905e-02 -2.40419303e-02
8.16012776e-02 5.28394486e-02 -2.38899756e-02
8.14348102e-02 5.26920099e-02 -2.37395438e-02
8.12690764e-02 5.25453672e-02 -2.35906124e-02
8.11040703e-02 5.23995133e-02 -2.34431595e-02
8.09397861e-02 5.22544413e-02 -2.32971636e-02
8.07762180e-02 5.21101443e-02 -2.31526037e-02
8.06133604e-02 5.19666155e-02 -2.30094591e-02
8.04512077e-02 5.18238480e-02 -2.28677095e-02
8.02897545e-02 5.16818354e-02 -2.27273351e-02
8.01289952e-02 5.15405710e-02 -2.25883164e-02
7.99689246e-02 5.14000484e-02 -2.24506342e-02
7.98095374e-02 5.12602613e-02 -2.23142698e-02
7.96508283e-02 5.11212033e-02 -2.21792048e-02
7.94927922e-02 5.09828682e-02 -2.20454213e-02
7.93354240e-02 5.08452499e-02 -2.19129014e-02
7.91787187e-02 5.07083424e-02 -2.17816279e-02
7.90226713e-02 5.05721397e-02 -2.16515837e-02
7.88672770e-02 5.04366359e-02 -2.15227520e-02
7.87125308e-02 5.03018253e-02 -2.13951165e-02
7.85584281e-02 5.01677020e-02 -2.12686610e-02
7.84049641e-02 5.00342604e-02 -2.11433698e-02
7.82521342e-02 4.99014949e-02 -2.10192273e-02
7.80999338e-02 4.97694000e-02 -2.08962183e-02
7.79483582e-02 4.96379703e-02 -2.07743278e-02
7.77974032e-02 4.95072003e-02 -2.06535412e-02
7.76470641e-02 4.93770848e-02 -2.05338439e-02
7.74973367e-02 4.92476184e-02 -2.04152218e-02
7.73482165e-02 4.91187960e-02 -2.02976611e-02
7.71996995e-02 4.89906125e-02 -2.01811480e-02
7.70517812e-02 4.88630628e-02 -2.00656690e-02
7.69044575e-02 4.87361419e-02 -1.99512111e-02
7.67577244e-02 4.86098449e-02 -1.98377612e-02
7.66115777e-02 4.84841669e-02 -1.97253066e-02
7.64660133e-02 4.83591030e-02 -1.96138348e-02
7.63210274e-02 4.82346485e-02 -1.95033334e-02
7.61766159e-02 4.81107986e-02 -1.93937904e-02
7.60327751e-02 4.79875488e-02 -1.92851939e-02
7.58895009e-02 4.78648944e-02 -1.91775321e-02
7.57467896e-02 4.77428309e-02 -1.90707936e-02
7.56046375e-02 4.76213537e-02 -1.89649671e-02
7.54630408e-02 4.75004584e-02 -1.88600415e-02
7.53219958e-02 4.73801407e-02 -1.87560058e-02
7.51814989e-02 4.72603961e-02 -1.86528493e-02
7.50415464e-02 4.71412204e-02 -1.85505614e-02
7.49021349e-02 4.70226093e-02 -1.84491317e-02
7.47632607e-02 4.69045587e-02 -1.83485500e-02
7.46249204e-02 4.67870643e-02 -1.82488063e-02
7.44871105e-02 4.66701221e-02 -1.81498906e-02
7.43498276e-02 4.65537280e-02 -1.80517931e-02
7.42130684e-02 4.64378780e-02 -1.79545043e-02
7.40768294e-02 4.63225681e-02 -1.78580148e-02
7.39411074e-02 4.62077943e-02 -1.77623152e-02
7.38058990e-02 4.60935528e-02 -1.76673964e-02
7.36712011e-02 4.59798397e-02 -1.75732495e-02
7.35370104e-02 4.58666513e-02 -1.74798655e-02
7.34033237e-02 4.57539837e-02 -1.73872357e-02
7.32701379e-02 4.56418332e-02 -1.72953516e-02
7.31374498e-02 4.55301962e-02 -1.72042047e-02
7.30052565e-02 4.54190689e-02 -1.71137866e-02
7.28735547e-02 4.53084478e-02 -1.70240891e-02
7.27423415e-02 4.51983293e-02 -1.69351043e-02
7.26116139e-02 4.50887098e-02 -1.68468241e-02
7.24813689e-02 4.49795859e-02 -1.67592406e-02
7.23516035e-02 4.48709540e-02 -1.66723462e-02
7.22223150e-02 4.47628109e-02 -1.65861333e-02
7.20935002e-02 4.46551529e-02 -1.65005944e-02
7.19651565e-02 4.45479769e-02 -1.64157220e-02
7.18372810e-02 4.44412794e-02 -1.63315089e-02
7.17098708e-02 4.43350572e-02 -1.62479480e-02
7.15829233e-02 4.42293070e-02 -1.61650321e-02
7.14564355e-02 4.41240256e-02 -1.60827544e-02
7.13304049e-02 4.40192098e-02 -1.60011079e-02
7.12048287e-02 4.39148563e-02 -1.59200859e-02
7.10797042e-02 4.38109621e-02 -1.58396817e-02
7.09550288e-02 4.37075241e-02 -1.57598888e-02
7.08307998e-02 4.36045392e-02 -1.56807006e-02
7.07070146e-02 4.35020043e-02 -1.56021108e-02
7.05836707e-02 4.33999165e-02 -1.55241131e-02
7.04607655e-02 4.32982727e-02 -1.54467012e-02
7.03382964e-02 4.31970700e-02 -1.53698691e-02
7.02162610e-02 4.30963054e-02 -1.52936107e-02
7.00946567e-02 4.29959761e-02 -1.52179200e-02
6.99734811e-02 4.28960791e-02 -1.51427912e-02
6.98527317e-02 4.27966117e-02 -1.50682184e-02
6.97324061e-02 4.26975709e-02 -1.49941960e-02
6.96125019e-02 4.25989541e-02 -1.49207183e-02
6.94930166e-02 4.25007584e-02 -1.48477798e-02
6.93739480e-02 4.24029810e-02 -1.47753749e-02
6.92552937e-02 4.23056194e-02 -1.47034983e-02
6.91370513e-02 4.22086707e-02 -1.46321446e-02
6.90192186e-02 4.21121323e-02 -1.45613086e-02
6.89017932e-02 4.20160016e-02 -1.44909849e-02
6.87847729e-02 4.19202759e-02 -1.44211686e-02
6.86681555e-02 4.18249527e-02 -1.43518545e-02
6.85519387e-02 4.17300294e-02 -1.42830376e-02
6.84361202e-02 4.16355033e-02 -1.42147131e-02
6.83206980e-02 4.15413721e-02 -1.41468760e-02
6.82056698e-02 4.14476331e-02 -1.40795215e-02
6.80910334e-02 4.13542839e-02 -1.40126449e-02
6.79767868e-02 4.12613221e-02 -1.39462414e-02
6.78629278e-02 4.11687452e-02 -1.38803066e-02
6.77494543e-02 4.10765508e-02 -1.38148358e-02
6.76363642e-02 4.09847364e-02 -1.37498245e-02
6.75236554e-02 4.08932998e-02 -1.36852682e-02
6.74113259e-02 4.08022386e-02 -1.36211627e-02
6.72993737e-02 4.07115503e-02 -1.35575034e-02
6.71877966e-02 4.06212328e-02 -1.34942862e-02
6.70765928e-02 4.05312837e-02 -1.34315068e-02
6.69657601e-02 4.04417008e-02 -1.33691611e-02
6.68552967e-02 4.03524817e-02 -1.33072449e-02
6.67452006e-02 4.02636244e-02 -1.32457542e-02
6.66354698e-02 4.01751264e-02 -1.31846848e-02
6.65261024e-02 4.00869857e-02 -1.31240330e-02
6.64170965e-02 3.99992001e-02 -1.30637946e-02
6.63084501e-02 3.99117674e-02 -1.30039660e-02
6.62001614e-02 3.98246855e-02 -1.29445431e-02
6.60922286e-02 3.97379522e-02 -1.28855224e-02
6.59846497e-02 3.96515654e-02 -1.28268999e-02
6.58774229e-02 3.95655231e-02 -1.27686721e-02
6.57705464e-02 3.94798232e-02 -1.27108353e-02
6.56640184e-02 3.93944637e-02 -1.26533859e-02
6.55578371e-02 3.93094424e-02 -1.25963203e-02
6.54520006e-02 3.92247574e-02 -1.25396350e-02
6.53465072e-02 3.91404066e-02 -1.24833266e-02
6.52413551e-02 3.90563882e-02 -1.24273916e-02
6.51365426e-02 3.89727001e-02 -1.23718266e-02
6.50320680e-02 3.88893403e-02 -1.23166283e-02
6.49279294e-02 3.88063070e-02 -1.22617934e-02
6.48241253e-02 3.87235982e-02 -1.22073185e-02
6.47206539e-02 3.86412119e-02 -1.21532006e-02
6.46175135e-02 3.85591464e-02 -1.20994363e-02
6.45147025e-02 3.84773997e-02 -1.20460225e-02
6.44122191e-02 3.83959700e-02 -1.19929561e-02
6.43100618e-02 3.83148554e-02 -1.19402340e-02
6.42082289e-02 3.82340541e-02 -1.18878531e-02
6.41067188e-02 3.81535643e-02 -1.18358105e-02
6.40055298e-02 3.80733842e-02 -1.17841031e-02
6.39046603e-02 3.79935120e-02 -1.17327279e-02
6.38041089e-02 3.79139458e-02 -1.16816822e-02
6.37038738e-02 3.78346841e-02 -1.16309630e-02
6.36039535e-02 3.77557249e-02 -1.15805673e-02
6.35043465e-02 3.76770667e-02 -1.15304925e-02
6.34050512e-02 3.75987076e-02 -1.14807358e-02
6.33060661e-02 3.75206459e-02 -1.14312942e-02
6.32073897e-02 3.74428801e-02 -1.13821653e-02
6.31090204e-02 3.73654083e-02 -1.13333461e-02
6.30109568e-02 3.72882290e-02 -1.12848341e-02
6.29131973e-02 3.72113404e-02 -1.12366267e-02
6.28157405e-02 3.71347410e-02 -1.11887211e-02
6.27185849e-02 3.70584291e-02 -1.11411149e-02
6.26217291e-02 3.69824030e-02 -1.10938054e-02
6.25251715e-02 3.69066613e-02 -1.10467902e-02
6.24289108e-02 3.68312023e-02 -1.10000668e-02
6.23329456e-02 3.67560244e-02 -1.09536326e-02
6.22372744e-02 3.66811261e-02 -1.09074852e-02
6.21418957e-02 3.66065057e-02 -1.08616222e-02
6.20468083e-02 3.65321619e-02 -1.08160412e-02
6.19520107e-02 3.64580930e-02 -1.07707399e-02
6.18575016e-02 3.63842975e-02 -1.07257158e-02
6.17632795e-02 3.63107740e-02 -1.06809667e-02
6.16693431e-02 3.62375208e-02 -1.06364904e-02
6.15756911e-02 3.61645366e-02 -1.05922844e-02
6.14823221e-02 3.60918199e-02 -1.05483466e-02
6.13892348e-02 3.60193691e-02 -1.05046748e-02
6.12964278e-02 3.59471830e-02 -1.04612668e-02
6.12038998e-02 3.58752599e-02 -1.04181204e-02
6.11116496e-02 3.58035985e-02 -1.03752334e-02
6.10196758e-02 3.57321974e-02 -1.03326038e-02
6.09279772e-02 3.56610551e-02 -1.02902295e-02
6.08365524e-02 3.55901703e-02 -1.02481083e-02
6.07454001e-02 3.55195416e-02 -1.02062382e-02
6.06545192e-02 3.54491675e-02 -1.01646173e-02
6.05639084e-02 3.53790468e-02 -1.01232434e-02
6.04735663e-02 3.53091780e-02 -1.00821146e-02
6.03834918e-02 3.52395599e-02 -1.00412290e-02
6.02936836e-02 3.51701911e-02 -1.00005846e-02
6.02041405e-02 3.51010702e-02 -9.96017948e-03
6.01148612e-02 3.50321959e-02 -9.92001174e-03
6.00258446e-02 3.49635670e-02 -9.88007951e-03
5.99370895e-02 3.48951820e-02 -9.84038092e-03
5.98485946e-02 3.48270399e-02 -9.80091413e-03
5.97603587e-02 3.47591391e-02 -9.76167733e-03
5.96723808e-02 3.46914786e-02 -9.72266870e-03
5.95846595e-02 3.46240570e-02 -9.68388647e-03
5.94971937e-02 3.45568730e-02 -9.64532885e-03
5.94099823e-02 3.44899255e-02 -9.60699411e-03
5.93230241e-02 3.44232132e-02 -9.56888051e-03
5.92363179e-02 3.43567348e-02 -9.53098632e-03
5.91498627e-02 3.42904892e-02 -9.49330984e-03
5.90636572e-02 3.42244751e-02 -9.45584940e-03
5.89777004e-02 3.41586913e-02 -9.41860331e-03
5.88919911e-02 3.40931366e-02 -9.38156992e-03
5.88065282e-02 3.40278099e-02 -9.34474760e-03
5.87213106e-02 3.39627100e-02 -9.30813470e-03
5.86363372e-02 3.38978357e-02 -9.27172963e-03
5.85516069e-02 3.38331859e-02 -9.23553078e-03
5.84671187e-02 3.37687593e-02 -9.19953657e-03
5.83828713e-02 3.37045549e-02 -9.16374543e-03
5.82988639e-02 3.36405715e-02 -9.12815581e-03
5.82150952e-02 3.35768080e-02 -9.09276616e-03
5.81315643e-02 3.35132633e-02 -9.05757495e-03
5.80482701e-02 3.34499362e-02 -9.02258068e-03
5.79652115e-02 3.33868257e-02 -8.98778183e-03
5.78823876e-02 3.33239306e-02 -8.95317694e-03
5.77997972e-02 3.32612499e-02 -8.91876451e-03
5.77174394e-02 3.31987824e-02 -8.88454311e-03
5.76353131e-02 3.31365272e-02 -8.85051128e-03
5.75534174e-02 3.30744831e-02 -8.81666761e-03
5.74717512e-02 3.30126491e-02 -8.78301067e-03
5.73903135e-02 3.29510241e-02 -8.74953907e-03
5.73091034e-02 3.28896071e-02 -8.71625143e-03
5.72281199e-02 3.28283970e-02 -8.68314638e-03
5.71473619e-02 3.27673929e-02 -8.65022257e-03
5.70668286e-02 3.27065936e-02 -8.61747867e-03
5.69865190e-02 3.26459981e-02 -8.58491335e-03
5.69064321e-02 3.25856056e-02 -8.55252531e-03
5.68265670e-02 3.25254148e-02 -8.52031325e-03
5.67469227e-02 3.24654250e-02 -8.48827592e-03
5.66674983e-02 3.24056349e-02 -8.45641204e-03
5.65882929e-02 3.23460438e-02 -8.42472038e-03
5.65093055e-02 3.22866505e-02 -8.39319970e-03
5.64305353e-02 3.22274542e-02 -8.36184879e-03
5.63519813e-02 3.21684538e-02 -8.33066644e-03
5.62736426e-02 3.21096484e-02 -8.29965147e-03
5.61955184e-02 3.20510371e-02 -8.26880270e-03
5.61176078e-02 3.19926188e-02 -8.23811897e-03
5.60399098e-02 3.19343928e-02 -8.20759912e-03
5.59624236e-02 3.18763579e-02 -8.17724200e-03
5.58851483e-02 3.18185133e-02 -8.14704649e-03
5.58080830e-02 3.17608581e-02 -8.11701146e-03
5.57312270e-02 3.17033914e-02 -8.08713578e-03
5.56545792e-02 3.16461122e-02 -8.05741834e-03
5.55781389e-02 3.15890197e-02 -8.02785803e-03
5.55019053e-02 3.15321129e-02 -7.99845375e-03
5.54258774e-02 3.14753910e-02 -7.96920439e-03
5.53500544e-02 3.14188530e-02 -7.94010885e-03
5.52744355e-02 3.13624982e-02 -7.91116603e-03
5.51990199e-02 3.13063255e-02 -7.88237484e-03
5.51238068e-02 3.12503342e-02 -7.85373415e-03
5.50487952e-02 3.11945234e-02 -7.82524289e-03
5.49739844e-02 3.11388922e-02 -7.79689992e-03
5.48993735e-02 3.10834398e-02 -7.76870415e-03
5.48249618e-02 3.10281653e-02 -7.74065446e-03
5.47507485e-02 3.09730679e-02 -7.71274973e-03
5.46767326e-02 3.09181467e-02 -7.68498883e-03
5.46029135e-02 3.08634010e-02 -7.65737065e-03
5.45292902e-02 3.08088298e-02 -7.62989405e-03
5.44558621e-02 3.07544324e-02 -7.60255790e-03
5.43826282e-02 3.07002080e-02 -7.57536106e-03
5.43095879e-02 3.06461558e-02 -7.54830240e-03
5.42367402e-02 3.05922748e-02 -7.52138078e-03
5.41640845e-02 3.05385644e-02 -7.49459508e-03
5.40916199e-02 3.04850238e-02 -7.46794416e-03
5.40193456e-02 3.04316521e-02 -7.44142690e-03
5.39472609e-02 3.03784486e-02 -7.41504218e-03
5.38753649e-02 3.03254125e-02 -7.38878892e-03
5.38036569e-02 3.02725430e-02 -7.36266601e-03
5.37321361e-02 3.02198393e-02 -7.33667239e-03
5.36608018e-02 3.01673008e-02 -7.31080700e-03
5.35896531e-02 3.01149265e-02 -7.28506883e-03
5.35186893e-02 3.00627158e-02 -7.25945687e-03
5.34479096e-02 3.00106679e-02 -7.23397015e-03
5.33773133e-02 2.99587821e-02 -7.20860773e-03
5.33068996e-02 2.99070576e-02 -7.18336872e-03
5.32366678e-02 2.98554937e-02 -7.15825227e-03
5.31666170e-02 2.98040897e-02 -7.13325756e-03
5.30967466e-02 2.97528447e-02 -7.10838382e-03
5.30270558e-02 2.97017582e-02 -7.08363035e-03
5.29575439e-02 2.96508293e-02 -7.05899648e-03
5.28882101e-02 2.96000574e-02 -7.03448161e-03
5.28190538e-02 2.95494418e-02 -7.01008518e-03
5.27500741e-02 2.94989817e-02 -6.98580671e-03
5.26812704e-02 2.94486765e-02 -6.96164578e-03
5.26126419e-02 2.93985254e-02 -6.93760200e-03
5.25441879e-02 2.93485278e-02 -6.91367508e-03
5.24759078e-02 2.92986830e-02 -6.88986475e-03
5.24078008e-02 2.92489902e-02 -6.86617084e-03
5.23398663e-02 2.91994489e-02 -6.84259321e-03
5.22721035e-02 2.91500583e-02 -6.81913176e-03
5.22045118e-02 2.91008178e-02 -6.79578647e-03
5.21370904e-02 2.90517268e-02 -6.77255735e-03
5.20698388e-02 2.90027844e-02 -6.74944445e-03
5.20027563e-02 2.89539902e-02 -6.72644784e-03
5.19358422e-02 2.89053434e-02 -6.70356765e-03
5.18690958e-02 2.88568435e-02 -6.68080399e-03
5.18025165e-02 2.88084897e-02 -6.65815701e-03
5.17361038e-02 2.87602814e-02 -6.63562684e-03
5.16698568e-02 2.87122180e-02 -6.61321363e-03
5.16037751e-02 2.86642989e-02 -6.59091747e-03
5.15378580e-02 2.86165235e-02 -6.56873845e-03
5.14721049e-02 2.85688910e-02 -6.54667663e-03
5.14065151e-02 2.85214009e-02 -6.52473197e-03
5.13410882e-02 2.84740527e-02 -6.50290442e-03
5.12758234e-02 2.84268456e-02 -6.48119382e-03
5.12107203e-02 2.83797791e-02 -6.45959992e-03
5.11457782e-02 2.83328525e-02 -6.43812240e-03
5.10809965e-02 2.82860653e-02 -6.41676079e-03
5.10163747e-02 2.82394169e-02 -6.39551451e-03
5.09519123e-02 2.81929066e-02 -6.37438286e-03
5.08876086e-02 2.81465339e-02 -6.35336496e-03
5.08234631e-02 2.81002982e-02 -6.33245982e-03
5.07594753e-02 2.80541989e-02 -6.31166623e-03
5.06956446e-02 2.80082355e-02 -6.29098285e-03
5.06319704e-02 2.79624072e-02 -6.27040814e-03
5.05684523e-02 2.79167136e-02 -6.24994038e-03
5.05050898e-02 2.78711540e-02 -6.22957767e-03
5.04418822e-02 2.78257279e-02 -6.20931789e-03
5.03788290e-02 2.77804347e-02 -6.18915875e-03
5.03159298e-02 2.77352739e-02 -6.16909776e-03
5.02531840e-02 2.76902447e-02 -6.14913224e-03
5.01905911e-02 2.76453468e-02 -6.12925932e-03
5.01281506e-02 2.76005794e-02 -6.10947596e-03
5.00658620e-02 2.75559420e-02 -6.08977894e-03
5.00037247e-02 2.75114341e-02 -6.07016488e-03
4.99417382e-02 2.74670550e-02 -6.05063025e-03
4.98799021e-02 2.74228043e-02 -6.03117141e-03
4.98182158e-02 2.73786812e-02 -6.01178457e-03
4.97566787e-02 2.73346852e-02 -5.99246586e-03
4.96952905e-02 2.72908159e-02 -5.97321133e-03
4.96340505e-02 2.72470725e-02 -5.95401698e-03
4.95729582e-02 2.72034545e-02 -5.93487878e-03
4.95120132e-02 2.71599614e-02 -5.91579269e-03
4.94512149e-02 2.71165925e-02 -5.89675470e-03
4.93905627e-02 2.70733473e-02 -5.87776086e-03
4.93300562e-02 2.70302253e-02 -5.85880730e-03
4.92696948e-02 2.69872259e-02 -5.83989025e-03
4.92094780e-02 2.69443484e-02 -5.82100613e-03
4.91494052e-02 2.69015924e-02 -5.80215151e-03
4.90894759e-02 2.68589572e-02 -5.78332318e-03
4.90296896e-02 2.68164424e-02 -5.76451820e-03
4.89700457e-02 2.67740473e-02 -5.74573389e-03
4.89105436e-02 2.67317714e-02 -5.72696792e-03
4.88511827e-02 2.66896142e-02 -5.70821827e-03
4.87919627e-02 2.66475751e-02 -5.68948335e-03
4.87328827e-02 2.66056536e-02 -5.67076195e-03
4.86739423e-02 2.65638491e-02 -5.65205334e-03
4.86151410e-02 2.65221611e-02 -5.63335722e-03
4.85564781e-02 2.64805891e-02 -5.61467384e-03
4.84979530e-02 2.64391326e-02 -5.59600394e-03
4.84395652e-02 2.63977911e-02 -5.57734883e-03
4.83813140e-02 2.63565640e-02 -5.55871038e-03
4.83231989e-02 2.63154509e-02 -5.54009104e-03
4.82652194e-02 2.62744513e-02 -5.52149386e-03
4.82073747e-02 2.62335646e-02 -5.50292251e-03
4.81496644e-02 2.61927905e-02 -5.48438128e-03
4.80920877e-02 2.61521285e-02 -5.46587506e-03
4.80346442e-02 2.61115781e-02 -5.44740937e-03
4.79773333e-02 2.60711388e-02 -5.42899036e-03
4.79201543e-02 2.60308103e-02 -5.41062478e-03
4.78631067e-02 2.59905922e-02 -5.39231998e-03
4.78061898e-02 2.59504839e-02 -5.37408391e-03
4.77494032e-02 2.59104851e-02 -5.35592508e-03
4.76927463e-02 2.58705954e-02 -5.33785253e-03
4.76362185e-02 2.58308145e-02 -5.31987585e-03
4.75798192e-02 2.57911419e-02 -5.30200509e-03
4.75235479e-02 2.57515772e-02 -5.28425080e-03
4.74674041e-02 2.57121202e-02 -5.26662390e-03
4.74113873e-02 2.56727705e-02 -5.24913575e-03
4.73554969e-02 2.56335278e-02 -5.23179800e-03
4.72997324e-02 2.55943916e-02 -5.21462264e-03
4.72440934e-02 2.55553617e-02 -5.19762190e-03
4.71885794e-02 2.55164378e-02 -5.18080819e-03
4.71331900e-02 2.54776196e-02 -5.16419411e-03
4.70779246e-02 2.54389067e-02 -5.14779234e-03
4.70227829e-02 2.54002990e-02 -5.13161560e-03
4.69677645e-02 2.53617959e-02 -5.11567662e-03
4.69128690e-02 2.53233974e-02 -5.09998807e-03
4.68580960e-02 2.52851031e-02 -5.08456248e-03
4.68034452e-02 2.52469128e-02 -5.06941225e-03
4.67489162e-02 2.52088261e-02 -5.05454954e-03
4.66945087e-02 2.51708428e-02 -5.03998621e-03
4.66402225e-02 2.51329625e-02 -5.02573384e-03
4.65860572e-02 2.50951851e-02 -5.01180359e-03
4.65320127e-02 2.50575103e-02 -4.99820624e-03
4.64780886e-02 2.50199378e-02 -4.98495207e-03
4.64242848e-02 2.49824672e-02 -4.97205086e-03
4.63706010e-02 2.49450983e-02 -4.95951185e-03
4.63170371e-02 2.49078309e-02 -4.94734368e-03
4.62635929e-02 2.48706646e-02 -4.93555437e-03
4.62102683e-02 2.48335991e-02 -4.92415132e-03
4.61570632e-02 2.47966341e-02 -4.91314122e-03
4.61039773e-02 2.47597694e-02 -4.90253011e-03
4.60510107e-02 2.47230045e-02 -4.89232327e-03
4.59981633e-02 2.46863392e-02 -4.88252531e-03
4.59454349e-02 2.46497731e-02 -4.87314008e-03
4.58928255e-02 2.46133059e-02 -4.86417070e-03
4.58403351e-02 2.45769372e-02 -4.85561957e-03
4.57879636e-02 2.45406667e-02 -4.84748836e-03
4.57357110e-02 2.45044940e-02 -4.83977804e-03
4.56835772e-02 2.44684187e-02 -4.83248885e-03
4.56315623e-02 2.44324404e-02 -4.82562037e-03
4.55796661e-02 2.43965587e-02 -4.81917154e-03
4.55278887e-02 2.43607733e-02 -4.81314064e-03
4.54762300e-02 2.43250836e-02 -4.80752538e-03
4.54246901e-02 2.42894893e-02 -4.80232288e-03
4.53732689e-02 2.42539899e-02 -4.79752977e-03
4.53219663e-02 2.42185850e-02 -4.79314217e-03
4.52707823e-02 2.41832741e-02 -4.78915578e-03
4.52197169e-02 2.41480567e-02 -4.78556591e-03
4.51687700e-02 2.41129325e-02 -4.78236752e-03
4.51179416e-02 2.40779009e-02 -4.77955529e-03
4.50672316e-02 2.40429615e-02 -4.77712366e-03
4.50166398e-02 2.40081137e-02 -4.77506689e-03
4.49661663e-02 2.39733571e-02 -4.77337912e-03
4.49158108e-02 2.39386912e-02 -4.77205441e-03
4.48655733e-02 2.39041156e-02 -4.77108681e-03
4.48154536e-02 2.38696296e-02 -4.77047042e-03
4.47654516e-02 2.38352329e-02 -4.77019941e-03
4.47155670e-02 2.38009249e-02 -4.77026812e-03
4.46657997e-02 2.37667051e-02 -4.77067109e-03
4.46161494e-02 2.37325732e-02 -4.77140312e-03
4.45666160e-02 2.36985285e-02 -4.77245930e-03
4.45171992e-02 2.36645706e-02 -4.77383508e-03
4.44678988e-02 2.36306990e-02 -4.77552631e-03
4.44187143e-02 2.35969134e-02 -4.77752925e-03
4.43696457e-02 2.35632131e-02 -4.77984067e-03
4.43206925e-02 2.35295978e-02 -4.78245783e-03
4.42718545e-02 2.34960670e-02 -4.78537855e-03
4.42231312e-02 2.34626203e-02 -4.78860120e-03
4.41745224e-02 2.34292573e-02 -4.79212476e-03
4.41260276e-02 2.33959775e-02 -4.79594883e-03
4.40776465e-02 2.33627805e-02 -4.80007364e-03
4.40293788e-02 2.33296660e-02 -4.80450006e-03
4.39812240e-02 2.32966336e-02 -4.80922962e-03
4.39331816e-02 2.32636829e-02 -4.81426453e-03
