0.00000000e+00 0.00000000e+00 0.00000000e+00
0.00000000e+00 0.00000000e+00 0.00000000e+00
2.40468355e-24 2.23042783e-24 -6.39260243e-24
5.92337300e-22 5.50199824e-22 -1.57294066e-21
1.72140839e-20 1.60045518e-20 -4.56716705e-20
2.17321189e-19 2.02201161e-19 -5.76078301e-19
1.68916571e-18 1.57257884e-18 -4.47341217e-18
9.47032553e-18 8.82072517e-18 -2.50539044e-17
4.18333050e-17 3.89761523e-17 -1.10540855e-16
1.53870083e-16 1.43384245e-16 -4.06052758e-16
4.89188195e-16 4.55848355e-16 -1.28902515e-15
1.38049787e-15 1.28616687e-15 -3.63161918e-15
3.52685984e-15 3.28458292e-15 -9.26076130e-15
8.28066339e-15 7.70716431e-15 -2.16982836e-14
1.80789985e-14 1.68129015e-14 -4.72647592e-14
3.70499717e-14 3.44184692e-14 -9.66158212e-14
7.18130311e-14 6.66246705e-14 -1.86744949e-13
1.32472475e-13 1.22708830e-13 -3.43429789e-13
2.33774828e-13 2.16150008e-13 -6.04020545e-13
3.96364462e-13 3.65720149e-13 -1.02037204e-12
6.48029431e-13 5.96536443e-13 -1.66161194e-12
1.02478379e-12 9.40931494e-13 -2.61632492e-12
1.57158712e-12 1.43896237e-12 -3.99362666e-12
2.34246067e-12 2.13835147e-12 -5.92251486e-12
3.39972760e-12 3.09363611e-12 -8.54882839e-12
4.81208578e-12 4.36430339e-12 -1.20291330e-11
6.65122198e-12 6.01170669e-12 -1.65208927e-11
8.98669779e-12 8.09460139e-12 -2.21683862e-11
1.18788861e-11 1.06632022e-11 -2.90839993e-11
1.53698125e-11 1.37517522e-11 -3.73247556e-11
1.94718604e-11 1.73697027e-11 -4.68642523e-11
2.41544313e-11 2.14917287e-11 -5.75605232e-11
2.93288091e-11 2.60469428e-11 -6.91207546e-11
3.48316541e-11 3.09078151e-11 -8.10642114e-11
4.04077446e-11 3.58794467e-11 -9.26851667e-11
4.56927795e-11 4.06899745e-11 -1.03018055e-10
5.01972455e-11 4.49829951e-11 -1.10807449e-10
5.32925294e-11 4.83129731e-11 -1.14485766e-10
5.42005967e-11 5.01446438e-11 -1.12161837e-10
5.19886684e-11 4.98574105e-11 -1.01623555e-10
4.55703725e-11 4.67556845e-11 -8.03577709e-11
3.37148396e-11 4.00859978e-11 -4.55904056e-11
1.50651225e-11 2.90615481e-11 5.65066746e-12
-1.18328431e-11 1.28946052e-11 7.64479469e-11
-4.84897706e-11 -9.16307755e-12 1.69880587e-10
-9.64204110e-11 -3.77720373e-11 2.88884295e-10
-1.57078577e-10 -7.34496268e-11 4.36085557e-10
-2.31780067e-10 -1.16508257e-10 6.13612119e-10
-3.21614298e-10 -1.66988748e-10 8.22882907e-10
-4.27346056e-10 -2.24590590e-10 1.06438192e-09
-5.49309403e-10 -2.88601338e-10 1.33742200e-09
-6.87296380e-10 -3.57827717e-10 1.63990556e-09
-8.40443818e-10 -4.30531350e-10 1.96809083e-09
-1.00712208e-09 -5.04372287e-10 2.31637281e-09
-1.18483015e-09 -5.76363668e-10 2.67708942e-09
-1.37010174e-09 -6.42840967e-10 3.04036371e-09
-1.55842775e-09 -6.99449213e-10 3.39399319e-09
-1.74420000e-09 -7.41151477e-10 3.72339775e-09
-1.92068187e-09 -7.62261622e-10 4.01163675e-09
-2.08001076e-09 -7.56503989e-10 4.23950556e-09
-2.21323722e-09 -7.17102133e-10 4.38572035e-09
-2.31040506e-09 -6.36898172e-10 4.42719869e-09
-2.36067609e-09 -5.08503550e-10 4.33944147e-09
-2.35250203e-09 -3.24481229e-10 4.09701937e-09
-2.27384545e-09 -7.75584424e-11 3.67416476e-09
-2.11245007e-09 2.39131834e-10 3.04546685e-09
-1.85615968e-09 6.31783474e-10 2.18666514e-09
-1.49328335e-09 1.10562767e-09 1.07553279e-09
-1.01300313e-09 1.66462610e-09 -3.07161544e-10
-4.05819052e-10 2.31115243e-09 -1.97662804e-09
3.35975436e-10 3.04566897e-09 -3.94298430e-09
1.21779596e-09 3.86640570e-09 -6.21015883e-09
2.24225721e-09 4.76904998e-09 -8.77479327e-09
3.40866157e-09 5.74645552e-09 -1.16251693e-08
4.71249835e-09 6.78837976e-09 -1.47401879e-08
6.14496677e-09 7.88125896e-09 -1.80884320e-08
7.69253641e-09 9.00803041e-09 -2.16273401e-08
9.33655928e-09 1.01480109e-08 -2.53025262e-08
1.10529479e-08 1.12768403e-08 -2.90472723e-08
1.28119339e-08 1.23664988e-08 -3.27822270e-08
1.45779196e-08 1.33854052e-08 -3.64153363e-08
1.63094386e-08 1.42986019e-08 -3.98420343e-08
1.79592327e-08 1.50680340e-08 -4.29457159e-08
1.94744607e-08 1.56529242e-08 -4.55985117e-08
2.07970440e-08 1.60102473e-08 -4.76623812e-08
2.18641575e-08 1.60953051e-08 -4.89905335e-08
2.26088709e-08 1.58623998e-08 -4.94291836e-08
2.29609408e-08 1.52656039e-08 -4.88196412e-08
2.28477549e-08 1.42596210e-08 -4.70007279e-08
2.21954239e-08 1.28007317e-08 -4.38115102e-08
2.09300144e-08 1.08478138e-08 -3.90943276e-08
1.89789157e-08 8.36342877e-09 -3.26980930e-08
1.62723251e-08 5.31495847e-09 -2.44818302e-08
1.27448399e-08 1.67578061e-09 -1.43184133e-08
8.33713523e-09 -2.57353531e-09 -2.09846093e-09
2.99770937e-09 -7.44402850e-09 1.22656635e-08
-3.31532831e-09 -1.29371628e-08 2.88358013e-08
-1.06324512e-08 -1.90436788e-08 4.76439581e-08
-1.89709190e-08 -2.57425020e-08 6.86883378e-08
-2.83330197e-08 -3.29997298e-08 9.19295181e-08
-3.87043802e-08 -4.07677188e-08 1.17286837e-07
-5.00523778e-08 -4.89842936e-08 1.44635064e-07
-6.23246822e-08 -5.75720996e-08 1.73801421e-07
-7.54479619e-08 -6.64381199e-08 2.04563040e-07
-8.93267847e-08 -7.54733772e-08 2.36644904e-07
-1.03842743e-07 -8.45528376e-08 2.69718363e-07
-1.18853833e-07 -9.35355357e-08 3.03400272e-07
-1.34194115e-07 -1.02264934e-07 3.37252819e-07
-1.49673680e-07 -1.10569531e-07 3.70784093e-07
-1.65078942e-07 -1.18263727e-07 4.03449445e-07
-1.80173283e-07 -1.25148956e-07 4.34653668e-07
-1.94698049e-07 -1.31015092e-07 4.63754052e-07
-2.08373936e-07 -1.35642124e-07 4.90064308e-07
-2.20902742e-07 -1.38802104e-07 5.12859397e-07
-2.31969515e-07 -1.40261359e-07 5.31381251e-07
-2.41245079e-07 -1.39782969e-07 5.44845389e-07
-2.48388941e-07 -1.37129480e-07 5.52448401e-07
-2.53052558e-07 -1.32065853e-07 5.53376270e-07
-2.54882961e-07 -1.24362627e-07 5.46813498e-07
-2.53526710e-07 -1.13799263e-07 5.31952967e-07
-2.48634139e-07 -1.00167661e-07 5.08006489e-07
-2.39863898e-07 -8.32758024e-08 4.74215949e-07
-2.26887710e-07 -6.29514996e-08 4.29864976e-07
-2.09395346e-07 -3.90462138e-08 3.74291024e-07
-1.87099747e-07 -1.14389010e-08 3.06897775e-07
-1.59742263e-07 1.99601479e-08 2.27167742e-07
-1.27097943e-07 5.52055177e-08 1.34674947e-07
-8.89808470e-08 9.43129706e-08 2.90975567e-08
-4.52492961e-08 1.37255883e-07 -8.97696751e-08
4.18897125e-09 1.83961864e-07 -2.22003276e-07
5.93718100e-08 2.34309591e-07 -3.67539392e-07
1.20277900e-07 2.88125923e-07 -5.26162733e-07
1.86822257e-07 3.45183318e-07 -6.97496258e-07
2.58852085e-07 4.05197612e-07 -8.80991764e-07
3.36143026e-07 4.67826182e-07 -1.07592150e-06
4.18395862e-07 5.32666559e-07 -1.28137096e-06
5.05233726e-07 5.99255502e-07 -1.49623295e-06
5.96199877e-07 6.67068578e-07 -1.71920312e-06
6.90756075e-07 7.35520292e-07 -1.94877700e-06
7.88281622e-07 8.03964759e-07 -2.18324871e-06
8.88073081e-07 8.71696991e-07 -2.42071144e-06
9.89344742e-07 9.37954768e-07 -2.65905967e-06
1.09122983e-06 1.00192115e-06 -2.89599343e-06
1.19278253e-06 1.06272761e-06 -3.12902442e-06
1.29298076e-06 1.11945782e-06 -3.35548422e-06
1.39072984e-06 1.17115205e-06 -3.57253446e-06
1.48486690e-06 1.21681227e-06 -3.77717913e-06
1.57416620e-06 1.25540774e-06 -3.96627891e-06
1.65734521e-06 1.28588140e-06 -4.13656754e-06
1.73307151e-06 1.30715668e-06 -4.28467018e-06
1.79997046e-06 1.31814497e-06 -4.40712375e-06
1.85663371e-06 1.31775358e-06 -4.50039912e-06
1.90162829e-06 1.30489424e-06 -4.56092514e-06
1.93350653e-06 1.27849200e-06 -4.58511429e-06
1.95081655e-06 1.23749456e-06 -4.56939001e-06
1.95211331e-06 1.18088201e-06 -4.51021533e-06
1.93597025e-06 1.10767682e-06 -4.40412294e-06
1.90099136e-06 1.01695405e-06 -4.24774625e-06
1.84582364e-06 9.07851848e-07 -4.03785153e-06
1.76916989e-06 7.79581978e-07 -3.77137071e-06
1.66980177e-06 6.31440438e-07 -3.44543480e-06
1.54657294e-06 4.62818066e-07 -3.05740763e-06
1.39843238e-06 2.73211046e-07 -2.60491979e-06
1.22443764e-06 6.22312670e-08 -2.08590241e-06
1.02376797e-06 -1.70383563e-07 -1.49862069e-06
7.95737331e-07 -4.24760099e-07 -8.41706846e-07
5.39807037e-07 -7.00879935e-07 -1.14192270e-07
2.55598098e-07 -9.98570619e-07 6.84461283e-07
-5.70969478e-08 -1.31749721e-06 1.55433181e-06
-3.98302749e-07 -1.65715442e-06 2.49500865e-06
-7.67850495e-07 -2.01685943e-06 3.50556574e-06
-1.16536801e-06 -2.39574546e-06 4.58453694e-06
-1.59027063e-06 -2.79275605e-06 5.72989332e-06
-2.04175307e-06 -3.20664032e-06 6.93902302e-06
-2.51878212e-06 -3.63594907e-06 8.20871351e-06
-3.02009051e-06 -4.07903180e-06 9.53513672e-06
-3.54417180e-06 -4.53403488e-06 1.09138370e-05
-4.08927653e-06 -4.99890059e-06 1.23397222e-05
-4.65340948e-06 -5.47136742e-06 1.38070582e-05
-5.23432834e-06 -5.94897138e-06 1.53094662e-05
-5.82954356e-06 -6.42904851e-06 1.68399242e-05
-6.43631970e-06 -6.90873854e-06 1.83907717e-05
-7.05167803e-06 -7.38498975e-06 1.99537181e-05
-7.67240061e-06 -7.85456496e-06 2.15198547e-05
-8.29503580e-06 -8.31404883e-06 2.30796706e-05
-8.91590513e-06 -8.75985624e-06 2.46230724e-05
-9.53111166e-06 -9.18824186e-06 2.61394074e-05
-1.01365497e-05 -9.59531098e-06 2.76174912e-05
-1.07279160e-05 -9.97703134e-06 2.90456377e-05
-1.13007221e-05 -1.03292462e-05 3.04116945e-05
-1.18503086e-05 -1.06476882e-05 3.17030803e-05
-1.23718597e-05 -1.09279950e-05 3.29068267e-05
-1.28604202e-05 -1.11657246e-05 3.40096232e-05
-1.33109126e-05 -1.13563733e-05 3.49978647e-05
-1.37181564e-05 -1.14953926e-05 3.58577031e-05
-1.40768875e-05 -1.15782088e-05 3.65751013e-05
-1.43817791e-05 -1.16002421e-05 3.71358896e-05
-1.46274637e-05 -1.15569266e-05 3.75258249e-05
-1.48085555e-05 -1.14437317e-05 3.77306524e-05
-1.49196738e-05 -1.12561825e-05 3.77361689e-05
-1.49554669e-05 -1.09898825e-05 3.75282880e-05
-1.49106371e-05 -1.06405351e-05 3.70931072e-05
-1.47799653e-05 -1.02039663e-05 3.64169758e-05
-1.45583368e-05 -9.67614723e-06 3.54865641e-05
-1.42407668e-05 -9.05321711e-06 3.42889334e-05
-1.38224265e-05 -8.33150572e-06 3.28116064e-05
-1.32986687e-05 -7.50755634e-06 3.10426377e-05
-1.26650542e-05 -6.57814827e-06 2.89706843e-05
-1.19173770e-05 -5.54031916e-06 2.65850759e-05
-1.10516903e-05 -4.39138710e-06 2.38758839e-05
-1.00643314e-05 -3.12897218e-06 2.08339907e-05
-8.95194645e-06 -1.75101770e-06 1.74511565e-05
-7.71151451e-06 -2.55810729e-07 1.37200852e-05
-6.34037119e-06 1.35799795e-06 9.63448897e-06
-4.83623132e-06 3.09137458e-06 5.18914979e-06
-3.19721086e-06 4.94488399e-06 3.79979920e-07
-1.42184789e-06 6.91867200e-06 -4.79592093e-06
4.90877358e-07 9.01244871e-06 -1.03402107e-05
2.54152359e-06 1.12254728e-05 -1.62532533e-05
4.73017067e-06 1.35565368e-05 -2.25340694e-05
7.05640305e-06 1.60039535e-05 -2.91802914e-05
9.51929448e-06 1.85655435e-05 -3.61881213e-05
1.21173940e-05 2.12386237e-05 -4.35522917e-05
1.48487133e-05 2.40199974e-05 -5.12660317e-05
1.77107155e-05 2.69059449e-05 -5.93210356e-05
2.07003055e-05 2.98922163e-05 -6.77074361e-05
2.38138216e-05 3.29740249e-05 -7.64137812e-05
2.70470285e-05 3.61460419e-05 -8.54270152e-05
3.03951123e-05 3.94023925e-05 -9.47324645e-05
3.38526764e-05 4.27366533e-05 -1.04313826e-04
3.74137393e-05 4.61418511e-05 -1.14153162e-04
4.10717339e-05 4.96104624e-05 -1.24230896e-04
4.48195078e-05 5.31344150e-05 -1.34525815e-04
4.86493257e-05 5.67050899e-05 -1.45015079e-04
5.25528730e-05 6.03133251e-05 -1.55674223e-04
5.65212606e-05 6.39494201e-05 -1.66477178e-04
6.05450311e-05 6.76031419e-05 -1.77396286e-04
6.46141666e-05 7.12637315e-05 -1.88402320e-04
6.87180976e-05 7.49199124e-05 -1.99464508e-04
7.28457128e-05 7.85598988e-05 -2.10550566e-04
7.69853706e-05 8.21714058e-05 -2.21626724e-04
8.11249114e-05 8.57416602e-05 -2.32657761e-04
8.52516707e-05 8.92574116e-05 -2.43607048e-04
8.93524937e-05 9.27049447e-05 -2.54436579e-04
9.34137498e-05 9.60700925e-05 -2.65107020e-04
9.74213492e-05 9.93382496e-05 -2.75577753e-04
1.01360759e-04 1.02494386e-04 -2.85806919e-04
1.05217021e-04 1.05523062e-04 -2.95751471e-04
1.08974767e-04 1.08408444e-04 -3.05367220e-04
1.12618242e-04 1.11134316e-04 -3.14608890e-04
1.16131317e-04 1.13684100e-04 -3.23430167e-04
1.19497512e-04 1.16040870e-04 -3.31783755e-04
1.22700012e-04 1.18187364e-04 -3.39621429e-04
1.25721687e-04 1.20106006e-04 -3.46894088e-04
1.28545113e-04 1.21778916e-04 -3.53551810e-04
1.31152587e-04 1.23187930e-04 -3.59543906e-04
1.33526150e-04 1.24314613e-04 -3.64818973e-04
1.35647600e-04 1.25140273e-04 -3.69324950e-04
1.37498515e-04 1.25645978e-04 -3.73009163e-04
1.39060270e-04 1.25812571e-04 -3.75818385e-04
1.40314051e-04 1.25620679e-04 -3.77698877e-04
1.41240873e-04 1.25050734e-04 -3.78596443e-04
1.41821598e-04 1.24082977e-04 -3.78456469e-04
1.42036947e-04 1.22697477e-04 -3.77223975e-04
1.41867515e-04 1.20874140e-04 -3.74843652e-04
1.41293787e-04 1.18592718e-04 -3.71259901e-04
1.40296147e-04 1.15832821e-04 -3.66416876e-04
1.38854892e-04 1.12573926e-04 -3.60258512e-04
1.36950240e-04 1.08795385e-04 -3.52728561e-04
1.34562343e-04 1.04476430e-04 -3.43770620e-04
1.31671293e-04 9.95961820e-05 -3.33328157e-04
1.28257130e-04 9.41336569e-05 -3.21344533e-04
1.24299848e-04 8.80677676e-05 -3.07763025e-04
1.19779401e-04 8.13773288e-05 -2.92526837e-04
1.14675705e-04 7.40410596e-05 -2.75579118e-04
1.08968642e-04 6.60375846e-05 -2.56862972e-04
1.02638060e-04 5.73454349e-05 -2.36321461e-04
9.56637764e-05 4.79430473e-05 -2.13897612e-04
8.80255742e-05 3.78087630e-05 -1.89534413e-04
7.97032004e-05 2.69208256e-05 -1.63174816e-04
7.06763638e-05 1.52573771e-05 -1.34761723e-04
6.09247296e-05 2.79645436e-06 -1.04237982e-04
5.04279146e-05 -1.04840163e-05 -7.15463729e-05
3.91654802e-05 -2.46062249e-05 -3.66295880e-05
2.71169253e-05 -3.95924849e-05 5.69781901e-07
1.42616772e-05 -5.54652403e-05 4.01092720e-05
5.79082517e-07 -7.22470744e-05 8.20465670e-05
-1.39516034e-05 -8.99607181e-05 1.26439528e-04
-2.93512280e-05 -1.08629060e-04 1.73346222e-04
-4.56407530e-05 -1.28275158e-04 2.22824955e-04
-6.28412678e-05 -1.48922246e-04 2.74934301e-04
-8.09740026e-05 -1.70593751e-04 3.29733143e-04
-1.00060342e-04 -1.93313298e-04 3.87280709e-04
-1.20121842e-04 -2.17104728e-04 4.47636608e-04
-1.41180240e-04 -2.41992107e-04 5.10860872e-04
-1.63257476e-04 -2.67999740e-04 5.77014000e-04
-1.86375705e-04 -2.95152182e-04 6.46156994e-04
-2.10557312e-04 -3.23474252e-04 7.18351408e-04
-2.35824933e-04 -3.52991046e-04 7.93659387e-04
-2.62201465e-04 -3.83727949e-04 8.72143714e-04
-2.89710086e-04 -4.15710646e-04 9.53867849e-04
-3.18374269e-04 -4.48965139e-04 1.03889598e-03
-3.48217801e-04 -4.83517753e-04 1.12729305e-03
-3.79264795e-04 -5.19395152e-04 1.21912481e-03
-4.11539707e-04 -5.56624349e-04 1.31445788e-03
-4.45067350e-04 -5.95232715e-04 1.41335975e-03
-4.79872908e-04 -6.35247992e-04 1.51589882e-03
-5.15981951e-04 -6.76698300e-04 1.62214449e-03
-5.53420449e-04 -7.19612147e-04 1.73216712e-03
-5.92214778e-04 -7.64018436e-04 1.84603813e-03
-6.32391740e-04 -8.09946474e-04 1.96382997e-03
-6.73978566e-04 -8.57425973e-04 2.08561620e-03
-7.17002929e-04 -9.06487061e-04 2.21147147e-03
-7.61492954e-04 -9.57160282e-04 2.34147158e-03
-8.07477219e-04 -1.00947660e-03 2.47569347e-03
-8.54984767e-04 -1.06346740e-03 2.61421524e-03
-9.04045108e-04 -1.11916449e-03 2.75711617e-03
-9.54688222e-04 -1.17660010e-03 2.90447671e-03
-1.00694456e-03 -1.23580687e-03 3.05637852e-03
-1.06084506e-03 -1.29681786e-03 3.21290442e-03
-1.11642110e-03 -1.35966655e-03 3.37413841e-03
-1.17370455e-03 -1.42438679e-03 3.54016566e-03
-1.23272776e-03 -1.49101285e-03 3.71107250e-03
-1.29352350e-03 -1.55957938e-03 3.88694638e-03
-1.35612501e-03 -1.63012140e-03 4.06787586e-03
-1.42056598e-03 -1.70267427e-03 4.25395058e-03
-1.48688052e-03 -1.77727372e-03 4.44526122e-03
-1.55510315e-03 -1.85395578e-03 4.64189946e-03
-1.62526881e-03 -1.93275681e-03 4.84395794e-03
-1.69741280e-03 -2.01371343e-03 5.05153022e-03
-1.77157081e-03 -2.09686254e-03 5.26471068e-03
-1.84777887e-03 -2.18224129e-03 5.48359452e-03
-1.92607332e-03 -2.26988701e-03 5.70827765e-03
-2.00649081e-03 -2.35983726e-03 5.93885662e-03
-2.08906825e-03 -2.45212971e-03 6.17542857e-03
-2.17384281e-03 -2.54680219e-03 6.41809111e-03
-2.26085187e-03 -2.64389261e-03 6.66694225e-03
-2.35013298e-03 -2.74343892e-03 6.92208033e-03
-2.44172384e-03 -2.84547912e-03 7.18360386e-03
-2.53566227e-03 -2.95005118e-03 7.45161148e-03
-2.63198615e-03 -3.05719299e-03 7.72620181e-03
-2.73073340e-03 -3.16694236e-03 8.00747333e-03
-2.83194193e-03 -3.27933696e-03 8.29552429e-03
-2.93564960e-03 -3.39441425e-03 8.59045256e-03
-3.04189418e-03 -3.51221146e-03 8.89235552e-03
-3.15071328e-03 -3.63276555e-03 9.20132991e-03
-3.26214433e-03 -3.75611312e-03 9.51747167e-03
-3.37622452e-03 -3.88229039e-03 9.84087585e-03
-3.49299073e-03 -4.01133315e-03 1.01716364e-02
-3.61247950e-03 -4.14327669e-03 1.05098461e-02
-3.73472699e-03 -4.27815573e-03 1.08555963e-02
-3.85976887e-03 -4.41600442e-03 1.12089768e-02
-3.98764031e-03 -4.55685620e-03 1.15700758e-02
-4.11837592e-03 -4.70074383e-03 1.19389794e-02
-4.25200964e-03 -4.84769924e-03 1.23157719e-02
-4.38857475e-03 -4.99775355e-03 1.27005354e-02
-4.52810376e-03 -5.15093695e-03 1.30933493e-02
-4.67062837e-03 -5.30727866e-03 1.34942907e-02
-4.81617937e-03 -5.46680687e-03 1.39034339e-02
-4.96478662e-03 -5.62954866e-03 1.43208503e-02
-5.11647898e-03 -5.79552995e-03 1.47466079e-02
-5.27128420e-03 -5.96477542e-03 1.51807719e-02
-5.42922890e-03 -6.13730847e-03 1.56234035e-02
-5.59033849e-03 -6.31315112e-03 1.60745604e-02
-5.75463708e-03 -6.49232396e-03 1.65342966e-02
-5.92214745e-03 -6.67484608e-03 1.70026618e-02
-6.09289095e-03 -6.86073501e-03 1.74797015e-02
-6.26688744e-03 -7.05000665e-03 1.79654568e-02
-6.44415524e-03 -7.24267519e-03 1.84599641e-02
-6.62471103e-03 -7.43875307e-03 1.89632551e-02
-6.80856981e-03 -7.63825088e-03 1.94753564e-02
-6.99574481e-03 -7.84117731e-03 1.99962892e-02
-7.18624744e-03 -8.04753912e-03 2.05260697e-02
-7.38008723e-03 -8.25734100e-03 2.10647082e-02
-7.57727173e-03 -8.47058557e-03 2.16122094e-02
-7.77780647e-03 -8.68727330e-03 2.21685720e-02
-7.98169488e-03 -8.90740242e-03 2.27337888e-02
-8.18893827e-03 -9.13096890e-03 2.33078458e-02
-8.39953568e-03 -9.35796635e-03 2.38907232e-02
-8.61348393e-03 -9.58838602e-03 2.44823941e-02
-8.83077744e-03 -9.82221666e-03 2.50828249e-02
-9.05140827e-03 -1.00594445e-02 2.56919752e-02
-9.27536600e-03 -1.03000533e-02 2.63097974e-02
-9.50263773e-03 -1.05440241e-02 2.69362366e-02
-9.73320794e-03 -1.07913353e-02 2.75712307e-02
-9.96705852e-03 -1.10419625e-02 2.82147098e-02
-1.02041687e-02 -1.12958788e-02 2.88665964e-02
-1.04445149e-02 -1.15530540e-02 2.95268054e-02
-1.06880709e-02 -1.18134556e-02 3.01952436e-02
-1.09348076e-02 -1.20770479e-02 3.08718097e-02
-1.11846929e-02 -1.23437922e-02 3.15563944e-02
-1.14376921e-02 -1.26136469e-02 3.22488801e-02
-1.16937673e-02 -1.28865675e-02 3.29491409e-02
-1.19528778e-02 -1.31625063e-02 3.36570424e-02
-1.22149797e-02 -1.34414127e-02 3.43724416e-02
-1.24800261e-02 -1.37232328e-02 3.50951871e-02
-1.27479673e-02 -1.40079098e-02 3.58251188e-02
-1.30187501e-02 -1.42953834e-02 3.65620678e-02
-1.32923184e-02 -1.45855907e-02 3.73058566e-02
-1.35686130e-02 -1.48784650e-02 3.80562986e-02
-1.38475714e-02 -1.51739369e-02 3.88131988e-02
-1.41291281e-02 -1.54719336e-02 3.95763530e-02
-1.44132142e-02 -1.57723790e-02 4.03455484e-02
-1.46997578e-02 -1.60751940e-02 4.11205630e-02
-1.49886836e-02 -1.63802962e-02 4.19011663e-02
-1.52799134e-02 -1.66876000e-02 4.26871188e-02
-1.55733656e-02 -1.69970165e-02 4.34781721e-02
-1.58689554e-02 -1.73084539e-02 4.42740691e-02
-1.61665948e-02 -1.76218170e-02 4.50745441e-02
-1.64661929e-02 -1.79370074e-02 4.58793224e-02
-1.67676552e-02 -1.82539239e-02 4.66881210e-02
-1.70708845e-02 -1.85724617e-02 4.75006480e-02
-1.73757803e-02 -1.88925134e-02 4.83166035e-02
-1.76822389e-02 -1.92139683e-02 4.91356788e-02
-1.79901537e-02 -1.95367127e-02 4.99575571e-02
-1.82994151e-02 -1.98606300e-02 5.07819136e-02
-1.86099104e-02 -2.01856007e-02 5.16084153e-02
-1.89215241e-02 -2.05115023e-02 5.24367213e-02
-1.92341375e-02 -2.08382095e-02 5.32664831e-02
-1.95476295e-02 -2.11655942e-02 5.40973446e-02
-1.98618759e-02 -2.14935258e-02 5.49289421e-02
-2.01767498e-02 -2.18218708e-02 5.57609048e-02
-2.04921216e-02 -2.21504931e-02 5.65928550e-02
-2.08078592e-02 -2.24792542e-02 5.74244078e-02
-2.11238279e-02 -2.28080131e-02 5.82551720e-02
-2.14398903e-02 -2.31366263e-02 5.90847497e-02
-2.17559068e-02 -2.34649482e-02 5.99127370e-02
-2.20717356e-02 -2.37928308e-02 6.07387238e-02
-2.23872323e-02 -2.41201241e-02 6.15622946e-02
-2.27022506e-02 -2.44466759e-02 6.23830280e-02
-2.30166419e-02 -2.47723321e-02 6.32004978e-02
-2.33302558e-02 -2.50969368e-02 6.40142727e-02
-2.36429399e-02 -2.54203322e-02 6.48239166e-02
-2.39545400e-02 -2.57423589e-02 6.56289892e-02
-2.42649001e-02 -2.60628561e-02 6.64290461e-02
-2.45738628e-02 -2.63816612e-02 6.72236392e-02
-2.48812691e-02 -2.66986105e-02 6.80123168e-02
-2.51869586e-02 -2.70135389e-02 6.87946242e-02
-2.54907695e-02 -2.73262804e-02 6.95701037e-02
-2.57925390e-02 -2.76366677e-02 7.03382953e-02
-2.60921033e-02 -2.79445329e-02 7.10987369e-02
-2.63892974e-02 -2.82497070e-02 7.18509645e-02
-2.66839558e-02 -2.85520207e-02 7.25945127e-02
-2.69759120e-02 -2.88513039e-02 7.33289150e-02
-2.72649992e-02 -2.91473863e-02 7.40537042e-02
-2.75510500e-02 -2.94400972e-02 7.47684128e-02
-2.78338968e-02 -2.97292659e-02 7.54725732e-02
-2.81133718e-02 -3.00147216e-02 7.61657185e-02
-2.83893069e-02 -3.02962936e-02 7.68473823e-02
-2.86615346e-02 -3.05738116e-02 7.75170995e-02
-2.89298871e-02 -3.08471055e-02 7.81744064e-02
-2.91941974e-02 -3.11160060e-02 7.88188415e-02
-2.94542986e-02 -3.13803443e-02 7.94499456e-02
-2.97100246e-02 -3.16399524e-02 8.00672620e-02
-2.99612103e-02 -3.18946635e-02 8.06703373e-02
-3.02076911e-02 -3.21443115e-02 8.12587218e-02
-3.04493038e-02 -3.23887320e-02 8.18319694e-02
-3.06858862e-02 -3.26277615e-02 8.23896385e-02
-3.09172775e-02 -3.28612385e-02 8.29312922e-02
-3.11433184e-02 -3.30890027e-02 8.34564988e-02
-3.13638511e-02 -3.33108960e-02 8.39648321e-02
-3.15787198e-02 -3.35267620e-02 8.44558715e-02
-3.17877703e-02 -3.37364465e-02 8.49292032e-02
-3.19908506e-02 -3.39397974e-02 8.53844198e-02
-3.21878110e-02 -3.41366650e-02 8.58211209e-02
-3.23785038e-02 -3.43269022e-02 8.62389138e-02
-3.25627840e-02 -3.45103645e-02 8.66374135e-02
-3.27405092e-02 -3.46869099e-02 8.70162432e-02
-3.29115395e-02 -3.48563997e-02 8.73750348e-02
-3.30757381e-02 -3.50186980e-02 8.77134290e-02
-3.32329711e-02 -3.51736720e-02 8.80310760e-02
-3.33831076e-02 -3.53211923e-02 8.83276354e-02
-3.35260202e-02 -3.54611330e-02 8.86027772e-02
-3.36615845e-02 -3.55933715e-02 8.88561813e-02
-3.37896801e-02 -3.57177889e-02 8.90875385e-02
-3.39101897e-02 -3.58342702e-02 8.92965508e-02
-3.40230000e-02 -3.59427043e-02 8.94829313e-02
-3.41280016e-02 -3.60429838e-02 8.96464046e-02
-3.42250889e-02 -3.61350058e-02 8.97867077e-02
-3.43141604e-02 -3.62186713e-02 8.99035894e-02
-3.43951188e-02 -3.62938858e-02 8.99968111e-02
-3.44678713e-02 -3.63605591e-02 9.00661472e-02
-3.45323290e-02 -3.64186056e-02 9.01113850e-02
-3.45884079e-02 -3.64679442e-02 9.01323250e-02
-3.46360283e-02 -3.65084985e-02 9.01287813e-02
-3.46751155e-02 -3.65401971e-02 9.01005818e-02
-3.47055991e-02 -3.65629731e-02 9.00475685e-02
-3.47274137e-02 -3.65767648e-02 8.99695973e-02
-3.47404991e-02 -3.65815154e-02 8.98665387e-02
-3.47447996e-02 -3.65771732e-02 8.97382776e-02
-3.47402648e-02 -3.65636916e-02 8.95847138e-02
-3.47268493e-02 -3.65410293e-02 8.94057618e-02
-3.47045131e-02 -3.65091501e-02 8.92013513e-02
-3.46732211e-02 -3.64680231e-02 8.89714271e-02
-3.46329436e-02 -3.64176231e-02 8.87159491e-02
-3.45836563e-02 -3.63579297e-02 8.84348927e-02
-3.45253402e-02 -3.62889286e-02 8.81282488e-02
-3.44579816e-02 -3.62106103e-02 8.77960237e-02
-3.43815723e-02 -3.61229713e-02 8.74382395e-02
-3.42961097e-02 -3.60260133e-02 8.70549337e-02
-3.42015964e-02 -3.59197437e-02 8.66461594e-02
-3.40980406e-02 -3.58041754e-02 8.62119858e-02
-3.39854561e-02 -3.56793268e-02 8.57524973e-02
-3.38638621e-02 -3.55452219e-02 8.52677943e-02
-3.37332833e-02 -3.54018901e-02 8.47579926e-02
-3.35937500e-02 -3.52493665e-02 8.42232238e-02
-3.34452979e-02 -3.50876917e-02 8.36636348e-02
-3.32879682e-02 -3.49169119e-02 8.30793884e-02
-3.31218075e-02 -3.47370784e-02 8.24706622e-02
-3.29468680e-02 -3.45482485e-02 8.18376496e-02
-3.27632072e-02 -3.43504845e-02 8.11805589e-02
-3.25708880e-02 -3.41438542e-02 8.04996135e-02
-3.23699786e-02 -3.39284308e-02 7.97950518e-02
-3.21605526e-02 -3.37042928e-02 7.90671267e-02
-3.19426886e-02 -3.34715239e-02 7.83161061e-02
-3.17164706e-02 -3.32302130e-02 7.75422718e-02
-3.14819877e-02 -3.29804540e-02 7.67459201e-02
-3.12393340e-02 -3.27223461e-02 7.59273612e-02
-3.09886087e-02 -3.24559933e-02 7.50869193e-02
-3.07299158e-02 -3.21815046e-02 7.42249317e-02
-3.04633642e-02 -3.18989937e-02 7.33417492e-02
-3.01890675e-02 -3.16085793e-02 7.24377358e-02
-2.99071441e-02 -3.13103844e-02 7.15132679e-02
-2.96177169e-02 -3.10045368e-02 7.05687347e-02
-2.93209134e-02 -3.06911688e-02 6.96045373e-02
-2.90168652e-02 -3.03704169e-02 6.86210889e-02
-2.87057086e-02 -3.00424220e-02 6.76188140e-02
-2.83875838e-02 -2.97073291e-02 6.65981484e-02
-2.80626352e-02 -2.93652872e-02 6.55595391e-02
-2.77310110e-02 -2.90164492e-02 6.45034431e-02
-2.73928634e-02 -2.86609720e-02 6.34303280e-02
-2.70483483e-02 -2.82990159e-02 6.23406709e-02
-2.66976252e-02 -2.79307450e-02 6.12349587e-02
-2.63408570e-02 -2.75563268e-02 6.01136871e-02
-2.59782099e-02 -2.71759318e-02 5.89773605e-02
-2.56098535e-02 -2.67897342e-02 5.78264916e-02
-2.52359603e-02 -2.63979107e-02 5.66616010e-02
-2.48567058e-02 -2.60006413e-02 5.54832167e-02
-2.44722683e-02 -2.55981084e-02 5.42918739e-02
-2.40828287e-02 -2.51904972e-02 5.30881142e-02
-2.36885704e-02 -2.47779955e-02 5.18724855e-02
-2.32896793e-02 -2.43607931e-02 5.06455415e-02
-2.28863434e-02 -2.39390823e-02 4.94078413e-02
-2.24787527e-02 -2.35130570e-02 4.81599488e-02
-2.20670992e-02 -2.30829134e-02 4.69024322e-02
-2.16515767e-02 -2.26488491e-02 4.56358641e-02
-2.12323806e-02 -2.22110636e-02 4.43608203e-02
-2.08097075e-02 -2.17697574e-02 4.30778800e-02
-2.03837557e-02 -2.13251325e-02 4.17876248e-02
-1.99547244e-02 -2.08773920e-02 4.04906388e-02
-1.95228138e-02 -2.04267399e-02 3.91875077e-02
-1.90882249e-02 -1.99733810e-02 3.78788185e-02
-1.86511596e-02 -1.95175206e-02 3.65651592e-02
-1.82118200e-02 -1.90593649e-02 3.52471183e-02
-1.77704088e-02 -1.85991198e-02 3.39252840e-02
-1.73271289e-02 -1.81369919e-02 3.26002442e-02
-1.68821831e-02 -1.76731876e-02 3.12725861e-02
-1.64357741e-02 -1.72079132e-02 2.99428952e-02
-1.59881047e-02 -1.67413746e-02 2.86117555e-02
-1.55393767e-02 -1.62737775e-02 2.72797487e-02
-1.50897920e-02 -1.58053268e-02 2.59474538e-02
-1.46395512e-02 -1.53362267e-02 2.46154470e-02
-1.41888545e-02 -1.48666807e-02 2.32843009e-02
-1.37379009e-02 -1.43968910e-02 2.19545841e-02
-1.32868883e-02 -1.39270588e-02 2.06268611e-02
-1.28360133e-02 -1.34573840e-02 1.93016917e-02
-1.23854710e-02 -1.29880649e-02 1.79796307e-02
-1.19354552e-02 -1.25192985e-02 1.66612272e-02
-1.14861577e-02 -1.20512797e-02 1.53470249e-02
-1.10377687e-02 -1.15842020e-02 1.40375609e-02
-1.05904763e-02 -1.11182564e-02 1.27333660e-02
-1.01444666e-02 -1.06536322e-02 1.14349640e-02
-9.69992350e-03 -1.01905164e-02 1.01428716e-02
-9.25702845e-03 -9.72909350e-03 8.85759773e-03
-8.81596059e-03 -9.26954561e-03 7.57964359e-03
-8.37689642e-03 -8.81205230e-03 6.30950209e-03
-7.94000979e-03 -8.35679039e-03 5.04765763e-03
-7.50547177e-03 -7.90393393e-03 3.79458583e-03
-7.07345053e-03 -7.45365405e-03 2.55075320e-03
-6.64411125e-03 -7.00611887e-03 1.31661688e-03
-6.21761602e-03 -6.56149340e-03 9.26243982e-05
-5.79412374e-03 -6.11993949e-03 -1.12078660e-03
-5.37379006e-03 -5.68161564e-03 -2.32318859e-03
-4.95676723e-03 -5.24667702e-03 -3.51416440e-03
-4.54320410e-03 -4.81527532e-03 -4.69330740e-03
-4.13324595e-03 -4.38755870e-03 -5.86022177e-03
-3.72703450e-03 -3.96367170e-03 -7.01452262e-03
-3.32470777e-03 -3.54375520e-03 -8.15583622e-03
-2.92640006e-03 -3.12794630e-03 -9.28380016e-03
-2.53224186e-03 -2.71637830e-03 -1.03980635e-02
-2.14235981e-03 -2.30918062e-03 -1.14982870e-02
-1.75687663e-03 -1.90647877e-03 -1.25841429e-02
-1.37591107e-03 -1.50839425e-03 -1.36553158e-02
-9.99577860e-04 -1.11504457e-03 -1.47115019e-02
-6.27987695e-04 -7.26543149e-04 -1.57524096e-02
-2.61247162e-04 -3.42999301e-04 -1.67777596e-02
1.00541276e-04 3.54817980e-05 -1.77872846e-02
4.57279317e-04 4.08799147e-04 -1.87807298e-02
8.08872843e-04 7.76855944e-04 -1.97578529e-02
1.15523194e-03 1.13955961e-03 -2.07184237e-02
1.49627093e-03 1.49682181e-03 -2.16622247e-02
1.83190836e-03 1.84855845e-03 -2.25890506e-02
2.16206702e-03 2.19468972e-03 -2.34987088e-02
2.48667399e-03 2.53514008e-03 -2.43910191e-02
2.80566058e-03 2.86983826e-03 -2.52658136e-02
3.11896234e-03 3.19871727e-03 -2.61229370e-02
3.42651911e-03 3.52171438e-03 -2.69622463e-02
3.72827495e-03 3.83877114e-03 -2.77836106e-02
4.02417815e-03 4.14983334e-03 -2.85869117e-02
4.31418119e-03 4.45485100e-03 -2.93720433e-02
4.59824079e-03 4.75377837e-03 -3.01389112e-02
4.87631779e-03 5.04657387e-03 -3.08874334e-02
5.14837719e-03 5.33320012e-03 -3.16175396e-02
5.41438810e-03 5.61362384e-03 -3.23291715e-02
5.67432371e-03 5.88781589e-03 -3.30222824e-02
5.92816123e-03 6.15575117e-03 -3.36968372e-02
6.17588188e-03 6.41740863e-03 -3.43528123e-02
6.41747085e-03 6.67277120e-03 -3.49901952e-02
6.65291721e-03 6.92182576e-03 -3.56089848e-02
6.88221390e-03 7.16456306e-03 -3.62091907e-02
7.10535768e-03 7.40097774e-03 -3.67908336e-02
7.32234905e-03 7.63106820e-03 -3.73539447e-02
7.53319221e-03 7.85483657e-03 -3.78985655e-02
7.73789500e-03 8.07228869e-03 -3.84247480e-02
7.93646883e-03 8.28343400e-03 -3.89325543e-02
8.12892862e-03 8.48828548e-03 -3.94220562e-02
8.31529273e-03 8.68685963e-03 -3.98933352e-02
8.49558292e-03 8.87917635e-03 -4.03464823e-02
8.66982422e-03 9.06525890e-03 -4.07815978e-02
8.83804491e-03 9.24513383e-03 -4.11987909e-02
9.00027643e-03 9.41883089e-03 -4.15981797e-02
9.15655330e-03 9.58638298e-03 -4.19798908e-02
9.30691304e-03 9.74782603e-03 -4.23440592e-02
9.45139611e-03 9.90319898e-03 -4.26908279e-02
9.59004579e-03 1.00525437e-02 -4.30203477e-02
9.72290816e-03 1.01959048e-02 -4.33327772e-02
9.85003195e-03 1.03333296e-02 -4.36282821e-02
9.97146851e-03 1.04648684e-02 -4.39070356e-02
1.00872717e-02 1.05905736e-02 -4.41692173e-02
1.01974978e-02 1.07105005e-02 -4.44150137e-02
1.03022054e-02 1.08247065e-02 -4.46446176e-02
1.04014555e-02 1.09332515e-02 -4.48582277e-02
1.04953110e-02 1.10361976e-02 -4.50560490e-02
1.05838372e-02 1.11336091e-02 -4.52382915e-02
1.06671010e-02 1.12255522e-02 -4.54051709e-02
1.07451717e-02 1.13120953e-02 -4.55569079e-02
1.08181200e-02 1.13933085e-02 -4.56937279e-02
1.08860185e-02 1.14692638e-02 -4.58158610e-02
1.09489415e-02 1.15400349e-02 -4.59235415e-02
1.10069646e-02 1.16056970e-02 -4.60170077e-02
1.10601652e-02 1.16663271e-02 -4.60965018e-02
1.11086219e-02 1.17220034e-02 -4.61622694e-02
1.11524146e-02 1.17728055e-02 -4.62145595e-02
1.11916244e-02 1.18188146e-02 -4.62536240e-02
1.12263335e-02 1.18601126e-02 -4.62797178e-02
1.12566252e-02 1.18967829e-02 -4.62930980e-02
1.12825838e-02 1.19289097e-02 -4.62940243e-02
1.13042942e-02 1.19565782e-02 -4.62827584e-02
1.13218425e-02 1.19798746e-02 -4.62595637e-02
1.13353150e-02 1.19988856e-02 -4.62247052e-02
1.13447991e-02 1.20136989e-02 -4.61784494e-02
1.13503825e-02 1.20244025e-02 -4.61210637e-02
1.13521533e-02 1.20310853e-02 -4.60528168e-02
1.13502001e-02 1.20338364e-02 -4.59739776e-02
1.13446118e-02 1.20327453e-02 -4.58848158e-02
1.13354776e-02 1.20279019e-02 -4.57856012e-02
1.13228866e-02 1.20193963e-02 -4.56766039e-02
1.13069283e-02 1.20073188e-02 -4.55580935e-02
1.12876921e-02 1.19917597e-02 -4.54303395e-02
1.12652672e-02 1.19728094e-02 -4.52936108e-02
1.12397429e-02 1.19505583e-02 -4.51481756e-02
1.12112083e-02 1.19250965e-02 -4.49943011e-02
1.11797521e-02 1.18965141e-02 -4.48322536e-02
1.11454627e-02 1.18649010e-02 -4.46622978e-02
1.11084283e-02 1.18303466e-02 -4.44846974e-02
1.10687366e-02 1.17929400e-02 -4.42997141e-02
1.10264747e-02 1.17527700e-02 -4.41076082e-02
1.09817293e-02 1.17099248e-02 -4.39086379e-02
1.09345863e-02 1.16644921e-02 -4.37030593e-02
1.08851313e-02 1.16165591e-02 -4.34911264e-02
1.08334488e-02 1.15662122e-02 -4.32730909e-02
1.07796229e-02 1.15135372e-02 -4.30492019e-02
1.07237366e-02 1.14586192e-02 -4.28197061e-02
1.06658722e-02 1.14015425e-02 -4.25848473e-02
1.06061113e-02 1.13423904e-02 -4.23448665e-02
1.05445342e-02 1.12812457e-02 -4.21000019e-02
1.04812205e-02 1.12181899e-02 -4.18504884e-02
1.04162487e-02 1.11533037e-02 -4.15965582e-02
1.03496964e-02 1.10866670e-02 -4.13384397e-02
1.02816399e-02 1.10183583e-02 -4.10763583e-02
1.02121546e-02 1.09484554e-02 -4.08105360e-02
1.01413146e-02 1.08770348e-02 -4.05411912e-02
1.00691930e-02 1.08041720e-02 -4.02685387e-02
9.99586155e-03 1.07299412e-02 -3.99927899e-02
9.92139097e-03 1.06544156e-02 -3.97141522e-02
9.84585060e-03 1.05776670e-02 -3.94328294e-02
9.76930857e-03 1.04997662e-02 -3.91490215e-02
9.69183175e-03 1.04207826e-02 -3.88629246e-02
9.61348568e-03 1.03407844e-02 -3.85747309e-02
9.53433462e-03 1.02598385e-02 -3.82846287e-02
9.45444147e-03 1.01780105e-02 -3.79928022e-02
9.37386783e-03 1.00953646e-02 -3.76994317e-02
9.29267393e-03 1.00119639e-02 -3.74046936e-02
9.21091863e-03 9.92786985e-03 -3.71087599e-02
9.12865944e-03 9.84314281e-03 -3.68117988e-02
9.04595248e-03 9.75784165e-03 -3.65139744e-02
8.96285250e-03 9.67202387e-03 -3.62154465e-02
8.87941285e-03 9.58574564e-03 -3.59163711e-02
8.79568550e-03 9.49906172e-03 -3.56169000e-02
8.71172104e-03 9.41202548e-03 -3.53171807e-02
8.62756866e-03 9.32468893e-03 -3.50173569e-02
8.54327615e-03 9.23710267e-03 -3.47175680e-02
8.45888994e-03 9.14931592e-03 -3.44179496e-02
8.37445506e-03 9.06137652e-03 -3.41186329e-02
8.29001517e-03 8.97333091e-03 -3.38197455e-02
8.20561254e-03 8.88522418e-03 -3.35214106e-02
8.12128811e-03 8.79710001e-03 -3.32237477e-02
8.03708144e-03 8.70900073e-03 -3.29268721e-02
7.95303074e-03 8.62096733e-03 -3.26308956e-02
7.86917290e-03 8.53303941e-03 -3.23359257e-02
7.78554347e-03 8.44525524e-03 -3.20420662e-02
7.70217669e-03 8.35765177e-03 -3.17494173e-02
7.61910551e-03 8.27026462e-03 -3.14580751e-02
7.53636156e-03 8.18312808e-03 -3.11681323e-02
7.45397523e-03 8.09627517e-03 -3.08796778e-02
7.37197565e-03 8.00973761e-03 -3.05927968e-02
7.29039068e-03 7.92354585e-03 -3.03075711e-02
7.20924698e-03 7.83772909e-03 -3.00240789e-02
7.12856999e-03 7.75231528e-03 -2.97423950e-02
7.04838396e-03 7.66733117e-03 -2.94625907e-02
6.96871197e-03 7.58280227e-03 -2.91847340e-02
6.88957594e-03 7.49875292e-03 -2.89088897e-02
6.81099666e-03 7.41520629e-03 -2.86351193e-02
6.73299380e-03 7.33218438e-03 -2.83634812e-02
6.65558594e-03 7.24970807e-03 -2.80940305e-02
6.57879057e-03 7.16779713e-03 -2.78268195e-02
6.50262415e-03 7.08647022e-03 -2.75618975e-02
6.42710208e-03 7.00574492e-03 -2.72993107e-02
6.35223877e-03 6.92563779e-03 -2.70391026e-02
6.27804762e-03 6.84616431e-03 -2.67813141e-02
6.20454107e-03 6.76733898e-03 -2.65259829e-02
6.13173062e-03 6.68917530e-03 -2.62731446e-02
6.05962682e-03 6.61168579e-03 -2.60228319e-02
5.98823935e-03 6.53488202e-03 -2.57750750e-02
5.91757698e-03 6.45877466e-03 -2.55299018e-02
5.84764765e-03 6.38337345e-03 -2.52873377e-02
5.77845843e-03 6.30868725e-03 -2.50474059e-02
5.71001559e-03 6.23472407e-03 -2.48101273e-02
5.64232462e-03 6.16149107e-03 -2.45755206e-02
5.57539023e-03 6.08899461e-03 -2.43436025e-02
5.50921638e-03 6.01724024e-03 -2.41143875e-02
5.44380631e-03 5.94623275e-03 -2.38878883e-02
5.37916255e-03 5.87597618e-03 -2.36641156e-02
5.31528695e-03 5.80647383e-03 -2.34430782e-02
5.25218071e-03 5.73772831e-03 -2.32247833e-02
5.18984437e-03 5.66974156e-03 -2.30092363e-02
5.12827789e-03 5.60251482e-03 -2.27964409e-02
5.06748058e-03 5.53604873e-03 -2.25863993e-02
5.00745124e-03 5.47034330e-03 -2.23791120e-02
4.94818805e-03 5.40539793e-03 -2.21745783e-02
4.88968870e-03 5.34121147e-03 -2.19727959e-02
4.83195036e-03 5.27778220e-03 -2.17737613e-02
4.77496969e-03 5.21510788e-03 -2.15774696e-02
4.71874289e-03 5.15318575e-03 -2.13839146e-02
4.66326571e-03 5.09201256e-03 -2.11930893e-02
4.60853344e-03 5.03158460e-03 -2.10049851e-02
4.55454097e-03 4.97189769e-03 -2.08195926e-02
4.50128281e-03 4.91294725e-03 -2.06369015e-02
4.44875305e-03 4.85472826e-03 -2.04569002e-02
4.39694544e-03 4.79723532e-03 -2.02795765e-02
4.34585339e-03 4.74046266e-03 -2.01049173e-02
4.29546997e-03 4.68440415e-03 -1.99329085e-02
4.24578795e-03 4.62905332e-03 -1.97635354e-02
4.19679978e-03 4.57440340e-03 -1.95967825e-02
4.14849767e-03 4.52044730e-03 -1.94326338e-02
4.10087355e-03 4.46717766e-03 -1.92710725e-02
4.05391908e-03 4.41458684e-03 -1.91120812e-02
4.00762571e-03 4.36266698e-03 -1.89556420e-02
3.96198468e-03 4.31140996e-03 -1.88017365e-02
3.91698701e-03 4.26080744e-03 -1.86503460e-02
3.87262353e-03 4.21085091e-03 -1.85014510e-02
3.82888490e-03 4.16153165e-03 -1.83550318e-02
3.78576161e-03 4.11284076e-03 -1.82110685e-02
3.74324402e-03 4.06476922e-03 -1.80695405e-02
3.70132233e-03 4.01730784e-03 -1.79304272e-02
3.65998662e-03 3.97044730e-03 -1.77937076e-02
3.61922686e-03 3.92417820e-03 -1.76593605e-02
3.57903291e-03 3.87849099e-03 -1.75273644e-02
3.53939456e-03 3.83337607e-03 -1.73976978e-02
3.50030148e-03 3.78882376e-03 -1.72703388e-02
3.46174332e-03 3.74482431e-03 -1.71452654e-02
3.42370962e-03 3.70136791e-03 -1.70224557e-02
3.38618992e-03 3.65844472e-03 -1.69018874e-02
3.34917367e-03 3.61604489e-03 -1.67835384e-02
3.31265034e-03 3.57415852e-03 -1.66673862e-02
3.27660933e-03 3.53277572e-03 -1.65534086e-02
3.24104006e-03 3.49188661e-03 -1.64415832e-02
3.20593192e-03 3.45148132e-03 -1.63318875e-02
3.17127433e-03 3.41154999e-03 -1.62242993e-02
3.13705671e-03 3.37208281e-03 -1.61187960e-02
3.10326848e-03 3.33307000e-03 -1.60153553e-02
3.06989910e-03 3.29450184e-03 -1.59139549e-02
3.03693808e-03 3.25636866e-03 -1.58145724e-02
3.00437494e-03 3.21866086e-03 -1.57171857e-02
2.97219926e-03 3.18136891e-03 -1.56217726e-02
2.94040068e-03 3.14448338e-03 -1.55283108e-02
2.90896888e-03 3.10799491e-03 -1.54367784e-02
2.87789362e-03 3.07189423e-03 -1.53471534e-02
2.84716471e-03 3.03617219e-03 -1.52594138e-02
2.81677207e-03 3.00081976e-03 -1.51735379e-02
2.78670567e-03 2.96582798e-03 -1.50895038e-02
2.75695558e-03 2.93118806e-03 -1.50072899e-02
2.72751195e-03 2.89689131e-03 -1.49268746e-02
2.69836503e-03 2.86292917e-03 -1.48482364e-02
2.66950518e-03 2.82929323e-03 -1.47713538e-02
2.64092285e-03 2.79597521e-03 -1.46962055e-02
2.61260862e-03 2.76296698e-03 -1.46227701e-02
2.58455315e-03 2.73026057e-03 -1.45510266e-02
2.55674724e-03 2.69784815e-03 -1.44809537e-02
2.52918180e-03 2.66572205e-03 -1.44125304e-02
2.50184788e-03 2.63387477e-03 -1.43457355e-02
2.47473664e-03 2.60229897e-03 -1.42805482e-02
2.44783937e-03 2.57098748e-03 -1.42169475e-02
2.42114752e-03 2.53993329e-03 -1.41549126e-02
2.39465264e-03 2.50912959e-03 -1.40944224e-02
2.36834646e-03 2.47856972e-03 -1.40354563e-02
2.34222081e-03 2.44824721e-03 -1.39779935e-02
2.31626771e-03 2.41815578e-03 -1.39220130e-02
2.29047929e-03 2.38828932e-03 -1.38674940e-02
2.26484787e-03 2.35864191e-03 -1.38144159e-02
2.23936589e-03 2.32920781e-03 -1.37627577e-02
2.21402597e-03 2.29998148e-03 -1.37124986e-02
2.18882087e-03 2.27095757e-03 -1.36636178e-02
2.16374353e-03 2.24213090e-03 -1.36160942e-02
2.13878705e-03 2.21349651e-03 -1.35699069e-02
2.11394469e-03 2.18504961e-03 -1.35250349e-02
2.08920987e-03 2.15678561e-03 -1.34814570e-02
2.06457620e-03 2.12870011e-03 -1.34391522e-02
2.04003745e-03 2.10078892e-03 -1.33980990e-02
2.01558756e-03 2.07304801e-03 -1.33582761e-02
1.99122066e-03 2.04547359e-03 -1.33196621e-02
1.96693105e-03 2.01806202e-03 -1.32822354e-02
1.94271319e-03 1.99080988e-03 -1.32459742e-02
1.91856176e-03 1.96371393e-03 -1.32108566e-02
1.89447158e-03 1.93677113e-03 -1.31768608e-02
1.87043769e-03 1.90997863e-03 -1.31439644e-02
1.84645530e-03 1.88333376e-03 -1.31121453e-02
1.82251979e-03 1.85683405e-03 -1.30813810e-02
1.79862676e-03 1.83047723e-03 -1.30516487e-02
1.77477197e-03 1.80426120e-03 -1.30229258e-02
1.75095138e-03 1.77818404e-03 -1.29951890e-02
1.72716115e-03 1.75224405e-03 -1.29684154e-02
1.70339763e-03 1.72643967e-03 -1.29425813e-02
1.67965735e-03 1.70076955e-03 -1.29176632e-02
1.65593704e-03 1.67523250e-03 -1.28936373e-02
1.63223363e-03 1.64982754e-03 -1.28704795e-02
1.60854424e-03 1.62455384e-03 -1.28481655e-02
1.58486620e-03 1.59941074e-03 -1.28266707e-02
1.56119700e-03 1.57439777e-03 -1.28059705e-02
1.53753437e-03 1.54951463e-03 -1.27860399e-02
1.51387622e-03 1.52476116e-03 -1.27668536e-02
1.49022065e-03 1.50013739e-03 -1.27483861e-02
1.46656597e-03 1.47564352e-03 -1.27306118e-02
1.44291068e-03 1.45127988e-03 -1.27135047e-02
1.41925348e-03 1.42704698e-03 -1.26970385e-02
1.39559328e-03 1.40294547e-03 -1.26811869e-02
1.37192917e-03 1.37897616e-03 -1.26659230e-02
1.34826045e-03 1.35514001e-03 -1.26512201e-02
1.32458661e-03 1.33143812e-03 -1.26370508e-02
1.30090735e-03 1.30787173e-03 -1.26233877e-02
1.27722256e-03 1.28444222e-03 -1.26102032e-02
1.25353233e-03 1.26115110e-03 -1.25974693e-02
1.22983693e-03 1.23800004e-03 -1.25851578e-02
1.20613685e-03 1.21499079e-03 -1.25732404e-02
1.18243275e-03 1.19212527e-03 -1.25616884e-02
1.15872550e-03 1.16940550e-03 -1.25504731e-02
1.13501616e-03 1.14683362e-03 -1.25395652e-02
1.11130598e-03 1.12441187e-03 -1.25289356e-02
1.08759639e-03 1.10214264e-03 -1.25185548e-02
1.06388902e-03 1.08002838e-03 -1.25083930e-02
1.04018569e-03 1.05807167e-03 -1.24984205e-02
1.01648840e-03 1.03627519e-03 -1.24886071e-02
9.92799326e-04 1.01464169e-03 -1.24789228e-02
9.69120832e-04 9.93174045e-04 -1.24693370e-02
9.45455466e-04 9.71875185e-04 -1.24598192e-02
9.21805948e-04 9.50748138e-04 -1.24503388e-02
8.98175176e-04 9.29796007e-04 -1.24408650e-02
8.74566220e-04 9.09021968e-04 -1.24313668e-02
8.50982321e-04 8.88429269e-04 -1.24218132e-02
8.27426890e-04 8.68021218e-04 -1.24121732e-02
8.03903500e-04 8.47801189e-04 -1.24024154e-02
7.80415889e-04 8.27772609e-04 -1.23925086e-02
7.56967955e-04 8.07938958e-04 -1.23824215e-02
7.33563750e-04 7.88303764e-04 -1.23721228e-02
7.10207484e-04 7.68870597e-04 -1.23615810e-02
6.86903512e-04 7.49643067e-04 -1.23507648e-02
6.63656341e-04 7.30624817e-04 -1.23396427e-02
6.40470617e-04 7.11819520e-04 -1.23281835e-02
6.17351128e-04 6.93230875e-04 -1.23163558e-02
5.94302798e-04 6.74862599e-04 -1.23041283e-02
5.71330682e-04 6.56718428e-04 -1.22914700e-02
5.48439964e-04 6.38802109e-04 -1.22783496e-02
5.25635952e-04 6.21117395e-04 -1.22647362e-02
5.02924074e-04 6.03668042e-04 -1.22505990e-02
4.80309873e-04 5.86457804e-04 -1.22359073e-02
4.57799003e-04 5.69490428e-04 -1.22206306e-02
4.35397224e-04 5.52769652e-04 -1.22047385e-02
4.13110401e-04 5.36299196e-04 -1.21882008e-02
3.90944493e-04 5.20082763e-04 -1.21709878e-02
3.68905554e-04 5.04124028e-04 -1.21530696e-02
3.46999722e-04 4.88426640e-04 -1.21344170e-02
3.25233223e-04 4.72994215e-04 -1.21150008e-02
3.03612356e-04 4.57830329e-04 -1.20947921e-02
2.82143494e-04 4.42938520e-04 -1.20737626e-02
2.60833077e-04 4.28322276e-04 -1.20518841e-02
2.39687608e-04 4.13985038e-04 -1.20291287e-02
2.18713645e-04 3.99930192e-04 -1.20054691e-02
1.97917798e-04 3.86161062e-04 -1.19808784e-02
1.77306720e-04 3.72680914e-04 -1.19553299e-02
1.56887108e-04 3.59492946e-04 -1.19287976e-02
1.36665691e-04 3.46600283e-04 -1.19012558e-02
1.16649225e-04 3.34005977e-04 -1.18726794e-02
9.68444925e-05 3.21713003e-04 -1.18430436e-02
7.72582899e-05 3.09724252e-04 -1.18123244e-02
5.78974263e-05 2.98042529e-04 -1.17804981e-02
3.87687159e-05 2.86670550e-04 -1.17475418e-02
1.98789722e-05 2.75610937e-04 -1.17134330e-02
1.23500248e-06 2.64866218e-04 -1.16781499e-02
-1.71563986e-05 2.54438817e-04 -1.16416712e-02
-3.52884546e-05 2.44331057e-04 -1.16039763e-02
-5.31544135e-05 2.34545153e-04 -1.15650454e-02
-7.07475535e-05 2.25083213e-04 -1.15248592e-02
-8.80611891e-05 2.15947228e-04 -1.14833991e-02
-1.05088677e-04 2.07139076e-04 -1.14406472e-02
-1.21823422e-04 1.98660515e-04 -1.13965865e-02
-1.38258884e-04 1.90513182e-04 -1.13512005e-02
-1.54388581e-04 1.82698590e-04 -1.13044736e-02
-1.70206099e-04 1.75218123e-04 -1.12563910e-02
-1.85705095e-04 1.68073038e-04 -1.12069385e-02
-2.00879303e-04 1.61264461e-04 -1.11561029e-02
-2.15722543e-04 1.54793380e-04 -1.11038717e-02
-2.30228721e-04 1.48660651e-04 -1.10502333e-02
-2.44391841e-04 1.42866990e-04 -1.09951769e-02
-2.58206005e-04 1.37412973e-04 -1.09386925e-02
-2.71665423e-04 1.32299034e-04 -1.08807711e-02
-2.84764417e-04 1.27525462e-04 -1.08214044e-02
-2.97497425e-04 1.23092404e-04 -1.07605852e-02
-3.09859008e-04 1.18999858e-04 -1.06983069e-02
-3.21843856e-04 1.15247673e-04 -1.06345640e-02
-3.33446790e-04 1.11835551e-04 -1.05693521e-02
-3.44662772e-04 1.08763041e-04 -1.05026673e-02
-3.55486905e-04 1.06029544e-04 -1.04345068e-02
-3.65914442e-04 1.03634304e-04 -1.03648689e-02
-3.75940789e-04 1.01576417e-04 -1.02937527e-02
-3.85561507e-04 9.98548211e-05 -1.02211582e-02
-3.94772324e-04 9.84683025e-05 -1.01470864e-02
-4.03569133e-04 9.74154921e-05 -1.00715392e-02
-4.11947996e-04 9.66948661e-05 -9.99451967e-03
-4.19905155e-04 9.63047458e-05 -9.91603155e-03
-4.27437028e-04 9.62432973e-05 -9.83607969e-03
-4.34540220e-04 9.65085322e-05 -9.75466989e-03
-4.41211522e-04 9.70983072e-05 -9.67180891e-03
-4.47447915e-04 9.80103250e-05 -9.58750444e-03
-4.53246578e-04 9.92421345e-05 -9.50176517e-03
-4.58604886e-04 1.00791131e-04 -9.41460073e-03
-4.63520418e-04 1.02654559e-04 -9.32602169e-03
-4.67990956e-04 1.04829510e-04 -9.23603959e-03
-4.72014490e-04 1.07312925e-04 -9.14466692e-03
-4.75589223e-04 1.10101596e-04 -9.05191711e-03
-4.78713568e-04 1.13192166e-04 -8.95780450e-03
-4.81386156e-04 1.16581134e-04 -8.86234441e-03
-4.83605836e-04 1.20264849e-04 -8.76555303e-03
-4.85371678e-04 1.24239520e-04 -8.66744752e-03
-4.86682973e-04 1.28501212e-04 -8.56804589e-03
-4.87539238e-04 1.33045849e-04 -8.46736711e-03
-4.87940216e-04 1.37869218e-04 -8.36543098e-03
-4.87885876e-04 1.42966968e-04 -8.26225823e-03
-4.87376417e-04 1.48334616e-04 -8.15787041e-03
-4.86412268e-04 1.53967543e-04 -8.05228995e-03
-4.84994089e-04 1.59861004e-04 -7.94554013e-03
-4.83122773e-04 1.66010123e-04 -7.83764505e-03
-4.80799443e-04 1.72409902e-04 -7.72862961e-03
-4.78025457e-04 1.79055218e-04 -7.61851954e-03
-4.74802407e-04 1.85940830e-04 -7.50734134e-03
-4.71132116e-04 1.93061379e-04 -7.39512228e-03
-4.67016643e-04 2.00411393e-04 -7.28189039e-03
-4.62458277e-04 2.07985287e-04 -7.16767445e-03
-4.57459543e-04 2.15777370e-04 -7.05250393e-03
-4.52023197e-04 2.23781845e-04 -6.93640903e-03
-4.46152224e-04 2.31992812e-04 -6.81942062e-03
-4.39849844e-04 2.40404274e-04 -6.70157026e-03
-4.33119503e-04 2.49010138e-04 -6.58289013e-03
-4.25964876e-04 2.57804219e-04 -6.46341306e-03
-4.18389865e-04 2.66780244e-04 -6.34317246e-03
-4.10398597e-04 2.75931855e-04 -6.22220235e-03
-4.01995421e-04 2.85252611e-04 -6.10053732e-03
-3.93184910e-04 2.94735996e-04 -5.97821248e-03
-3.83971854e-04 3.04375417e-04 -5.85526348e-03
-3.74361260e-04 3.14164213e-04 -5.73172648e-03
-3.64358352e-04 3.24095654e-04 -5.60763811e-03
