0.00000000e+00 0.00000000e+00 0.00000000e+00
2.19570357e-07 4.06446540e-08 -3.97808025e-07
2.65433220e-06 6.76253206e-07 -4.92863583e-06
7.34822853e-06 3.50873797e-06 -1.37528078e-05
-4.81308704e-07 1.04035146e-05 9.58142477e-07
-4.19794524e-05 2.18658558e-05 7.89734851e-05
-1.07000497e-04 3.55882200e-05 1.99348134e-04
-1.25882404e-04 4.66431036e-05 2.27075063e-04
3.57243481e-06 4.99798002e-05 -3.08897485e-05
3.39839566e-04 4.44040615e-05 -6.73742795e-04
8.25117020e-04 3.54251519e-05 -1.56752441e-03
1.26763393e-03 3.43942135e-05 -2.32088587e-03
1.39208506e-03 5.37327995e-05 -2.39764566e-03
9.32363186e-04 1.00786188e-04 -1.30701334e-03
-2.76533431e-04 1.73767059e-04 1.21948521e-03
-2.24354061e-03 2.61901396e-04 5.13503320e-03
-4.81878529e-03 3.49438073e-04 1.00919668e-02
-7.73658219e-03 4.21281490e-04 1.55422213e-02
-1.06838147e-02 4.67602916e-04 2.08775794e-02
-1.33700007e-02 4.85761152e-04 2.55619866e-02
-1.55804286e-02 4.79393837e-04 2.92228856e-02
-1.72029864e-02 4.55747000e-04 3.16889743e-02
-1.82285313e-02 4.22723256e-04 3.29794318e-02
-1.87311932e-02 3.86794593e-04 3.32600815e-02
-1.88379222e-02 3.52217770e-04 3.27847927e-02
-1.86963246e-02 3.21330101e-04 3.18377410e-02
-1.84475308e-02 2.95353751e-04 3.06867940e-02
-1.82077470e-02 2.75140598e-04 2.95526545e-02
-1.80592690e-02 2.61527218e-04 2.85939104e-02
-1.80496376e-02 2.55264363e-04 2.79053224e-02
-1.81964864e-02 2.56697377e-04 2.75254071e-02
-1.84953748e-02 2.65443871e-04 2.74492483e-02
-1.89282581e-02 2.80259843e-04 2.76430388e-02
-1.94709454e-02 2.99166102e-04 2.80577559e-02
-2.00986670e-02 3.19789060e-04 2.86403523e-02
-2.07895484e-02 3.39797874e-04 2.93417295e-02
-2.15262532e-02 3.57306690e-04 3.01214703e-02
-2.22962988e-02 3.71143940e-04 3.09497871e-02
-2.30915909e-02 3.80945903e-04 3.18073969e-02
-2.39076304e-02 3.87084732e-04 3.26840888e-02
-2.47426885e-02 3.90476887e-04 3.35766610e-02
-2.55970890e-02 3.92331792e-04 3.44867301e-02
-2.64726168e-02 3.93896760e-04 3.54187320e-02
-2.73720104e-02 3.96240500e-04 3.63782659e-02
-2.82984909e-02 4.00101172e-04 3.73708264e-02
-2.92553029e-02 4.05810484e-04 3.84009104e-02
-3.02452862e-02 4.13294065e-04 3.94714684e-02
-3.12705245e-02 4.22139474e-04 4.05836738e-02
-3.23321285e-02 4.31715834e-04 4.17369843e-02
-3.34301928e-02 4.41322666e-04 4.29294611e-02
-3.45639368e-02 4.50341205e-04 4.41582888e-02
-3.57319974e-02 4.58360668e-04 4.54204102e-02
-3.69328107e-02 4.65255989e-04 4.67131682e-02
-3.81650020e-02 4.71202631e-04 4.80348422e-02
-3.94277038e-02 4.76626749e-04 4.93849802e-02
-4.07207458e-02 4.82102561e-04 5.07644727e-02
-4.20446905e-02 4.88220069e-04 5.21753596e-02
-4.34007237e-02 4.95452319e-04 5.36204210e-02
-4.47904404e-02 5.04050785e-04 5.51026419e-02
-4.62155828e-02 5.13990342e-04 5.66246625e-02
-4.76777889e-02 5.24973579e-04 5.81883223e-02
-4.91784016e-02 5.36490821e-04 5.97943798e-02
-5.07183669e-02 5.47920436e-04 6.14424478e-02
-5.22982260e-02 5.58646435e-04 6.31311374e-02
-5.39181855e-02 5.68168426e-04 6.48583648e-02
-5.55782377e-02 5.76182672e-04 6.66217484e-02
-5.72782955e-02 5.82620868e-04 6.84190138e-02
-5.90183109e-02 5.87643263e-04 7.02483363e-02
-6.07983562e-02 5.91592320e-04 7.21085688e-02
-6.26186589e-02 5.94920244e-04 7.39993343e-02
-6.44795938e-02 5.98107232e-04 7.59209869e-02
-6.63816432e-02 6.01586799e-04 7.78744692e-02
-6.83253428e-02 6.05690758e-04 7.98611051e-02
-7.03112281e-02 6.10620612e-04 8.18823723e-02
-7.23397941e-02 6.16445806e-04 8.39396881e-02
-7.44114736e-02 6.23123829e-04 8.60342388e-02
-7.65266342e-02 6.30533696e-04 8.81668634e-02
-7.86855914e-02 6.38513137e-04 9.03379952e-02
-8.08886280e-02 6.46890910e-04 9.25476546e-02
-8.31360148e-02 6.55508385e-04 9.47954804e-02
-8.54280264e-02 6.64228035e-04 9.70807888e-02
-8.77649481e-02 6.72929978e-04 9.94026462e-02
-9.01470751e-02 6.81500394e-04 1.01759948e-01
-9.25747052e-02 6.89817059e-04 1.04151499e-01
-9.50481272e-02 6.97737355e-04 1.06576082e-01
-9.75676103e-02 7.05092959e-04 1.09032531e-01
-1.00133396e-01 7.11693479e-04 1.11519779e-01
-1.02745693e-01 7.17339057e-04 1.14036908e-01
-1.05404676e-01 7.21839857e-04 1.16583176e-01
-1.08110491e-01 7.25038848e-04 1.19158024e-01
-1.10863252e-01 7.26833587e-04 1.21761073e-01
-1.13663050e-01 7.27192874e-04 1.24392097e-01
-1.16509948e-01 7.26165090e-04 1.27050976e-01
-1.19403983e-01 7.23876463e-04 1.29737647e-01
-1.22345158e-01 7.20519242e-04 1.32452032e-01
-1.25333437e-01 7.16331327e-04 1.35193982e-01
-1.28368742e-01 7.11570219e-04 1.37963212e-01
-1.31450946e-01 7.06484875e-04 1.40759260e-01
-1.34579876e-01 7.01289224e-04 1.43581454e-01
-1.37755315e-01 6.96140690e-04 1.46428908e-01
-1.40977005e-01 6.91126159e-04 1.49300525e-01
-1.44244662e-01 6.86256705e-04 1.52195031e-01
-1.47557980e-01 6.81471075e-04 1.55111017e-01
-1.50916646e-01 6.76646820e-04 1.58046983e-01
-1.54320341e-01 6.71617012e-04 1.61001396e-01
-1.57768752e-01 6.66189958e-04 1.63972732e-01
-1.61261563e-01 6.60169164e-04 1.66959516e-01
-1.64798459e-01 6.53371053e-04 1.69960342e-01
-1.68379110e-01 6.45638468e-04 1.72973887e-01
-1.72003162e-01 6.36848754e-04 1.75998902e-01
-1.75670227e-01 6.26916071e-04 1.79034191e-01
-1.79379863e-01 6.15788366e-04 1.82078585e-01
-1.83131567e-01 6.03440112e-04 1.85130909e-01
-1.86924768e-01 5.89862368e-04 1.88189947e-01
-1.90758815e-01 5.75051912e-04 1.91254410e-01
-1.94632986e-01 5.59001140e-04 1.94322916e-01
-1.98546487e-01 5.41690168e-04 1.97393978e-01
-2.02498459e-01 5.23082113e-04 2.00465995e-01
-2.06487994e-01 5.03122030e-04 2.03537264e-01
-2.10514142e-01 4.81739429e-04 2.06605994e-01
-2.14575927e-01 4.58853815e-04 2.09670326e-01
-2.18672358e-01 4.34382318e-04 2.12728357e-01
-2.22802436e-01 4.08248286e-04 2.15778160e-01
-2.26965160e-01 3.80389588e-04 2.18817811e-01
-2.31159533e-01 3.50765541e-04 2.21845396e-01
-2.35384555e-01 3.19361548e-04 2.24859024e-01
-2.39639222e-01 2.86190865e-04 2.27856832e-01
-2.43922519e-01 2.51293289e-04 2.30836975e-01
-2.48233407e-01 2.14730902e-04 2.33797623e-01
-2.52570819e-01 1.76581375e-04 2.36736946e-01
-2.56933646e-01 1.36929528e-04 2.39653103e-01
-2.61320730e-01 9.58580665e-05 2.42544226e-01
-2.65730856e-01 5.34384128e-05 2.45408412e-01
-2.70162750e-01 9.72253656e-06 2.48243716e-01
-2.74615076e-01 -3.52634693e-05 2.51048143e-01
-2.79086435e-01 -8.15235206e-05 2.53819652e-01
-2.83575372e-01 -1.29093083e-04 2.56556160e-01
-2.88080380e-01 -1.78038088e-04 2.59255549e-01
-2.92599904e-01 -2.28451419e-04 2.61915676e-01
-2.97132353e-01 -2.80447409e-04 2.64534384e-01
-3.01676107e-01 -3.34154877e-04 2.67109514e-01
-3.06229523e-01 -3.89709404e-04 2.69638915e-01
-3.10790944e-01 -4.47245485e-04 2.72120455e-01
-3.15358705e-01 -5.06889214e-04 2.74552020e-01
-3.19931135e-01 -5.68752032e-04 2.76931526e-01
-3.24506559e-01 -6.32925925e-04 2.79256913e-01
-3.29083303e-01 -6.99480336e-04 2.81526146e-01
-3.33659689e-01 -7.68460849e-04 2.83737210e-01
-3.38234031e-01 -8.39889574e-04 2.85888104e-01
-3.42804639e-01 -9.13767029e-04 2.87976836e-01
-3.47369805e-01 -9.90075206e-04 2.90001417e-01
-3.51927807e-01 -1.06878145e-03 2.91959858e-01
-3.56476903e-01 -1.14984279e-03 2.93850166e-01
-3.61015326e-01 -1.23321028e-03 2.95670341e-01
-3.65541282e-01 -1.31883315e-03 2.97418385e-01
-3.70052953e-01 -1.40666233e-03 2.99092298e-01
-3.74548491e-01 -1.49665337e-03 3.00690092e-01
-3.79026027e-01 -1.58876851e-03 3.02209793e-01
-3.83483667e-01 -1.68297794e-03 3.03649456e-01
-3.87919503e-01 -1.77926031e-03 3.05007170e-01
-3.92331612e-01 -1.87760268e-03 3.06281072e-01
-3.96718065e-01 -1.97799981e-03 3.07469356e-01
-4.01076930e-01 -2.08045329e-03 3.08570279e-01
-4.05406282e-01 -2.18497031e-03 3.09582168e-01
-4.09704201e-01 -2.29156246e-03 3.10503423e-01
-4.13968783e-01 -2.40024453e-03 3.11332523e-01
-4.18198139e-01 -2.51103338e-03 3.12068020e-01
-4.22390399e-01 -2.62394699e-03 3.12708540e-01
-4.26543714e-01 -2.73900361e-03 3.13252779e-01
-4.30656256e-01 -2.85622101e-03 3.13699498e-01
-4.34726216e-01 -2.97561582e-03 3.14047515e-01
-4.38751806e-01 -3.09720294e-03 3.14295704e-01
-4.42731255e-01 -3.22099487e-03 3.14442984e-01
-4.46662809e-01 -3.34700113e-03 3.14488322e-01
-4.50544730e-01 -3.47522756e-03 3.14430724e-01
-4.54375290e-01 -3.60567565e-03 3.14269236e-01
-4.58152775e-01 -3.73834187e-03 3.14002946e-01
-4.61875484e-01 -3.87321707e-03 3.13630984e-01
-4.65541725e-01 -4.01028591e-03 3.13152526e-01
-4.69149819e-01 -4.14952655e-03 3.12566800e-01
-4.72698103e-01 -4.29091042e-03 3.11873092e-01
-4.76184927e-01 -4.43440226e-03 3.11070750e-01
-4.79608660e-01 -4.57996046e-03 3.10159194e-01
-4.82967695e-01 -4.72753756e-03 3.09137921e-01
-4.86260447e-01 -4.87708106e-03 3.08006509e-01
-4.89485361e-01 -5.02853437e-03 3.06764627e-01
-4.92640914e-01 -5.18183794e-03 3.05412033e-01
-4.95725616e-01 -5.33693048e-03 3.03948580e-01
-4.98738020e-01 -5.49375019e-03 3.02374217e-01
-5.01676716e-01 -5.65223587e-03 3.00688989e-01
-5.04540341e-01 -5.81232804e-03 2.98893036e-01
-5.07327576e-01 -5.97396973e-03 2.96986588e-01
-5.10037150e-01 -6.13710717e-03 2.94969968e-01
-5.12667844e-01 -6.30169011e-03 2.92843583e-01
-5.15218483e-01 -6.46767197e-03 2.90607925e-01
-5.17687947e-01 -6.63500966e-03 2.88263563e-01
-5.20075165e-01 -6.80366317e-03 2.85811146e-01
-5.22379115e-01 -6.97359501e-03 2.83251396e-01
-5.24598827e-01 -7.14476936e-03 2.80585106e-01
-5.26733380e-01 -7.31715126e-03 2.77813141e-01
-5.28781904e-01 -7.49070563e-03 2.74936437e-01
-5.30743577e-01 -7.66539635e-03 2.71956000e-01
-5.32617628e-01 -7.84118535e-03 2.68872906e-01
-5.34403333e-01 -8.01803182e-03 2.65688304e-01
-5.36100019e-01 -8.19589154e-03 2.62403418e-01
-5.37707062e-01 -8.37471633e-03 2.59019545e-01
-5.39223889e-01 -8.55445375e-03 2.55538056e-01
-5.40649975e-01 -8.73504681e-03 2.51960404e-01
-5.41984845e-01 -8.91643405e-03 2.48288115e-01
-5.43228077e-01 -9.09854957e-03 2.44522795e-01
-5.44379300e-01 -9.28132333e-03 2.40666127e-01
-5.45438193e-01 -9.46468146e-03 2.36719869e-01
-5.46404489e-01 -9.64854674e-03 2.32685856e-01
-5.47277973e-01 -9.83283902e-03 2.28565994e-01
-5.48058483e-01 -1.00174758e-02 2.24362259e-01
-5.48745912e-01 -1.02023726e-02 2.20076697e-01
-5.49340204e-01 -1.03874438e-02 2.15711418e-01
-5.49841360e-01 -1.05726027e-02 2.11268591e-01
-5.50249433e-01 -1.07577623e-02 2.06750448e-01
-5.50564531e-01 -1.09428353e-02 2.02159274e-01
-5.50786814e-01 -1.11277350e-02 1.97497407e-01
-5.50916498e-01 -1.13123751e-02 1.92767235e-01
-5.50953852e-01 -1.14966702e-02 1.87971196e-01
-5.50899197e-01 -1.16805360e-02 1.83111771e-01
-5.50752907e-01 -1.18638894e-02 1.78191485e-01
-5.50515407e-01 -1.20466486e-02 1.73212902e-01
-5.50187174e-01 -1.22287333e-02 1.68178630e-01
-5.49768735e-01 -1.24100647e-02 1.63091309e-01
-5.49260666e-01 -1.25905657e-02 1.57953617e-01
-5.48663593e-01 -1.27701608e-02 1.52768263e-01
-5.47978186e-01 -1.29487761e-02 1.47537989e-01
-5.47205166e-01 -1.31263393e-02 1.42265564e-01
-5.46345296e-01 -1.33027797e-02 1.36953781e-01
-5.45399384e-01 -1.34780282e-02 1.31605458e-01
-5.44368282e-01 -1.36520172e-02 1.26223433e-01
-5.43252883e-01 -1.38246803e-02 1.20810560e-01
-5.42054124e-01 -1.39959524e-02 1.15369708e-01
-5.40772978e-01 -1.41657697e-02 1.09903755e-01
-5.39410460e-01 -1.43340690e-02 1.04415590e-01
-5.37967622e-01 -1.45007882e-02 9.89081060e-02
-5.36445556e-01 -1.46658657e-02 9.33841970e-02
-5.34845386e-01 -1.48292401e-02 8.78467582e-02
-5.33168275e-01 -1.49908505e-02 8.22986820e-02
-5.31415420e-01 -1.51506359e-02 7.67428559e-02
-5.29588050e-01 -1.53085352e-02 7.11821605e-02
-5.27687428e-01 -1.54644870e-02 6.56194676e-02
-5.25714851e-01 -1.56184298e-02 6.00576387e-02
-5.23671641e-01 -1.57703013e-02 5.44995229e-02
-5.21559156e-01 -1.59200391e-02 4.89479559e-02
-5.19378776e-01 -1.60675799e-02 4.34057576e-02
-5.17131914e-01 -1.62128606e-02 3.78757314e-02
-5.14820002e-01 -1.63558175e-02 3.23606615e-02
-5.12444502e-01 -1.64963868e-02 2.68633117e-02
-5.10006894e-01 -1.66345052e-02 2.13864230e-02
-5.07508679e-01 -1.67701096e-02 1.59327114e-02
-5.04951379e-01 -1.69031376e-02 1.05048655e-02
-5.02336530e-01 -1.70335281e-02 5.10554404e-03
-4.99665684e-01 -1.71612213e-02 -2.62627409e-04
-4.96940406e-01 -1.72861594e-02 -5.59705890e-03
-4.94162273e-01 -1.74082864e-02 -1.08951994e-02
-4.91332868e-01 -1.75275493e-02 -1.61545401e-02
-4.88453785e-01 -1.76438976e-02 -2.13726171e-02
-4.85526621e-01 -1.77572839e-02 -2.65470150e-02
-4.82552977e-01 -1.78676643e-02 -3.16753698e-02
-4.79534456e-01 -1.79749980e-02 -3.67553718e-02
-4.76472664e-01 -1.80792481e-02 -4.17847681e-02
-4.73369204e-01 -1.81803810e-02 -4.67613655e-02
-4.70225678e-01 -1.82783665e-02 -5.16830321e-02
-4.67043683e-01 -1.83731779e-02 -5.65476999e-02
-4.63824815e-01 -1.84647913e-02 -6.13533660e-02
-4.60570664e-01 -1.85531862e-02 -6.60980940e-02
-4.57282813e-01 -1.86383440e-02 -7.07800148e-02
-4.53962839e-01 -1.87202490e-02 -7.53973278e-02
-4.50612313e-01 -1.87988868e-02 -7.99483009e-02
-4.47232798e-01 -1.88742451e-02 -8.44312710e-02
-4.43825847e-01 -1.89463124e-02 -8.88446436e-02
-4.40393005e-01 -1.90150785e-02 -9.31868933e-02
-4.36935806e-01 -1.90805335e-02 -9.74565630e-02
-4.33455777e-01 -1.91426684e-02 -1.01652263e-01
-4.29954428e-01 -1.92014741e-02 -1.05772673e-01
-4.26433263e-01 -1.92569421e-02 -1.09816538e-01
-4.22893769e-01 -1.93090638e-02 -1.13782671e-01
-4.19337421e-01 -1.93578312e-02 -1.17669951e-01
-4.15765679e-01 -1.94032365e-02 -1.21477322e-01
-4.12179985e-01 -1.94452724e-02 -1.25203795e-01
-4.08581767e-01 -1.94839327e-02 -1.28848446e-01
-4.04972434e-01 -1.95192118e-02 -1.32410416e-01
-4.01353375e-01 -1.95511058e-02 -1.35888912e-01
-3.97725959e-01 -1.95796123e-02 -1.39283206e-01
-3.94091533e-01 -1.96047308e-02 -1.42592634e-01
-3.90451423e-01 -1.96264632e-02 -1.45816599e-01
-3.86806928e-01 -1.96448136e-02 -1.48954566e-01
-3.83159325e-01 -1.96597891e-02 -1.52006068e-01
-3.79509865e-01 -1.96713997e-02 -1.54970702e-01
-3.75859773e-01 -1.96796585e-02 -1.57848129e-01
-3.72210244e-01 -1.96845815e-02 -1.60638077e-01
-3.68562447e-01 -1.96861882e-02 -1.63340336e-01
-3.64917525e-01 -1.96845013e-02 -1.65954761e-01
-3.61276587e-01 -1.96795464e-02 -1.68481272e-01
-3.57640718e-01 -1.96713522e-02 -1.70919849e-01
-3.54010969e-01 -1.96599503e-02 -1.73270538e-01
-3.50388365e-01 -1.96453746e-02 -1.75533444e-01
-3.46773899e-01 -1.96276616e-02 -1.77708734e-01
-3.43168536e-01 -1.96068496e-02 -1.79796636e-01
-3.39573210e-01 -1.95829790e-02 -1.81797435e-01
-3.35988828e-01 -1.95560914e-02 -1.83711475e-01
-3.32416265e-01 -1.95262297e-02 -1.85539155e-01
-3.28856368e-01 -1.94934376e-02 -1.87280932e-01
-3.25309955e-01 -1.94577596e-02 -1.88937314e-01
-3.21777817e-01 -1.94192405e-02 -1.90508866e-01
-3.18260715e-01 -1.93779253e-02 -1.91996199e-01
-3.14759382e-01 -1.93338591e-02 -1.93399979e-01
-3.11274523e-01 -1.92870869e-02 -1.94720916e-01
-3.07806816e-01 -1.92376537e-02 -1.95959771e-01
-3.04356912e-01 -1.91856039e-02 -1.97117347e-01
-3.00925433e-01 -1.91309820e-02 -1.98194494e-01
-2.97512976e-01 -1.90738320e-02 -1.99192102e-01
-2.94120110e-01 -1.90141981e-02 -2.00111103e-01
-2.90747378e-01 -1.89521240e-02 -2.00952469e-01
-2.87395296e-01 -1.88876536e-02 -2.01717207e-01
-2.84064353e-01 -1.88208310e-02 -2.02406363e-01
-2.80755013e-01 -1.87517002e-02 -2.03021015e-01
-2.77467716e-01 -1.86803059e-02 -2.03562275e-01
-2.74202871e-01 -1.86066929e-02 -2.04031285e-01
-2.70960868e-01 -1.85309070e-02 -2.04429218e-01
-2.67742067e-01 -1.84529943e-02 -2.04757271e-01
-2.64546805e-01 -1.83730019e-02 -2.05016670e-01
-2.61375394e-01 -1.82909775e-02 -2.05208664e-01
-2.58228124e-01 -1.82069699e-02 -2.05334524e-01
-2.55105257e-01 -1.81210287e-02 -2.05395542e-01
-2.52007035e-01 -1.80332044e-02 -2.05393027e-01
-2.48933677e-01 -1.79435485e-02 -2.05328306e-01
-2.45885378e-01 -1.78521133e-02 -2.05202724e-01
-2.42862312e-01 -1.77589519e-02 -2.05017635e-01
-2.39864632e-01 -1.76641182e-02 -2.04774407e-01
-2.36892469e-01 -1.75676667e-02 -2.04474420e-01
-2.33945936e-01 -1.74696526e-02 -2.04119061e-01
-2.31025125e-01 -1.73701314e-02 -2.03709724e-01
-2.28130110e-01 -1.72691591e-02 -2.03247809e-01
-2.25260946e-01 -1.71667920e-02 -2.02734721e-01
-2.22417672e-01 -1.70630865e-02 -2.02171866e-01
-2.19600308e-01 -1.69580989e-02 -2.01560655e-01
-2.16808860e-01 -1.68518857e-02 -2.00902495e-01
-2.14043318e-01 -1.67445030e-02 -2.00198794e-01
-2.11303656e-01 -1.66360070e-02 -1.99450958e-01
-2.08589835e-01 -1.65264532e-02 -1.98660389e-01
-2.05901802e-01 -1.64158969e-02 -1.97828485e-01
-2.03239491e-01 -1.63043930e-02 -1.96956638e-01
-2.00602823e-01 -1.61919960e-02 -1.96046232e-01
-1.97991707e-01 -1.60787595e-02 -1.95098647e-01
-1.95406042e-01 -1.59647369e-02 -1.94115252e-01
-1.92845715e-01 -1.58499808e-02 -1.93097406e-01
-1.90310601e-01 -1.57345433e-02 -1.92046460e-01
-1.87800568e-01 -1.56184758e-02 -1.90963752e-01
-1.85315471e-01 -1.55018290e-02 -1.89850611e-01
-1.82855159e-01 -1.53846532e-02 -1.88708352e-01
-1.80419470e-01 -1.52669976e-02 -1.87538275e-01
-1.78008233e-01 -1.51489112e-02 -1.86341671e-01
-1.75621270e-01 -1.50304421e-02 -1.85119811e-01
-1.73258395e-01 -1.49116375e-02 -1.83873956e-01
-1.70919414e-01 -1.47925444e-02 -1.82605347e-01
-1.68604127e-01 -1.46732086e-02 -1.81315213e-01
-1.66312325e-01 -1.45536755e-02 -1.80004763e-01
-1.64043795e-01 -1.44339896e-02 -1.78675190e-01
-1.61798317e-01 -1.43141946e-02 -1.77327669e-01
-1.59575665e-01 -1.41943336e-02 -1.75963357e-01
-1.57375608e-01 -1.40744486e-02 -1.74583390e-01
-1.55197910e-01 -1.39545811e-02 -1.73188888e-01
-1.53042331e-01 -1.38347714e-02 -1.71780947e-01
-1.50908626e-01 -1.37150592e-02 -1.70360645e-01
-1.48796548e-01 -1.35954831e-02 -1.68929039e-01
-1.46705845e-01 -1.34760808e-02 -1.67487164e-01
-1.44636265e-01 -1.33568891e-02 -1.66036032e-01
-1.42587551e-01 -1.32379440e-02 -1.64576634e-01
-1.40559446e-01 -1.31192802e-02 -1.63109937e-01
-1.38551691e-01 -1.30009316e-02 -1.61636887e-01
-1.36564028e-01 -1.28829311e-02 -1.60158404e-01
-1.34596195e-01 -1.27653107e-02 -1.58675385e-01
-1.32647933e-01 -1.26481014e-02 -1.57188703e-01
-1.30718983e-01 -1.25313332e-02 -1.55699208e-01
-1.28809088e-01 -1.24150353e-02 -1.54207721e-01
-1.26917988e-01 -1.22992359e-02 -1.52715044e-01
-1.25045431e-01 -1.21839623e-02 -1.51221950e-01
-1.23191160e-01 -1.20692410e-02 -1.49729189e-01
-1.21354927e-01 -1.19550979e-02 -1.48237485e-01
-1.19536480e-01 -1.18415578e-02 -1.46747538e-01
-1.17735576e-01 -1.17286451e-02 -1.45260024e-01
-1.15951969e-01 -1.16163833e-02 -1.43775592e-01
-1.14185420e-01 -1.15047953e-02 -1.42294871e-01
-1.12435692e-01 -1.13939035e-02 -1.40818460e-01
-1.10702551e-01 -1.12837297e-02 -1.39346941e-01
-1.08985767e-01 -1.11742952e-02 -1.37880867e-01
-1.07285111e-01 -1.10656207e-02 -1.36420771e-01
-1.05600361e-01 -1.09577267e-02 -1.34967162e-01
-1.03931296e-01 -1.08506329e-02 -1.33520529e-01
-1.02277698e-01 -1.07443589e-02 -1.32081338e-01
-1.00639354e-01 -1.06389237e-02 -1.30650034e-01
-9.90160524e-02 -1.05343461e-02 -1.29227041e-01
-9.74075863e-02 -1.04306442e-02 -1.27812763e-01
-9.58137509e-02 -1.03278362e-02 -1.26407587e-01
-9.42343446e-02 -1.02259394e-02 -1.25011877e-01
-9.26691688e-02 -1.01249709e-02 -1.23625981e-01
-9.11180277e-02 -1.00249474e-02 -1.22250229e-01
-8.95807285e-02 -9.92588511e-03 -1.20884932e-01
-8.80570806e-02 -9.82779972e-03 -1.19530387e-01
-8.65468968e-02 -9.73070642e-03 -1.18186872e-01
-8.50499919e-02 -9.63461985e-03 -1.16854649e-01
-8.35661837e-02 -9.53955408e-03 -1.15533966e-01
-8.20952925e-02 -9.44552254e-03 -1.14225054e-01
-8.06371414e-02 -9.35253799e-03 -1.12928130e-01
-7.91915558e-02 -9.26061251e-03 -1.11643397e-01
-7.77583641e-02 -9.16975744e-03 -1.10371042e-01
-7.63373973e-02 -9.07998336e-03 -1.09111240e-01
-7.49284890e-02 -8.99130006e-03 -1.07864152e-01
-7.35314761e-02 -8.90371649e-03 -1.06629924e-01
-7.21461979e-02 -8.81724076e-03 -1.05408692e-01
-7.07724969e-02 -8.73188014e-03 -1.04200575e-01
-6.94102188e-02 -8.64764101e-03 -1.03005682e-01
-6.80592122e-02 -8.56452886e-03 -1.01824110e-01
-6.67193291e-02 -8.48254832e-03 -1.00655942e-01
-6.53904248e-02 -8.40170314e-03 -9.95012494e-02
-6.40723579e-02 -8.32199619e-03 -9.83600916e-02
-6.27649906e-02 -8.24342951e-03 -9.72325165e-02
-6.14681884e-02 -8.16600431e-03 -9.61185607e-02
-6.01818205e-02 -8.08972099e-03 -9.50182490e-02
-5.89057598e-02 -8.01457919e-03 -9.39315957e-02
-5.76398826e-02 -7.94057783e-03 -9.28586040e-02
-5.63840689e-02 -7.86771513e-03 -9.17992667e-02
-5.51382024e-02 -7.79598868e-03 -9.07535663e-02
-5.39021704e-02 -7.72539546e-03 -8.97214757e-02
-5.26758637e-02 -7.65593189e-03 -8.87029580e-02
-5.14591766e-02 -7.58759393e-03 -8.76979672e-02
-5.02520069e-02 -7.52037704e-03 -8.67064485e-02
-4.90542558e-02 -7.45427633e-03 -8.57283387e-02
-4.78658276e-02 -7.38928653e-03 -8.47635668e-02
-4.66866300e-02 -7.32540209e-03 -8.38120538e-02
-4.55165736e-02 -7.26261720e-03 -8.28737142e-02
-4.43555720e-02 -7.20092583e-03 -8.19484553e-02
-4.32035413e-02 -7.14032181e-03 -8.10361787e-02
-4.20604007e-02 -7.08079884e-03 -8.01367800e-02
-4.09260716e-02 -7.02235051e-03 -7.92501498e-02
-3.98004776e-02 -6.96497037e-03 -7.83761737e-02
-3.86835449e-02 -6.90865194e-03 -7.75147333e-02
-3.75752013e-02 -6.85338873e-03 -7.66657062e-02
-3.64753769e-02 -6.79917428e-03 -7.58289668e-02
-3.53840032e-02 -6.74600215e-03 -7.50043864e-02
-3.43010135e-02 -6.69386599e-03 -7.41918339e-02
-3.32263425e-02 -6.64275946e-03 -7.33911762e-02
-3.21599263e-02 -6.59267634e-03 -7.26022782e-02
-3.11017021e-02 -6.54361046e-03 -7.18250037e-02
-3.00516084e-02 -6.49555573e-03 -7.10592153e-02
-2.90095846e-02 -6.44850616e-03 -7.03047748e-02
-2.79755711e-02 -6.40245582e-03 -6.95615437e-02
-2.69495090e-02 -6.35739888e-03 -6.88293831e-02
-2.59313405e-02 -6.31332954e-03 -6.81081542e-02
-2.49210081e-02 -6.27024211e-03 -6.73977182e-02
-2.39184555e-02 -6.22813093e-03 -6.66979368e-02
-2.29236267e-02 -6.18699038e-03 -6.60086718e-02
-2.19364663e-02 -6.14681489e-03 -6.53297859e-02
-2.09569198e-02 -6.10759892e-03 -6.46611423e-02
-1.99849330e-02 -6.06933694e-03 -6.40026046e-02
-1.90204524e-02 -6.03202342e-03 -6.33540373e-02
-1.80634251e-02 -5.99565282e-03 -6.27153056e-02
-1.71137988e-02 -5.96021960e-03 -6.20862753e-02
-1.61715218e-02 -5.92571818e-03 -6.14668130e-02
-1.52365429e-02 -5.89214291e-03 -6.08567856e-02
-1.43088116e-02 -5.85948813e-03 -6.02560608e-02
-1.33882781e-02 -5.82774807e-03 -5.96645068e-02
-1.24748932e-02 -5.79691692e-03 -5.90819923e-02
-1.15686084e-02 -5.76698873e-03 -5.85083863e-02
-1.06693756e-02 -5.73795750e-03 -5.79435583e-02
-9.77714790e-03 -5.70981708e-03 -5.73873778e-02
-8.89187861e-03 -5.68256121e-03 -5.68397149e-02
-8.01352194e-03 -5.65618349e-03 -5.63004397e-02
-7.14203276e-03 -5.63067737e-03 -5.57694225e-02
-6.27736659e-03 -5.60603617e-03 -5.52465337e-02
-5.41947964e-03 -5.58225303e-03 -5.47316439e-02
-4.56832878e-03 -5.55932091e-03 -5.42246238e-02
-3.72387150e-03 -5.53723263e-03 -5.37253442e-02
-2.88606591e-03 -5.51598079e-03 -5.32336761e-02
-2.05487071e-03 -5.49555785e-03 -5.27494906e-02
-1.23024519e-03 -5.47595604e-03 -5.22726591e-02
-4.12149128e-04 -5.45716744e-03 -5.18030533e-02
3.99457156e-04 -5.43918391e-03 -5.13405453e-02
1.20461289e-03 -5.42199717e-03 -5.08850074e-02
2.00335688e-03 -5.40559872e-03 -5.04363128e-02
2.79572752e-03 -5.38997991e-03 -4.99943351e-02
3.58176285e-03 -5.37513191e-03 -4.95589487e-02
4.36150060e-03 -5.36104573e-03 -4.91300289e-02
5.13497819e-03 -5.34771226e-03 -4.87074519e-02
5.90223281e-03 -5.33512222e-03 -4.82910952e-02
6.66330142e-03 -5.32326624e-03 -4.78808372e-02
7.41822079e-03 -5.31213483e-03 -4.74765581e-02
8.16702754e-03 -5.30171843e-03 -4.70781392e-02
8.90975814e-03 -5.29200738e-03 -4.66854637e-02
9.64644897e-03 -5.28299201e-03 -4.62984162e-02
1.03771363e-02 -5.27466260e-03 -4.59168835e-02
1.11018564e-02 -5.26700943e-03 -4.55407540e-02
1.18206453e-02 -5.26002280e-03 -4.51699185e-02
1.25335392e-02 -5.25369304e-03 -4.48042697e-02
1.32405742e-02 -5.24801054e-03 -4.44437026e-02
1.39417863e-02 -5.24296579e-03 -4.40881144e-02
1.46372115e-02 -5.23854936e-03 -4.37374047e-02
1.53268859e-02 -5.23475195e-03 -4.33914756e-02
1.60108454e-02 -5.23156442e-03 -4.30502313e-02
1.66891259e-02 -5.22897778e-03 -4.27135789e-02
1.73617634e-02 -5.22698323e-03 -4.23814276e-02
1.80287938e-02 -5.22557216e-03 -4.20536891e-02
1.86902529e-02 -5.22473619e-03 -4.17302779e-02
1.93461764e-02 -5.22446714e-03 -4.14111105e-02
1.99966001e-02 -5.22475708e-03 -4.10961059e-02
2.06415597e-02 -5.22559833e-03 -4.07851857e-02
2.12810907e-02 -5.22698344e-03 -4.04782736e-02
2.19152286e-02 -5.22890524e-03 -4.01752955e-02
2.25440088e-02 -5.23135678e-03 -3.98761796e-02
2.31674666e-02 -5.23433141e-03 -3.95808563e-02
2.37856372e-02 -5.23782268e-03 -3.92892578e-02
2.43985556e-02 -5.24182443e-03 -3.90013184e-02
2.50062568e-02 -5.24633072e-03 -3.87169744e-02
2.56087756e-02 -5.25133582e-03 -3.84361636e-02
2.62061467e-02 -5.25683424e-03 -3.81588257e-02
2.67984047e-02 -5.26282069e-03 -3.78849021e-02
2.73855840e-02 -5.26929006e-03 -3.76143355e-02
2.79677190e-02 -5.27623741e-03 -3.73470702e-02
2.85448437e-02 -5.28365796e-03 -3.70830517e-02
2.91169924e-02 -5.29154705e-03 -3.68222271e-02
2.96841988e-02 -5.29990014e-03 -3.65645444e-02
3.02464970e-02 -5.30871280e-03 -3.63099527e-02
3.08039205e-02 -5.31798065e-03 -3.60584025e-02
3.13565030e-02 -5.32769938e-03 -3.58098449e-02
3.19042780e-02 -5.33786471e-03 -3.55642322e-02
3.24472789e-02 -5.34847236e-03 -3.53215173e-02
3.29855390e-02 -5.35951807e-03 -3.50816542e-02
3.35190916e-02 -5.37099755e-03 -3.48445975e-02
3.40479698e-02 -5.38290646e-03 -3.46103025e-02
3.45722066e-02 -5.39524042e-03 -3.43787253e-02
3.50918350e-02 -5.40799499e-03 -3.41498226e-02
3.56068880e-02 -5.42116564e-03 -3.39235517e-02
3.61173983e-02 -5.43474776e-03 -3.36998705e-02
3.66233987e-02 -5.44873664e-03 -3.34787374e-02
3.71249218e-02 -5.46312748e-03 -3.32601116e-02
3.76220003e-02 -5.47791537e-03 -3.30439527e-02
3.81146666e-02 -5.49309530e-03 -3.28302208e-02
3.86029531e-02 -5.50866214e-03 -3.26188765e-02
3.90868921e-02 -5.52461070e-03 -3.24098810e-02
3.95665159e-02 -5.54093565e-03 -3.22031961e-02
4.00418566e-02 -5.55763158e-03 -3.19987841e-02
4.05129460e-02 -5.57469303e-03 -3.17966077e-02
4.09798162e-02 -5.59211444e-03 -3.15966301e-02
4.14424988e-02 -5.60989019e-03 -3.13988154e-02
4.19010254e-02 -5.62801463e-03 -3.12031278e-02
4.23554274e-02 -5.64648206e-03 -3.10095322e-02
4.28057361e-02 -5.66528677e-03 -3.08179943e-02
4.32519827e-02 -5.68442306e-03 -3.06284800e-02
4.36941981e-02 -5.70388520e-03 -3.04409559e-02
4.41324131e-02 -5.72366754e-03 -3.02553893e-02
4.45666581e-02 -5.74376444e-03 -3.00717479e-02
4.49969637e-02 -5.76417032e-03 -2.98900000e-02
4.54233599e-02 -5.78487968e-03 -2.97101147e-02
4.58458768e-02 -5.80588711e-03 -2.95320614e-02
4.62645441e-02 -5.82718729e-03 -2.93558104e-02
4.66793913e-02 -5.84877501e-03 -2.91813322e-02
4.70904479e-02 -5.87064521e-03 -2.90085982e-02
4.74977428e-02 -5.89279292e-03 -2.88375804e-02
4.79013051e-02 -5.91521334e-03 -2.86682512e-02
4.83011635e-02 -5.93790180e-03 -2.85005837e-02
4.86973463e-02 -5.96085379e-03 -2.83345517e-02
4.90898820e-02 -5.98406495e-03 -2.81701293e-02
4.94787986e-02 -6.00753109e-03 -2.80072913e-02
4.98641239e-02 -6.03124814e-03 -2.78460133e-02
5.02458857e-02 -6.05521223e-03 -2.76862710e-02
5.06241114e-02 -6.07941960e-03 -2.75280411e-02
5.09988285e-02 -6.10386666e-03 -2.73713003e-02
5.13700640e-02 -6.12854997e-03 -2.72160264e-02
5.17378448e-02 -6.15346619e-03 -2.70621973e-02
5.21021979e-02 -6.17861213e-03 -2.69097914e-02
5.24631499e-02 -6.20398471e-03 -2.67587879e-02
5.28207273e-02 -6.22958097e-03 -2.66091660e-02
5.31749564e-02 -6.25539801e-03 -2.64609057e-02
5.35258635e-02 -6.28143305e-03 -2.63139873e-02
5.38734746e-02 -6.30768337e-03 -2.61683915e-02
5.42178156e-02 -6.33414630e-03 -2.60240994e-02
5.45589125e-02 -6.36081924e-03 -2.58810925e-02
5.48967908e-02 -6.38769963e-03 -2.57393525e-02
5.52314762e-02 -6.41478491e-03 -2.55988618e-02
5.55629941e-02 -6.44207256e-03 -2.54596028e-02
5.58913697e-02 -6.46956007e-03 -2.53215583e-02
5.62166282e-02 -6.49724490e-03 -2.51847116e-02
5.65387946e-02 -6.52512454e-03 -2.50490461e-02
5.68578940e-02 -6.55319643e-03 -2.49145454e-02
5.71739509e-02 -6.58145799e-03 -2.47811938e-02
5.74869901e-02 -6.60990661e-03 -2.46489753e-02
5.77970361e-02 -6.63853966e-03 -2.45178746e-02
5.81041130e-02 -6.66735446e-03 -2.43878765e-02
5.84082451e-02 -6.69634827e-03 -2.42589660e-02
5.87094564e-02 -6.72551835e-03 -2.41311285e-02
5.90077707e-02 -6.75486187e-03 -2.40043495e-02
5.93032117e-02 -6.78437600e-03 -2.38786147e-02
5.95958027e-02 -6.81405784e-03 -2.37539102e-02
5.98855671e-02 -6.84390448e-03 -2.36302224e-02
6.01725280e-02 -6.87391295e-03 -2.35075376e-02
6.04567083e-02 -6.90408026e-03 -2.33858427e-02
6.07381305e-02 -6.93440342e-03 -2.32651248e-02
6.10168172e-02 -6.96487940e-03 -2.31453709e-02
6.12927907e-02 -6.99550516e-03 -2.30265688e-02
6.15660729e-02 -7.02627766e-03 -2.29087061e-02
6.18366856e-02 -7.05719389e-03 -2.27917709e-02
6.21046505e-02 -7.08825080e-03 -2.26757514e-02
6.23699890e-02 -7.11944542e-03 -2.25606363e-02
6.26327221e-02 -7.15077475e-03 -2.24464144e-02
6.28928709e-02 -7.18223588e-03 -2.23330747e-02
6.31504560e-02 -7.21382590e-03 -2.22206067e-02
6.34054978e-02 -7.24554198e-03 -2.21090000e-02
6.36580168e-02 -7.27738132e-03 -2.19982445e-02
6.39080329e-02 -7.30934121e-03 -2.18883304e-02
6.41555660e-02 -7.34141900e-03 -2.17792482e-02
6.44006357e-02 -7.37361211e-03 -2.16709887e-02
6.46432615e-02 -7.40591804e-03 -2.15635428e-02
6.48834627e-02 -7.43833439e-03 -2.14569018e-02
6.51212584e-02 -7.47085882e-03 -2.13510573e-02
6.53566674e-02 -7.50348910e-03 -2.12460010e-02
6.55897085e-02 -7.53622309e-03 -2.11417250e-02
6.58204002e-02 -7.56905873e-03 -2.10382216e-02
6.60487611e-02 -7.60199406e-03 -2.09354832e-02
6.62748092e-02 -7.63502721e-03 -2.08335027e-02
6.64985628e-02 -7.66815639e-03 -2.07322728e-02
6.67200398e-02 -7.70137992e-03 -2.06317868e-02
6.69392581e-02 -7.73469617e-03 -2.05320380e-02
6.71562354e-02 -7.76810363e-03 -2.04330198e-02
6.73709893e-02 -7.80160082e-03 -2.03347259e-02
6.75835373e-02 -7.83518637e-03 -2.02371501e-02
6.77938969e-02 -7.86885894e-03 -2.01402862e-02
6.80020854e-02 -7.90261728e-03 -2.00441284e-02
6.82081198e-02 -7.93646018e-03 -1.99486707e-02
6.84120174e-02 -7.97038645e-03 -1.98539074e-02
6.86137951e-02 -8.00439497e-03 -1.97598327e-02
6.88134698e-02 -8.03848464e-03 -1.96664409e-02
6.90110585e-02 -8.07265437e-03 -1.95737264e-02
6.92065777e-02 -8.10690311e-03 -1.94816837e-02
6.94000442e-02 -8.14122981e-03 -1.93903071e-02
6.95914746e-02 -8.17563339e-03 -1.92995910e-02
6.97808852e-02 -8.21011281e-03 -1.92095298e-02
6.99682925e-02 -8.24466700e-03 -1.91201179e-02
7.01537128e-02 -8.27929485e-03 -1.90313496e-02
7.03371622e-02 -8.31399526e-03 -1.89432192e-02
7.05186568e-02 -8.34876708e-03 -1.88557209e-02
7.06982126e-02 -8.38360912e-03 -1.87688489e-02
7.08758455e-02 -8.41852017e-03 -1.86825973e-02
7.10515713e-02 -8.45349896e-03 -1.85969602e-02
7.12254055e-02 -8.48854418e-03 -1.85119316e-02
7.13973637e-02 -8.52365449e-03 -1.84275054e-02
7.15674614e-02 -8.55882846e-03 -1.83436755e-02
7.17357137e-02 -8.59406465e-03 -1.82604355e-02
7.19021359e-02 -8.62936154e-03 -1.81777794e-02
7.20667431e-02 -8.66471758e-03 -1.80957007e-02
7.22295499e-02 -8.70013116e-03 -1.80141931e-02
7.23905714e-02 -8.73560063e-03 -1.79332503e-02
7.25498219e-02 -8.77112428e-03 -1.78528657e-02
7.27073160e-02 -8.80670037e-03 -1.77730329e-02
7.28630681e-02 -8.84232711e-03 -1.76937455e-02
7.30170923e-02 -8.87800270e-03 -1.76149970e-02
7.31694026e-02 -8.91372528e-03 -1.75367811e-02
7.33200129e-02 -8.94949298e-03 -1.74590913e-02
7.34689370e-02 -8.98530391e-03 -1.73819213e-02
7.36161885e-02 -9.02115616e-03 -1.73052649e-02
7.37617809e-02 -9.05704781e-03 -1.72291158e-02
7.39057273e-02 -9.09297695e-03 -1.71534679e-02
7.40480411e-02 -9.12894166e-03 -1.70783154e-02
7.41887352e-02 -9.16494002e-03 -1.70036522e-02
7.43278226e-02 -9.20097016e-03 -1.69294728e-02
7.44653161e-02 -9.23703020e-03 -1.68557715e-02
7.46012281e-02 -9.27311830e-03 -1.67825429e-02
7.47355714e-02 -9.30923266e-03 -1.67097818e-02
7.48683583e-02 -9.34537150e-03 -1.66374831e-02
7.49996010e-02 -9.38153309e-03 -1.65656420e-02
7.51293117e-02 -9.41771578e-03 -1.64942538e-02
7.52575026e-02 -9.45391792e-03 -1.64233141e-02
7.53841854e-02 -9.49013797e-03 -1.63528185e-02
7.55093722e-02 -9.52637443e-03 -1.62827631e-02
7.56330746e-02 -9.56262585e-03 -1.62131441e-02
7.57553043e-02 -9.59889087e-03 -1.61439577e-02
7.58760728e-02 -9.63516819e-03 -1.60752005e-02
7.59953918e-02 -9.67145659e-03 -1.60068694e-02
7.61132725e-02 -9.70775492e-03 -1.59389614e-02
7.62297264e-02 -9.74406211e-03 -1.58714735e-02
7.63447646e-02 -9.78037714e-03 -1.58044030e-02
7.64583983e-02 -9.81669908e-03 -1.57377476e-02
7.65706388e-02 -9.85302709e-03 -1.56715048e-02
7.66814969e-02 -9.88936036e-03 -1.56056724e-02
7.67909837e-02 -9.92569819e-03 -1.55402484e-02
7.68991102e-02 -9.96203993e-03 -1.54752306e-02
7.70058871e-02 -9.99838498e-03 -1.54106173e-02
7.71113253e-02 -1.00347328e-02 -1.53464066e-02
7.72154356e-02 -1.00710830e-02 -1.52825967e-02
7.73182285e-02 -1.01074350e-02 -1.52191859e-02
7.74197148e-02 -1.01437886e-02 -1.51561724e-02
7.75199050e-02 -1.01801433e-02 -1.50935546e-02
7.76188095e-02 -1.02164990e-02 -1.50313308e-02
7.77164389e-02 -1.02528553e-02 -1.49694991e-02
7.78128036e-02 -1.02892121e-02 -1.49080577e-02
7.79079138e-02 -1.03255690e-02 -1.48470048e-02
7.80017798e-02 -1.03619260e-02 -1.47863385e-02
7.80944118e-02 -1.03982829e-02 -1.47260566e-02
7.81858201e-02 -1.04346395e-02 -1.46661569e-02
7.82760146e-02 -1.04709956e-02 -1.46066374e-02
7.83650053e-02 -1.05073511e-02 -1.45474954e-02
7.84528023e-02 -1.05437058e-02 -1.44887285e-02
7.85394153e-02 -1.05800595e-02 -1.44303340e-02
7.86248542e-02 -1.06164121e-02 -1.43723092e-02
7.87091288e-02 -1.06527634e-02 -1.43146509e-02
7.87922486e-02 -1.06891130e-02 -1.42573561e-02
7.88742233e-02 -1.07254608e-02 -1.42004215e-02
7.89550623e-02 -1.07618065e-02 -1.41438438e-02
7.90347751e-02 -1.07981497e-02 -1.40876192e-02
7.91133711e-02 -1.08344901e-02 -1.40317441e-02
7.91908595e-02 -1.08708274e-02 -1.39762148e-02
7.92672495e-02 -1.09071611e-02 -1.39210271e-02
7.93425503e-02 -1.09434908e-02 -1.38661770e-02
7.94167707e-02 -1.09798161e-02 -1.38116603e-02
7.94899199e-02 -1.10161363e-02 -1.37574727e-02
7.95620067e-02 -1.10524509e-02 -1.37036099e-02
7.96330397e-02 -1.10887594e-02 -1.36500674e-02
7.97030278e-02 -1.11250612e-02 -1.35968406e-02
7.97719796e-02 -1.11613556e-02 -1.35439251e-02
7.98399035e-02 -1.11976419e-02 -1.34913164e-02
7.99068080e-02 -1.12339194e-02 -1.34390097e-02
7.99727015e-02 -1.12701874e-02 -1.33870006e-02
8.00375922e-02 -1.13064451e-02 -1.33352845e-02
8.01014884e-02 -1.13426918e-02 -1.32838570e-02
8.01643981e-02 -1.13789266e-02 -1.32327134e-02
8.02263295e-02 -1.14151489e-02 -1.31818496e-02
8.02872903e-02 -1.14513576e-02 -1.31312611e-02
8.03472887e-02 -1.14875521e-02 -1.30809438e-02
8.04063322e-02 -1.15237314e-02 -1.30308935e-02
8.04644287e-02 -1.15598948e-02 -1.29811064e-02
8.05215857e-02 -1.15960414e-02 -1.29315785e-02
8.05778110e-02 -1.16321704e-02 -1.28823061e-02
8.06331119e-02 -1.16682809e-02 -1.28332858e-02
8.06874959e-02 -1.17043722e-02 -1.27845141e-02
8.07409704e-02 -1.17404433e-02 -1.27359878e-02
8.07935427e-02 -1.17764936e-02 -1.26877039e-02
8.08452199e-02 -1.18125222e-02 -1.26396594e-02
8.08960093e-02 -1.18485284e-02 -1.25918518e-02
8.09459179e-02 -1.18845115e-02 -1.25442784e-02
8.09949528e-02 -1.19204706e-02 -1.24969370e-02
8.10431210e-02 -1.19564051e-02 -1.24498255e-02
8.10904294e-02 -1.19923144e-02 -1.24029418e-02
8.11368848e-02 -1.20281977e-02 -1.23562841e-02
8.11824940e-02 -1.20640545e-02 -1.23098508e-02
8.12272639e-02 -1.20998841e-02 -1.22636405e-02
8.12712010e-02 -1.21356860e-02 -1.22176519e-02
8.13143120e-02 -1.21714596e-02 -1.21718837e-02
8.13566036e-02 -1.22072043e-02 -1.21263350e-02
8.13980822e-02 -1.22429197e-02 -1.20810049e-02
8.14387544e-02 -1.22786052e-02 -1.20358926e-02
8.14786266e-02 -1.23142605e-02 -1.19909974e-02
8.15177052e-02 -1.23498849e-02 -1.19463188e-02
8.15559966e-02 -1.23854782e-02 -1.19018564e-02
8.15935070e-02 -1.24210400e-02 -1.18576097e-02
8.16302428e-02 -1.24565697e-02 -1.18135784e-02
8.16662101e-02 -1.24920670e-02 -1.17697622e-02
8.17014151e-02 -1.25275316e-02 -1.17261609e-02
8.17358640e-02 -1.25629631e-02 -1.16827742e-02
8.17695630e-02 -1.25983611e-02 -1.16396021e-02
8.18025179e-02 -1.26337253e-02 -1.15966442e-02
8.18347350e-02 -1.26690553e-02 -1.15539004e-02
8.18662201e-02 -1.27043508e-02 -1.15113706e-02
8.18969792e-02 -1.27396114e-02 -1.14690543e-02
8.19270182e-02 -1.27748368e-02 -1.14269515e-02
8.19563430e-02 -1.28100266e-02 -1.13850618e-02
8.19849595e-02 -1.28451804e-02 -1.13433848e-02
8.20128735e-02 -1.28802978e-02 -1.13019200e-02
8.20400907e-02 -1.29153785e-02 -1.12606672e-02
8.20666169e-02 -1.29504221e-02 -1.12196256e-02
8.20924577e-02 -1.29854281e-02 -1.11787946e-02
8.21176189e-02 -1.30203961e-02 -1.11381737e-02
8.21421062e-02 -1.30553256e-02 -1.10977619e-02
8.21659250e-02 -1.30902162e-02 -1.10575585e-02
8.21890811e-02 -1.31250674e-02 -1.10175626e-02
8.22115799e-02 -1.31598787e-02 -1.09777730e-02
8.22334270e-02 -1.31946496e-02 -1.09381888e-02
8.22546278e-02 -1.32293794e-02 -1.08988088e-02
8.22751879e-02 -1.32640677e-02 -1.08596316e-02
8.22951126e-02 -1.32987138e-02 -1.08206562e-02
8.23144074e-02 -1.33333172e-02 -1.07818809e-02
8.23330775e-02 -1.33678773e-02 -1.07433045e-02
8.23511285e-02 -1.34023933e-02 -1.07049255e-02
8.23685654e-02 -1.34368647e-02 -1.06667422e-02
8.23853937e-02 -1.34712908e-02 -1.06287532e-02
8.24016186e-02 -1.35056709e-02 -1.05909567e-02
8.24172453e-02 -1.35400043e-02 -1.05533512e-02
8.24322790e-02 -1.35742904e-02 -1.05159350e-02
8.24467248e-02 -1.36085283e-02 -1.04787064e-02
8.24605879e-02 -1.36427175e-02 -1.04416636e-02
8.24738733e-02 -1.36768572e-02 -1.04048050e-02
8.24865862e-02 -1.37109467e-02 -1.03681288e-02
8.24987316e-02 -1.37449853e-02 -1.03316335e-02
8.25103144e-02 -1.37789723e-02 -1.02953172e-02
8.25213397e-02 -1.38129070e-02 -1.02591784e-02
8.25318124e-02 -1.38467887e-02 -1.02232154e-02
8.25417373e-02 -1.38806168e-02 -1.01874267e-02
8.25511195e-02 -1.39143906e-02 -1.01518107e-02
8.25599636e-02 -1.39481095e-02 -1.01163658e-02
8.25682746e-02 -1.39817728e-02 -1.00810908e-02
8.25760572e-02 -1.40153801e-02 -1.00459841e-02
8.25833161e-02 -1.40489307e-02 -1.00110443e-02
8.25900561e-02 -1.40824241e-02 -9.97627037e-03
8.25962818e-02 -1.41158599e-02 -9.94166089e-03
8.26019979e-02 -1.41492375e-02 -9.90721475e-03
8.26072090e-02 -1.41825565e-02 -9.87293084e-03
8.26119196e-02 -1.42158166e-02 -9.83880811e-03
8.26161343e-02 -1.42490173e-02 -9.80484559e-03
8.26198576e-02 -1.42821585e-02 -9.77104234e-03
8.26230939e-02 -1.43152398e-02 -9.73739751e-03
8.26258476e-02 -1.43482610e-02 -9.70391027e-03
8.26281231e-02 -1.43812220e-02 -9.67057985e-03
8.26299248e-02 -1.44141225e-02 -9.63740555e-03
8.26312570e-02 -1.44469626e-02 -9.60438669e-03
8.26321240e-02 -1.44797422e-02 -9.57152263e-03
8.26325299e-02 -1.45124613e-02 -9.53881278e-03
8.26324789e-02 -1.45451199e-02 -9.50625655e-03
8.26319752e-02 -1.45777182e-02 -9.47385340e-03
8.26310230e-02 -1.46102563e-02 -9.44160279e-03
8.26296262e-02 -1.46427344e-02 -9.40950421e-03
8.26277889e-02 -1.46751527e-02 -9.37755713e-03
8.26255152e-02 -1.47075115e-02 -9.34576105e-03
8.26228088e-02 -1.47398112e-02 -9.31411542e-03
8.26196738e-02 -1.47720519e-02 -9.28261972e-03
8.26161140e-02 -1.48042343e-02 -9.25127340e-03
8.26121333e-02 -1.48363586e-02 -9.22007585e-03
8.26077354e-02 -1.48684253e-02 -9.18902649e-03
8.26029240e-02 -1.49004349e-02 -9.15812465e-03
8.25977030e-02 -1.49323878e-02 -9.12736965e-03
8.25920759e-02 -1.49642847e-02 -9.09676074e-03
8.25860464e-02 -1.49961261e-02 -9.06629716e-03
8.25796181e-02 -1.50279125e-02 -9.03597805e-03
8.25727946e-02 -1.50596445e-02 -9.00580252e-03
8.25655793e-02 -1.50913226e-02 -8.97576962e-03
8.25579758e-02 -1.51229476e-02 -8.94587831e-03
8.25499875e-02 -1.51545198e-02 -8.91612751e-03
8.25416177e-02 -1.51860401e-02 -8.88651607e-03
8.25328700e-02 -1.52175088e-02 -8.85704278e-03
8.25237476e-02 -1.52489267e-02 -8.82770633e-03
8.25142538e-02 -1.52802942e-02 -8.79850538e-03
8.25043919e-02 -1.53116120e-02 -8.76943850e-03
8.24941651e-02 -1.53428805e-02 -8.74050421e-03
8.24835767e-02 -1.53741002e-02 -8.71170095e-03
8.24726298e-02 -1.54052717e-02 -8.68302713e-03
8.24613275e-02 -1.54363954e-02 -8.65448107e-03
8.24496730e-02 -1.54674717e-02 -8.62606106e-03
8.24376693e-02 -1.54985010e-02 -8.59776532e-03
8.24253196e-02 -1.55294837e-02 -8.56959206e-03
8.24126267e-02 -1.55604201e-02 -8.54153943e-03
8.23995937e-02 -1.55913103e-02 -8.51360555e-03
8.23862235e-02 -1.56221548e-02 -8.48578851e-03
8.23725191e-02 -1.56529535e-02 -8.45808640e-03
8.23584834e-02 -1.56837068e-02 -8.43049727e-03
8.23441192e-02 -1.57144146e-02 -8.40301920e-03
8.23294294e-02 -1.57450770e-02 -8.37565026e-03
8.23144168e-02 -1.57756939e-02 -8.34838851e-03
8.22990842e-02 -1.58062653e-02 -8.32123206e-03
8.22834343e-02 -1.58367911e-02 -8.29417903e-03
8.22674700e-02 -1.58672711e-02 -8.26722759e-03
8.22511938e-02 -1.58977050e-02 -8.24037594e-03
8.22346085e-02 -1.59280925e-02 -8.21362236e-03
8.22177167e-02 -1.59584334e-02 -8.18696515e-03
8.22005210e-02 -1.59887272e-02 -8.16040272e-03
8.21830242e-02 -1.60189734e-02 -8.13393354e-03
8.21652286e-02 -1.60491716e-02 -8.10755617e-03
8.21471370e-02 -1.60793212e-02 -8.08126926e-03
8.21287517e-02 -1.61094217e-02 -8.05507158e-03
8.21100754e-02 -1.61394723e-02 -8.02896198e-03
8.20911105e-02 -1.61694725e-02 -8.00293945e-03
8.20718594e-02 -1.61994214e-02 -7.97700310e-03
8.20523246e-02 -1.62293183e-02 -7.95115216e-03
8.20325084e-02 -1.62591625e-02 -7.92538602e-03
8.20124133e-02 -1.62889530e-02 -7.89970417e-03
8.19920415e-02 -1.63186890e-02 -7.87410628e-03
8.19713955e-02 -1.63483696e-02 -7.84859217e-03
8.19504775e-02 -1.63779938e-02 -7.82316179e-03
8.19292898e-02 -1.64075609e-02 -7.79781527e-03
8.19078346e-02 -1.64370696e-02 -7.77255290e-03
8.18861142e-02 -1.64665192e-02 -7.74737511e-03
8.18641308e-02 -1.64959086e-02 -7.72228253e-03
8.18418865e-02 -1.65252368e-02 -7.69727592e-03
8.18193836e-02 -1.65545028e-02 -7.67235623e-03
8.17966241e-02 -1.65837056e-02 -7.64752458e-03
8.17736102e-02 -1.66128441e-02 -7.62278224e-03
8.17503440e-02 -1.66419175e-02 -7.59813065e-03
8.17268274e-02 -1.66709246e-02 -7.57357143e-03
8.17030627e-02 -1.66998646e-02 -7.54910632e-03
8.16790518e-02 -1.67287364e-02 -7.52473727e-03
8.16547967e-02 -1.67575391e-02 -7.50046636e-03
8.16302994e-02 -1.67862717e-02 -7.47629581e-03
8.16055618e-02 -1.68149335e-02 -7.45222802e-03
8.15805860e-02 -1.68435234e-02 -7.42826549e-03
8.15553737e-02 -1.68720408e-02 -7.40441091e-03
8.15299271e-02 -1.69004846e-02 -7.38066706e-03
8.15042478e-02 -1.69288542e-02 -7.35703687e-03
8.14783379e-02 -1.69571489e-02 -7.33352339e-03
8.14521991e-02 -1.69853679e-02 -7.31012978e-03
8.14258334e-02 -1.70135105e-02 -7.28685931e-03
8.13992424e-02 -1.70415762e-02 -7.26371535e-03
8.13724281e-02 -1.70695644e-02 -7.24070138e-03
8.13453923e-02 -1.70974745e-02 -7.21782095e-03
8.13181366e-02 -1.71253061e-02 -7.19507770e-03
8.12906629e-02 -1.71530587e-02 -7.17247535e-03
8.12629729e-02 -1.71807319e-02 -7.15001769e-03
8.12350685e-02 -1.72083254e-02 -7.12770855e-03
8.12069512e-02 -1.72358389e-02 -7.10555183e-03
8.11786228e-02 -1.72632722e-02 -7.08355148e-03
8.11500851e-02 -1.72906250e-02 -7.06171149e-03
8.11213397e-02 -1.73178973e-02 -7.04003587e-03
8.10923883e-02 -1.73450888e-02 -7.01852866e-03
8.10632326e-02 -1.73721996e-02 -6.99719393e-03
8.10338743e-02 -1.73992296e-02 -6.97603576e-03
8.10043151e-02 -1.74261789e-02 -6.95505824e-03
8.09745565e-02 -1.74530475e-02 -6.93426546e-03
8.09446004e-02 -1.74798356e-02 -6.91366150e-03
8.09144482e-02 -1.75065432e-02 -6.89325045e-03
8.08841017e-02 -1.75331707e-02 -6.87303638e-03
8.08535625e-02 -1.75597182e-02 -6.85302335e-03
8.08228322e-02 -1.75861860e-02 -6.83321538e-03
8.07919125e-02 -1.76125743e-02 -6.81361651e-03
8.07608050e-02 -1.76388835e-02 -6.79423070e-03
8.07295114e-02 -1.76651139e-02 -6.77506193e-03
8.06980332e-02 -1.76912659e-02 -6.75611412e-03
8.06663721e-02 -1.77173399e-02 -6.73739117e-03
8.06345297e-02 -1.77433363e-02 -6.71889694e-03
8.06025076e-02 -1.77692555e-02 -6.70063527e-03
8.05703075e-02 -1.77950980e-02 -6.68260995e-03
8.05379310e-02 -1.78208641e-02 -6.66482474e-03
8.05053797e-02 -1.78465543e-02 -6.64728337e-03
8.04726553e-02 -1.78721692e-02 -6.62998953e-03
8.04397593e-02 -1.78977091e-02 -6.61294688e-03
8.04066934e-02 -1.79231745e-02 -6.59615906e-03
8.03734593e-02 -1.79485660e-02 -6.57962967e-03
8.03400585e-02 -1.79738838e-02 -6.56336227e-03
8.03064927e-02 -1.79991285e-02 -6.54736042e-03
8.02727635e-02 -1.80243005e-02 -6.53162765e-03
8.02388726e-02 -1.80494002e-02 -6.51616746e-03
8.02048216e-02 -1.80744281e-02 -6.50098336e-03
8.01706121e-02 -1.80993845e-02 -6.48607881e-03
8.01362458e-02 -1.81242698e-02 -6.47145730e-03
8.01017244e-02 -1.81490843e-02 -6.45712229e-03
8.00670494e-02 -1.81738285e-02 -6.44307726e-03
8.00322226e-02 -1.81985025e-02 -6.42932567e-03
7.99972455e-02 -1.82231067e-02 -6.41587100e-03
7.99621199e-02 -1.82476413e-02 -6.40271674e-03
7.99268473e-02 -1.82721066e-02 -6.38986641e-03
7.98914295e-02 -1.82965028e-02 -6.37732352e-03
7.98558680e-02 -1.83208300e-02 -6.36509162e-03
7.98201646e-02 -1.83450885e-02 -6.35317431e-03
7.97843208e-02 -1.83692782e-02 -6.34157519e-03
7.97483384e-02 -1.83933994e-02 -6.33029790e-03
7.97122190e-02 -1.84174521e-02 -6.31934614e-03
7.96759642e-02 -1.84414363e-02 -6.30872364e-03
7.96395757e-02 -1.84653521e-02 -6.29843417e-03
7.96030551e-02 -1.84891994e-02 -6.28848157e-03
7.95664041e-02 -1.85129781e-02 -6.27886971e-03
7.95296244e-02 -1.85366883e-02 -6.26960253e-03
7.94927175e-02 -1.85603298e-02 -6.26068403e-03
7.94556851e-02 -1.85839025e-02 -6.25211826e-03
7.94185289e-02 -1.86074064e-02 -6.24390933e-03
7.93812504e-02 -1.86308411e-02 -6.23606141e-03
7.93438513e-02 -1.86542066e-02 -6.22857875e-03
7.93063333e-02 -1.86775027e-02 -6.22146565e-03
7.92686979e-02 -1.87007292e-02 -6.21472647e-03
7.92309468e-02 -1.87238859e-02 -6.20836563e-03
7.91930816e-02 -1.87469725e-02 -6.20238764e-03
7.91551038e-02 -1.87699889e-02 -6.19679704e-03
7.91170151e-02 -1.87929348e-02 -6.19159842e-03
7.90788171e-02 -1.88158100e-02 -6.18679647e-03
7.90405114e-02 -1.88386142e-02 -6.18239590e-03
7.90020995e-02 -1.88613474e-02 -6.17840146e-03
7.89635830e-02 -1.88840092e-02 -6.17481798e-03
7.89249635e-02 -1.89065994e-02 -6.17165031e-03
7.88862425e-02 -1.89291179e-02 -6.16890335e-03
7.88474216e-02 -1.89515645e-02 -6.16658200e-03
7.88085024e-02 -1.89739390e-02 -6.16469122e-03
7.87694863e-02 -1.89962414e-02 -6.16323598e-03
7.87303750e-02 -1.90184715e-02 -6.16222126e-03
7.86911699e-02 -1.90406293e-02 -6.16165205e-03
7.86518725e-02 -1.90627147e-02 -6.16153331e-03
7.86124843e-02 -1.90847277e-02 -6.16187004e-03
7.85730069e-02 -1.91066684e-02 -6.16266717e-03
7.85334417e-02 -1.91285369e-02 -6.16392963e-03
7.84937902e-02 -1.91503332e-02 -6.16566230e-03
7.84540539e-02 -1.91720576e-02 -6.16787003e-03
7.84142342e-02 -1.91937102e-02 -6.17055758e-03
7.83743325e-02 -1.92152914e-02 -6.17372967e-03
7.83343503e-02 -1.92368014e-02 -6.17739093e-03
7.82942891e-02 -1.92582407e-02 -6.18154588e-03
7.82541502e-02 -1.92796098e-02 -6.18619896e-03
7.82139350e-02 -1.93009090e-02 -6.19135449e-03
7.81736449e-02 -1.93221391e-02 -6.19701664e-03
7.81332814e-02 -1.93433007e-02 -6.20318947e-03
7.80928457e-02 -1.93643944e-02 -6.20987686e-03
7.80523392e-02 -1.93854211e-02 -6.21708254e-03
7.80117633e-02 -1.94063816e-02 -6.22481004e-03
