-1.14117057e-06 1.56037796e-06 3.13285206e-06
-8.56022682e-06 1.01593396e-05 2.04849168e-05
-2.70926700e-05 3.02974033e-05 6.13452308e-05
-6.02660095e-05 6.49738678e-05 1.32070669e-04
-1.10540261e-04 1.16022837e-04 2.36691835e-04
-1.79512062e-04 1.84385515e-04 3.77416229e-04
-2.68087256e-04 2.70329929e-04 5.55043591e-04
-3.76626196e-04 3.73627368e-04 7.69306570e-04
-5.05065516e-04 4.93693245e-04 1.01914827e-03
-6.53019653e-04 6.29698799e-04 1.30294670e-03
-8.19864989e-04 7.80658944e-04 1.61869483e-03
-1.00480914e-03 9.45500666e-04 1.96414370e-03
-1.20694760e-03 1.12311563e-03 2.33691487e-03
-1.42530957e-03 1.31240000e-03 2.73458780e-03
-1.65889484e-03 1.51228392e-03 3.15476650e-03
-1.90670286e-03 1.72175280e-03 3.59512948e-03
-2.16775552e-03 1.93986197e-03 4.05346609e-03
-2.44111452e-03 2.16574619e-03 4.52770204e-03
-2.72589438e-03 2.39862506e-03 5.01591620e-03
-3.02127176e-03 2.63780528e-03 5.51635054e-03
-3.32649178e-03 2.88268054e-03 6.02741486e-03
-3.64087197e-03 3.13272963e-03 6.54768726e-03
-3.96380426e-03 3.38751318e-03 7.07591162e-03
-4.29475540e-03 3.64666955e-03 7.61099271e-03
-4.63326620e-03 3.90991007e-03 8.15198966e-03
-4.97894980e-03 4.17701395e-03 8.69810829e-03
-5.33148925e-03 4.44782298e-03 9.24869269e-03
-5.69063462e-03 4.72223625e-03 9.80321634e-03
-6.05619961e-03 5.00020492e-03 1.03612732e-02
-6.42805808e-03 5.28172716e-03 1.09225685e-02
-6.80614032e-03 5.56684332e-03 1.14869103e-02
-7.19042931e-03 5.85563141e-03 1.20542002e-02
-7.58095698e-03 6.14820276e-03 1.26244259e-02
-7.97780053e-03 6.44469813e-03 1.31976527e-02
-8.38107878e-03 6.74528399e-03 1.37740163e-02
-8.79094872e-03 7.05014920e-03 1.43537157e-02
-9.20760213e-03 7.35950196e-03 1.49370067e-02
-9.63126237e-03 7.67356704e-03 1.55241954e-02
-1.00621813e-02 7.99258328e-03 1.61156330e-02
-1.05006366e-02 8.31680135e-03 1.67117098e-02
-1.09469285e-02 8.64648176e-03 1.73128509e-02
-1.14013781e-02 8.98189306e-03 1.79195110e-02
-1.18643240e-02 9.32331030e-03 1.85321707e-02
-1.23361207e-02 9.67101358e-03 1.91513324e-02
-1.28171364e-02 1.00252869e-02 1.97775164e-02
-1.33077509e-02 1.03864169e-02 2.04112580e-02
-1.38083537e-02 1.07546922e-02 2.10531046e-02
-1.43193426e-02 1.11304023e-02 2.17036121e-02
-1.48411222e-02 1.15138370e-02 2.23633433e-02
-1.53741019e-02 1.19052858e-02 2.30328647e-02
-1.59186952e-02 1.23050371e-02 2.37127449e-02
-1.64753182e-02 1.27133780e-02 2.44035522e-02
-1.70443884e-02 1.31305938e-02 2.51058529e-02
-1.76263238e-02 1.35569675e-02 2.58202098e-02
-1.82215418e-02 1.39927795e-02 2.65471799e-02
-1.88304586e-02 1.44383076e-02 2.72873140e-02
-1.94534880e-02 1.48938261e-02 2.80411541e-02
-2.00910411e-02 1.53596062e-02 2.88092332e-02
-2.07435251e-02 1.58359153e-02 2.95920735e-02
-2.14113432e-02 1.63230170e-02 3.03901854e-02
-2.20948938e-02 1.68211709e-02 3.12040665e-02
-2.27945698e-02 1.73306322e-02 3.20342008e-02
-2.35107583e-02 1.78516519e-02 3.28810573e-02
-2.42438403e-02 1.83844759e-02 3.37450896e-02
-2.49941901e-02 1.89293457e-02 3.46267350e-02
-2.57621749e-02 1.94864974e-02 3.55264136e-02
-2.65481544e-02 2.00561619e-02 3.64445275e-02
-2.73524807e-02 2.06385647e-02 3.73814604e-02
-2.81754979e-02 2.12339255e-02 3.83375766e-02
-2.90175419e-02 2.18424580e-02 3.93132206e-02
-2.98789396e-02 2.24643701e-02 4.03087166e-02
-3.07600095e-02 2.30998630e-02 4.13243675e-02
-3.16610609e-02 2.37491314e-02 4.23604549e-02
-3.25823936e-02 2.44123632e-02 4.34172383e-02
-3.35242981e-02 2.50897393e-02 4.44949547e-02
-3.44870550e-02 2.57814332e-02 4.55938179e-02
-3.54709350e-02 2.64876108e-02 4.67140185e-02
-3.64761985e-02 2.72084304e-02 4.78557233e-02
-3.75030957e-02 2.79440422e-02 4.90190748e-02
-3.85518659e-02 2.86945879e-02 5.02041909e-02
-3.96227379e-02 2.94602009e-02 5.14111647e-02
-4.07159293e-02 3.02410057e-02 5.26400641e-02
-4.18316464e-02 3.10371178e-02 5.38909313e-02
-4.29700841e-02 3.18486434e-02 5.51637830e-02
-4.41314257e-02 3.26756791e-02 5.64586096e-02
-4.53158425e-02 3.35183117e-02 5.77753755e-02
-4.65234937e-02 3.43766181e-02 5.91140183e-02
-4.77545261e-02 3.52506649e-02 6.04744491e-02
-4.90090739e-02 3.61405079e-02 6.18565524e-02
-5.02872587e-02 3.70461925e-02 6.32601852e-02
-5.15891886e-02 3.79677530e-02 6.46851778e-02
-5.29149587e-02 3.89052125e-02 6.61313331e-02
-5.42646505e-02 3.98585825e-02 6.75984266e-02
-5.56383315e-02 4.08278631e-02 6.90862065e-02
-5.70360552e-02 4.18130424e-02 7.05943934e-02
-5.84578607e-02 4.28140964e-02 7.21226805e-02
-5.99037727e-02 4.38309890e-02 7.36707335e-02
-6.13738007e-02 4.48636714e-02 7.52381903e-02
-6.28679392e-02 4.59120824e-02 7.68246615e-02
-6.43861674e-02 4.69761479e-02 7.84297300e-02
-6.59284486e-02 4.80557806e-02 8.00529514e-02
-6.74947302e-02 4.91508803e-02 8.16938538e-02
-6.90849435e-02 5.02613334e-02 8.33519378e-02
-7.06990031e-02 5.13870129e-02 8.50266770e-02
-7.23368070e-02 5.25277779e-02 8.67175177e-02
-7.39982362e-02 5.36834743e-02 8.84238792e-02
-7.56831543e-02 5.48539335e-02 9.01451538e-02
-7.73914075e-02 5.60389736e-02 9.18807074e-02
-7.91228241e-02 5.72383981e-02 9.36298789e-02
-8.08772146e-02 5.84519965e-02 9.53919811e-02
-8.26543711e-02 5.96795443e-02 9.71663005e-02
-8.44540672e-02 6.09208023e-02 9.89520977e-02
-8.62760580e-02 6.21755172e-02 1.00748608e-01
-8.81200795e-02 6.34434211e-02 1.02555040e-01
-8.99858489e-02 6.47242316e-02 1.04370578e-01
-9.18730639e-02 6.60176521e-02 1.06194382e-01
-9.37814030e-02 6.73233710e-02 1.08025587e-01
-9.57105249e-02 6.86410627e-02 1.09863302e-01
-9.76600686e-02 6.99703865e-02 1.11706615e-01
-9.96296535e-02 7.13109878e-02 1.13554589e-01
-1.01618879e-01 7.26624969e-02 1.15406262e-01
-1.03627324e-01 7.40245303e-02 1.17260653e-01
-1.05654547e-01 7.53966895e-02 1.19116756e-01
-1.07700089e-01 7.67785622e-02 1.20973545e-01
-1.09763466e-01 7.81697215e-02 1.22829969e-01
-1.11844178e-01 7.95697267e-02 1.24684961e-01
-1.13941703e-01 8.09781226e-02 1.26537429e-01
-1.16055499e-01 8.23944407e-02 1.28386265e-01
-1.18185003e-01 8.38181981e-02 1.30230339e-01
-1.20329633e-01 8.52488988e-02 1.32068503e-01
-1.22488786e-01 8.66860331e-02 1.33899592e-01
-1.24661840e-01 8.81290780e-02 1.35722422e-01
-1.26848152e-01 8.95774975e-02 1.37535792e-01
-1.29047061e-01 9.10307428e-02 1.39338487e-01
-1.31257885e-01 9.24882522e-02 1.41129275e-01
-1.33479922e-01 9.39494519e-02 1.42906909e-01
-1.35712453e-01 9.54137558e-02 1.44670129e-01
-1.37954739e-01 9.68805659e-02 1.46417662e-01
-1.40206022e-01 9.83492726e-02 1.48148220e-01
-1.42465526e-01 9.98192551e-02 1.49860508e-01
-1.44732458e-01 1.01289882e-01 1.51553217e-01
-1.47006006e-01 1.02760510e-01 1.53225030e-01
-1.49285340e-01 1.04230486e-01 1.54874620e-01
-1.51569616e-01 1.05699149e-01 1.56500652e-01
-1.53857970e-01 1.07165826e-01 1.58101786e-01
-1.56149524e-01 1.08629835e-01 1.59676675e-01
-1.58443385e-01 1.10090486e-01 1.61223967e-01
-1.60738642e-01 1.11547081e-01 1.62742305e-01
-1.63034372e-01 1.12998913e-01 1.64230333e-01
-1.65329637e-01 1.14445269e-01 1.65686689e-01
-1.67623486e-01 1.15885427e-01 1.67110014e-01
-1.69914953e-01 1.17318661e-01 1.68498947e-01
-1.72203062e-01 1.18744237e-01 1.69852130e-01
-1.74486823e-01 1.20161417e-01 1.71168208e-01
-1.76765238e-01 1.21569456e-01 1.72445831e-01
-1.79037294e-01 1.22967607e-01 1.73683653e-01
-1.81301973e-01 1.24355118e-01 1.74880334e-01
-1.83558244e-01 1.25731232e-01 1.76034545e-01
-1.85805070e-01 1.27095193e-01 1.77144963e-01
-1.88041404e-01 1.28446239e-01 1.78210277e-01
-1.90266196e-01 1.29783609e-01 1.79229188e-01
-1.92478385e-01 1.31106540e-01 1.80200409e-01
-1.94676908e-01 1.32414269e-01 1.81122667e-01
-1.96860697e-01 1.33706033e-01 1.81994708e-01
-1.99028678e-01 1.34981069e-01 1.82815290e-01
-2.01179776e-01 1.36238618e-01 1.83583194e-01
-2.03312915e-01 1.37477920e-01 1.84297218e-01
-2.05427015e-01 1.38698220e-01 1.84956181e-01
-2.07520997e-01 1.39898766e-01 1.85558927e-01
-2.09593782e-01 1.41078810e-01 1.86104321e-01
-2.11644293e-01 1.42237609e-01 1.86591253e-01
-2.13671456e-01 1.43374424e-01 1.87018642e-01
-2.15674198e-01 1.44488524e-01 1.87385431e-01
-2.17651451e-01 1.45579185e-01 1.87690596e-01
-2.19602152e-01 1.46645688e-01 1.87933141e-01
-2.21525245e-01 1.47687325e-01 1.88112101e-01
-2.23419678e-01 1.48703394e-01 1.88226545e-01
-2.25284410e-01 1.49693206e-01 1.88275576e-01
-2.27118407e-01 1.50656078e-01 1.88258333e-01
-2.28920643e-01 1.51591342e-01 1.88173989e-01
-2.30690106e-01 1.52498338e-01 1.88021758e-01
-2.32425791e-01 1.53376420e-01 1.87800891e-01
-2.34126710e-01 1.54224954e-01 1.87510678e-01
-2.35791884e-01 1.55043320e-01 1.87150453e-01
-2.37420351e-01 1.55830911e-01 1.86719589e-01
-2.39011162e-01 1.56587137e-01 1.86217505e-01
-2.40563386e-01 1.57311421e-01 1.85643663e-01
-2.42076105e-01 1.58003202e-01 1.84997568e-01
-2.43548423e-01 1.58661937e-01 1.84278776e-01
-2.44979460e-01 1.59287099e-01 1.83486885e-01
-2.46368356e-01 1.59878179e-01 1.82621543e-01
-2.47714270e-01 1.60434685e-01 1.81682448e-01
-2.49016383e-01 1.60956147e-01 1.80669344e-01
-2.50273898e-01 1.61442111e-01 1.79582028e-01
-2.51486040e-01 1.61892144e-01 1.78420347e-01
-2.52652056e-01 1.62305833e-01 1.77184198e-01
-2.53771221e-01 1.62682787e-01 1.75873531e-01
-2.54842829e-01 1.63022634e-01 1.74488349e-01
-2.55866205e-01 1.63325026e-01 1.73028705e-01
-2.56840697e-01 1.63589636e-01 1.71494710e-01
-2.57765680e-01 1.63816158e-01 1.69886523e-01
-2.58640557e-01 1.64004313e-01 1.68204362e-01
-2.59464759e-01 1.64153840e-01 1.66448496e-01
-2.60237746e-01 1.64264507e-01 1.64619249e-01
-2.60959008e-01 1.64336100e-01 1.62716999e-01
-2.61628061e-01 1.64368435e-01 1.60742179e-01
-2.62244456e-01 1.64361348e-01 1.58695277e-01
-2.62807772e-01 1.64314703e-01 1.56576833e-01
-2.63317619e-01 1.64228386e-01 1.54387445e-01
-2.63773641e-01 1.64102309e-01 1.52127761e-01
-2.64175512e-01 1.63936411e-01 1.49798486e-01
-2.64522938e-01 1.63730655e-01 1.47400377e-01
-2.64815659e-01 1.63485029e-01 1.44934244e-01
-2.65053447e-01 1.63199547e-01 1.42400950e-01
-2.65236109e-01 1.62874249e-01 1.39801410e-01
-2.65363484e-01 1.62509201e-01 1.37136592e-01
-2.65435444e-01 1.62104494e-01 1.34407513e-01
-2.65451897e-01 1.61660245e-01 1.31615242e-01
-2.65412783e-01 1.61176597e-01 1.28760897e-01
-2.65318078e-01 1.60653718e-01 1.25845644e-01
-2.65167790e-01 1.60091802e-01 1.22870700e-01
-2.64961963e-01 1.59491067e-01 1.19837326e-01
-2.64700675e-01 1.58851759e-01 1.16746830e-01
-2.64384037e-01 1.58174147e-01 1.13600567e-01
-2.64012195e-01 1.57458524e-01 1.10399934e-01
-2.63585329e-01 1.56705210e-01 1.07146372e-01
-2.63103653e-01 1.55914547e-01 1.03841364e-01
-2.62567414e-01 1.55086904e-01 1.00486434e-01
-2.61976892e-01 1.54222671e-01 9.70831438e-02
-2.61332403e-01 1.53322263e-01 9.36330957e-02
-2.60634292e-01 1.52386116e-01 9.01379273e-02
-2.59882940e-01 1.51414692e-01 8.65993121e-02
-2.59078759e-01 1.50408473e-01 8.30189575e-02
-2.58222193e-01 1.49367964e-01 7.93986035e-02
-2.57313716e-01 1.48293690e-01 7.57400213e-02
-2.56353837e-01 1.47186197e-01 7.20450114e-02
-2.55343091e-01 1.46046055e-01 6.83154022e-02
-2.54282047e-01 1.44873849e-01 6.45530488e-02
-2.53171300e-01 1.43670186e-01 6.07598307e-02
-2.52011479e-01 1.42435692e-01 5.69376505e-02
-2.50803236e-01 1.41171011e-01 5.30884322e-02
-2.49547254e-01 1.39876805e-01 4.92141196e-02
-2.48244243e-01 1.38553752e-01 4.53166742e-02
-2.46894939e-01 1.37202547e-01 4.13980740e-02
-2.45500105e-01 1.35823902e-01 3.74603111e-02
-2.44060527e-01 1.34418542e-01 3.35053905e-02
-2.42577017e-01 1.32987210e-01 2.95353280e-02
-2.41050411e-01 1.31530659e-01 2.55521484e-02
-2.39481567e-01 1.30049657e-01 2.15578838e-02
-2.37871365e-01 1.28544985e-01 1.75545717e-02
-2.36220707e-01 1.27017434e-01 1.35442534e-02
-2.34530516e-01 1.25467809e-01 9.52897190e-03
-2.32801732e-01 1.23896923e-01 5.51077017e-03
-2.31035317e-01 1.22305599e-01 1.49168944e-03
-2.29232250e-01 1.20694668e-01 -2.52623267e-03
-2.27393524e-01 1.19064972e-01 -6.54096397e-03
-2.25520153e-01 1.17417357e-01 -1.05504794e-02
-2.23613162e-01 1.15752677e-01 -1.45527630e-02
-2.21673592e-01 1.14071793e-01 -1.85458093e-02
-2.19702498e-01 1.12375569e-01 -2.25276255e-02
-2.17700945e-01 1.10664875e-01 -2.64962328e-02
-2.15670012e-01 1.08940584e-01 -3.04496683e-02
-2.13610786e-01 1.07203570e-01 -3.43859869e-02
-2.11524366e-01 1.05454713e-01 -3.83032622e-02
-2.09411857e-01 1.03694890e-01 -4.21995892e-02
-2.07274374e-01 1.01924981e-01 -4.60730847e-02
-2.05113035e-01 1.00145866e-01 -4.99218899e-02
-2.02928968e-01 9.83584220e-02 -5.37441715e-02
-2.00723303e-01 9.65635267e-02 -5.75381228e-02
-1.98497173e-01 9.47620539e-02 -6.13019659e-02
-1.96251715e-01 9.29548746e-02 -6.50339528e-02
-1.93988069e-01 9.11428560e-02 -6.87323664e-02
-1.91707373e-01 8.93268607e-02 -7.23955224e-02
-1.89410766e-01 8.75077461e-02 -7.60217704e-02
-1.87099387e-01 8.56863637e-02 -7.96094952e-02
-1.84774372e-01 8.38635582e-02 -8.31571175e-02
-1.82436854e-01 8.20401675e-02 -8.66630961e-02
-1.80087962e-01 8.02170211e-02 -9.01259279e-02
-1.77728821e-01 7.83949403e-02 -9.35441497e-02
-1.75360551e-01 7.65747372e-02 -9.69163389e-02
-1.72984264e-01 7.47572143e-02 -1.00241115e-01
-1.70601065e-01 7.29431635e-02 -1.03517138e-01
-1.68212053e-01 7.11333661e-02 -1.06743115e-01
-1.65818314e-01 6.93285919e-02 -1.09917795e-01
-1.63420929e-01 6.75295988e-02 -1.13039970e-01
-1.61020965e-01 6.57371321e-02 -1.16108482e-01
-1.58619479e-01 6.39519244e-02 -1.19122217e-01
-1.56217517e-01 6.21746948e-02 -1.22080107e-01
-1.53816111e-01 6.04061482e-02 -1.24981133e-01
-1.51416279e-01 5.86469757e-02 -1.27824323e-01
-1.49019027e-01 5.68978534e-02 -1.30608754e-01
-1.46625344e-01 5.51594422e-02 -1.33333552e-01
-1.44236206e-01 5.34323877e-02 -1.35997891e-01
-1.41852572e-01 5.17173195e-02 -1.38600994e-01
-1.39475384e-01 5.00148511e-02 -1.41142134e-01
-1.37105567e-01 4.83255795e-02 -1.43620635e-01
-1.34744028e-01 4.66500850e-02 -1.46035868e-01
-1.32391659e-01 4.49889305e-02 -1.48387257e-01
-1.30049329e-01 4.33426620e-02 -1.50674272e-01
-1.27717890e-01 4.17118077e-02 -1.52896435e-01
-1.25398176e-01 4.00968781e-02 -1.55053318e-01
-1.23090998e-01 3.84983660e-02 -1.57144541e-01
-1.20797148e-01 3.69167458e-02 -1.59169774e-01
-1.18517400e-01 3.53524739e-02 -1.61128734e-01
-1.16252502e-01 3.38059881e-02 -1.63021190e-01
-1.14003186e-01 3.22777079e-02 -1.64846956e-01
-1.11770158e-01 3.07680344e-02 -1.66605896e-01
-1.09554105e-01 2.92773499e-02 -1.68297920e-01
-1.07355691e-01 2.78060180e-02 -1.69922985e-01
-1.05175559e-01 2.63543840e-02 -1.71481094e-01
-1.03014328e-01 2.49227741e-02 -1.72972297e-01
-1.00872595e-01 2.35114963e-02 -1.74396688e-01
-9.87509354e-02 2.21208396e-02 -1.75754405e-01
-9.66499001e-02 2.07510749e-02 -1.77045631e-01
-9.45700188e-02 1.94024541e-02 -1.78270590e-01
-9.25117975e-02 1.80752114e-02 -1.79429551e-01
-9.04757198e-02 1.67695621e-02 -1.80522821e-01
-8.84622463e-02 1.54857038e-02 -1.81550750e-01
-8.64718146e-02 1.42238160e-02 -1.82513726e-01
-8.45048399e-02 1.29840604e-02 -1.83412177e-01
-8.25617143e-02 1.17665810e-02 -1.84246567e-01
-8.06428075e-02 1.05715044e-02 -1.85017399e-01
-7.87484668e-02 9.39894010e-03 -1.85725210e-01
-7.68790169e-02 8.24898034e-03 -1.86370573e-01
-7.50347604e-02 7.12170077e-03 -1.86954094e-01
-7.32159780e-02 6.01716045e-03 -1.87476411e-01
-7.14229283e-02 4.93540221e-03 -1.87938196e-01
-6.96558485e-02 3.87645286e-03 -1.88340149e-01
-6.79149542e-02 2.84032354e-03 -1.88683001e-01
-6.62004400e-02 1.82700998e-03 -1.88967511e-01
-6.45124797e-02 8.36492811e-04 -1.89194464e-01
-6.28512263e-02 -1.31262112e-04 -1.89364674e-01
-6.12168125e-02 -1.07630338e-03 -1.89478977e-01
-5.96093512e-02 -1.99869369e-03 -1.89538233e-01
-5.80289354e-02 -2.89850952e-03 -1.89543327e-01
-5.64756390e-02 -3.77584076e-03 -1.89495163e-01
-5.49495167e-02 -4.63079037e-03 -1.89394667e-01
-5.34506046e-02 -5.46347399e-03 -1.89242783e-01
-5.19789208e-02 -6.27401958e-03 -1.89040472e-01
-5.05344652e-02 -7.06256707e-03 -1.88788715e-01
-4.91172206e-02 -7.82926795e-03 -1.88488505e-01
-4.77271524e-02 -8.57428488e-03 -1.88140853e-01
-4.63642096e-02 -9.29779133e-03 -1.87746780e-01
-4.50283248e-02 -9.99997118e-03 -1.87307321e-01
-4.37194149e-02 -1.06810183e-02 -1.86823523e-01
-4.24373815e-02 -1.13411362e-02 -1.86296440e-01
-4.11821112e-02 -1.19805376e-02 -1.85727138e-01
-3.99534760e-02 -1.25994441e-02 -1.85116689e-01
-3.87513341e-02 -1.31980855e-02 -1.84466171e-01
-3.75755300e-02 -1.37767000e-02 -1.83776670e-01
-3.64258952e-02 -1.43355331e-02 -1.83049275e-01
-3.53022484e-02 -1.48748377e-02 -1.82285077e-01
-3.42043962e-02 -1.53948735e-02 -1.81485173e-01
-3.31321335e-02 -1.58959066e-02 -1.80650659e-01
-3.20852438e-02 -1.63782093e-02 -1.79782632e-01
-3.10634999e-02 -1.68420594e-02 -1.78882188e-01
-3.00666644e-02 -1.72877402e-02 -1.77950423e-01
-2.90944898e-02 -1.77155397e-02 -1.76988429e-01
-2.81467193e-02 -1.81257505e-02 -1.75997297e-01
-2.72230871e-02 -1.85186695e-02 -1.74978111e-01
-2.63233190e-02 -1.88945972e-02 -1.73931953e-01
-2.54471328e-02 -1.92538377e-02 -1.72859896e-01
-2.45942385e-02 -1.95966980e-02 -1.71763011e-01
-2.37643392e-02 -1.99234881e-02 -1.70642357e-01
-2.29571311e-02 -2.02345202e-02 -1.69498987e-01
-2.21723044e-02 -2.05301085e-02 -1.68333945e-01
-2.14095432e-02 -2.08105692e-02 -1.67148266e-01
-2.06685264e-02 -2.10762195e-02 -1.65942974e-01
-1.99489278e-02 -2.13273781e-02 -1.64719083e-01
-1.92504168e-02 -2.15643643e-02 -1.63477594e-01
-1.85726585e-02 -2.17874977e-02 -1.62219498e-01
-1.79153142e-02 -2.19970984e-02 -1.60945772e-01
-1.72780422e-02 -2.21934862e-02 -1.59657380e-01
-1.66604973e-02 -2.23769806e-02 -1.58355272e-01
-1.60623321e-02 -2.25479004e-02 -1.57040386e-01
-1.54831969e-02 -2.27065634e-02 -1.55713642e-01
-1.49227401e-02 -2.28532864e-02 -1.54375948e-01
-1.43806086e-02 -2.29883848e-02 -1.53028195e-01
-1.38564482e-02 -2.31121722e-02 -1.51671259e-01
-1.33499037e-02 -2.32249604e-02 -1.50305998e-01
-1.28606196e-02 -2.33270592e-02 -1.48933257e-01
-1.23882402e-02 -2.34187759e-02 -1.47553860e-01
-1.19324099e-02 -2.35004154e-02 -1.46168617e-01
-1.14927735e-02 -2.35722801e-02 -1.44778319e-01
-1.10689764e-02 -2.36346690e-02 -1.43383742e-01
-1.06606654e-02 -2.36878787e-02 -1.41985641e-01
-1.02674882e-02 -2.37322020e-02 -1.40584755e-01
-9.88909407e-03 -2.37679286e-02 -1.39181805e-01
-9.52513426e-03 -2.37953447e-02 -1.37777492e-01
-9.17526190e-03 -2.38147326e-02 -1.36372501e-01
-8.83913241e-03 -2.38263711e-02 -1.34967498e-01
-8.51640370e-03 -2.38305347e-02 -1.33563131e-01
-8.20673636e-03 -2.38274943e-02 -1.32160027e-01
-7.90979389e-03 -2.38175161e-02 -1.30758797e-01
-7.62524286e-03 -2.38008624e-02 -1.29360033e-01
-7.35275314e-03 -2.37777912e-02 -1.27964309e-01
-7.09199802e-03 -2.37485557e-02 -1.26572179e-01
-6.84265443e-03 -2.37134050e-02 -1.25184180e-01
-6.60440304e-03 -2.36725832e-02 -1.23800831e-01
-6.37692847e-03 -2.36263301e-02 -1.22422631e-01
-6.15991935e-03 -2.35748805e-02 -1.21050062e-01
-5.95306854e-03 -2.35184648e-02 -1.19683589e-01
-5.75607315e-03 -2.34573081e-02 -1.18323658e-01
-5.56863475e-03 -2.33916311e-02 -1.16970697e-01
-5.39045940e-03 -2.33216495e-02 -1.15625118e-01
-5.22125778e-03 -2.32475739e-02 -1.14287314e-01
-5.06074526e-03 -2.31696104e-02 -1.12957661e-01
-4.90864198e-03 -2.30879597e-02 -1.11636520e-01
-4.76467295e-03 -2.30028181e-02 -1.10324234e-01
-4.62856807e-03 -2.29143764e-02 -1.09021128e-01
-4.50006220e-03 -2.28228210e-02 -1.07727513e-01
-4.37889523e-03 -2.27283331e-02 -1.06443684e-01
-4.26481211e-03 -2.26310891e-02 -1.05169919e-01
-4.15756284e-03 -2.25312605e-02 -1.03906481e-01
-4.05690258e-03 -2.24290139e-02 -1.02653617e-01
-3.96259161e-03 -2.23245112e-02 -1.01411562e-01
-3.87439535e-03 -2.22179094e-02 -1.00180533e-01
-3.79208442e-03 -2.21093608e-02 -9.89607338e-02
-3.71543456e-03 -2.19990131e-02 -9.77523550e-02
-3.64422670e-03 -2.18870092e-02 -9.65555725e-02
-3.57824693e-03 -2.17734874e-02 -9.53705493e-02
-3.51728647e-03 -2.16585814e-02 -9.41974349e-02
-3.46114166e-03 -2.15424206e-02 -9.30363663e-02
-3.40961395e-03 -2.14251297e-02 -9.18874679e-02
-3.36250987e-03 -2.13068292e-02 -9.07508520e-02
-3.31964099e-03 -2.11876351e-02 -8.96266189e-02
-3.28082386e-03 -2.10676593e-02 -8.85148576e-02
-3.24588004e-03 -2.09470095e-02 -8.74156456e-02
-3.21463598e-03 -2.08257891e-02 -8.63290500e-02
-3.18692303e-03 -2.07040976e-02 -8.52551269e-02
-3.16257734e-03 -2.05820306e-02 -8.41939223e-02
-3.14143985e-03 -2.04596795e-02 -8.31454726e-02
-3.12335622e-03 -2.03371322e-02 -8.21098041e-02
-3.10817674e-03 -2.02144726e-02 -8.10869343e-02
-3.09575633e-03 -2.00917811e-02 -8.00768716e-02
-3.08595440e-03 -1.99691344e-02 -7.90796157e-02
-3.07863485e-03 -1.98466057e-02 -7.80951581e-02
-3.07366596e-03 -1.97242648e-02 -7.71234822e-02
-3.07092035e-03 -1.96021781e-02 -7.61645638e-02
-3.07027487e-03 -1.94804088e-02 -7.52183714e-02
-3.07161055e-03 -1.93590168e-02 -7.42848662e-02
-3.07481254e-03 -1.92380591e-02 -7.33640028e-02
-3.07976999e-03 -1.91175894e-02 -7.24557292e-02
-3.08637601e-03 -1.89976586e-02 -7.15599873e-02
-3.09452758e-03 -1.88783147e-02 -7.06767130e-02
-3.10412546e-03 -1.87596031e-02 -6.98058366e-02
-3.11507413e-03 -1.86415661e-02 -6.89472831e-02
-3.12728168e-03 -1.85242438e-02 -6.81009722e-02
-3.14065977e-03 -1.84076735e-02 -6.72668191e-02
-3.15512350e-03 -1.82918902e-02 -6.64447341e-02
-3.17059138e-03 -1.81769264e-02 -6.56346234e-02
-3.18698520e-03 -1.80628122e-02 -6.48363891e-02
-3.20422998e-03 -1.79495758e-02 -6.40499295e-02
-3.22225387e-03 -1.78372430e-02 -6.32751392e-02
-3.24098809e-03 -1.77258376e-02 -6.25119097e-02
-3.26036683e-03 -1.76153813e-02 -6.17601290e-02
-3.28032717e-03 -1.75058940e-02 -6.10196826e-02
-3.30080902e-03 -1.73973938e-02 -6.02904531e-02
-3.32175500e-03 -1.72898968e-02 -5.95723206e-02
-3.34311042e-03 -1.71834176e-02 -5.88651630e-02
-3.36482315e-03 -1.70779690e-02 -5.81688561e-02
-3.38684355e-03 -1.69735623e-02 -5.74832738e-02
-3.40912444e-03 -1.68702073e-02 -5.68082883e-02
-3.43162096e-03 -1.67679124e-02 -5.61437704e-02
-3.45429053e-03 -1.66666843e-02 -5.54895893e-02
-3.47709279e-03 -1.65665289e-02 -5.48456131e-02
-3.49998948e-03 -1.64674504e-02 -5.42117091e-02
-3.52294443e-03 -1.63694520e-02 -5.35877435e-02
-3.54592343e-03 -1.62725357e-02 -5.29735818e-02
-3.56889421e-03 -1.61767025e-02 -5.23690891e-02
-3.59182635e-03 -1.60819522e-02 -5.17741297e-02
-3.61469118e-03 -1.59882837e-02 -5.11885680e-02
-3.63746181e-03 -1.58956951e-02 -5.06122681e-02
-3.66011295e-03 -1.58041834e-02 -5.00450939e-02
-3.68262093e-03 -1.57137450e-02 -4.94869096e-02
-3.70496362e-03 -1.56243753e-02 -4.89375793e-02
-3.72712033e-03 -1.55360690e-02 -4.83969677e-02
-3.74907183e-03 -1.54488203e-02 -4.78649396e-02
-3.77080020e-03 -1.53626226e-02 -4.73413605e-02
-3.79228885e-03 -1.52774686e-02 -4.68260963e-02
-3.81352243e-03 -1.51933507e-02 -4.63190137e-02
-3.83448678e-03 -1.51102606e-02 -4.58199801e-02
-3.85516889e-03 -1.50281894e-02 -4.53288637e-02
-3.87555683e-03 -1.49471281e-02 -4.48455335e-02
-3.89563972e-03 -1.48670669e-02 -4.43698596e-02
-3.91540769e-03 -1.47879959e-02 -4.39017132e-02
-3.93485179e-03 -1.47099046e-02 -4.34409664e-02
-3.95396399e-03 -1.46327824e-02 -4.29874926e-02
-3.97273714e-03 -1.45566183e-02 -4.25411662e-02
-3.99116489e-03 -1.44814011e-02 -4.21018630e-02
-4.00924167e-03 -1.44071193e-02 -4.16694602e-02
-4.02696265e-03 -1.43337611e-02 -4.12438362e-02
-4.04432372e-03 -1.42613148e-02 -4.08248706e-02
-4.06132141e-03 -1.41897683e-02 -4.04124448e-02
-4.07795290e-03 -1.41191095e-02 -4.00064413e-02
-4.09421595e-03 -1.40493259e-02 -3.96067444e-02
-4.11010890e-03 -1.39804054e-02 -3.92132395e-02
-4.12563061e-03 -1.39123354e-02 -3.88258138e-02
-4.14078044e-03 -1.38451034e-02 -3.84443561e-02
-4.15555823e-03 -1.37786969e-02 -3.80687565e-02
-4.16996425e-03 -1.37131033e-02 -3.76989069e-02
-4.18399918e-03 -1.36483100e-02 -3.73347006e-02
-4.19766412e-03 -1.35843045e-02 -3.69760328e-02
-4.21096051e-03 -1.35210742e-02 -3.66228000e-02
-4.22389012e-03 -1.34586066e-02 -3.62749004e-02
-4.23645506e-03 -1.33968893e-02 -3.59322340e-02
-4.24865772e-03 -1.33359099e-02 -3.55947022e-02
-4.26050076e-03 -1.32756560e-02 -3.52622081e-02
-4.27198712e-03 -1.32161154e-02 -3.49346564e-02
-4.28311994e-03 -1.31572759e-02 -3.46119536e-02
-4.29390259e-03 -1.30991255e-02 -3.42940076e-02
-4.30433864e-03 -1.30416523e-02 -3.39807279e-02
-4.31443183e-03 -1.29848443e-02 -3.36720258e-02
-4.32418607e-03 -1.29286900e-02 -3.33678141e-02
-4.33360543e-03 -1.28731777e-02 -3.30680070e-02
-4.34269410e-03 -1.28182959e-02 -3.27725207e-02
-4.35145639e-03 -1.27640334e-02 -3.24812725e-02
-4.35989674e-03 -1.27103790e-02 -3.21941816e-02
-4.36801966e-03 -1.26573217e-02 -3.19111686e-02
-4.37582975e-03 -1.26048506e-02 -3.16321556e-02
-4.38333170e-03 -1.25529550e-02 -3.13570662e-02
-4.39053023e-03 -1.25016244e-02 -3.10858256e-02
-4.39743016e-03 -1.24508484e-02 -3.08183603e-02
-4.40403630e-03 -1.24006167e-02 -3.05545985e-02
-4.41035352e-03 -1.23509194e-02 -3.02944696e-02
-4.41638674e-03 -1.23017464e-02 -3.00379046e-02
-4.42214085e-03 -1.22530882e-02 -2.97848358e-02
-4.42762078e-03 -1.22049351e-02 -2.95351969e-02
-4.43283146e-03 -1.21572778e-02 -2.92889229e-02
-4.43777782e-03 -1.21101071e-02 -2.90459504e-02
-4.44246478e-03 -1.20634138e-02 -2.88062169e-02
-4.44689725e-03 -1.20171893e-02 -2.85696617e-02
-4.45108010e-03 -1.19714246e-02 -2.83362249e-02
-4.45501820e-03 -1.19261114e-02 -2.81058482e-02
-4.45871639e-03 -1.18812412e-02 -2.78784744e-02
-4.46217947e-03 -1.18368059e-02 -2.76540475e-02
-4.46541221e-03 -1.17927973e-02 -2.74325128e-02
-4.46841932e-03 -1.17492078e-02 -2.72138166e-02
-4.47120551e-03 -1.17060295e-02 -2.69979066e-02
-4.47377539e-03 -1.16632549e-02 -2.67847315e-02
-4.47613358e-03 -1.16208766e-02 -2.65742410e-02
-4.47828459e-03 -1.15788875e-02 -2.63663860e-02
-4.48023293e-03 -1.15372804e-02 -2.61611185e-02
-4.48198302e-03 -1.14960484e-02 -2.59583916e-02
-4.48353923e-03 -1.14551848e-02 -2.57581593e-02
-4.48490589e-03 -1.14146830e-02 -2.55603765e-02
-4.48608725e-03 -1.13745365e-02 -2.53649994e-02
-4.48708750e-03 -1.13347390e-02 -2.51719850e-02
-4.48791078e-03 -1.12952842e-02 -2.49812912e-02
-4.48856116e-03 -1.12561663e-02 -2.47928768e-02
-4.48904265e-03 -1.12173793e-02 -2.46067017e-02
-4.48935919e-03 -1.11789175e-02 -2.44227265e-02
-4.48951466e-03 -1.11407751e-02 -2.42409127e-02
-4.48951287e-03 -1.11029468e-02 -2.40612228e-02
-4.48935758e-03 -1.10654271e-02 -2.38836198e-02
-4.48905246e-03 -1.10282109e-02 -2.37080680e-02
-4.48860113e-03 -1.09912930e-02 -2.35345320e-02
-4.48800715e-03 -1.09546684e-02 -2.33629774e-02
-4.48727401e-03 -1.09183323e-02 -2.31933707e-02
-4.48640511e-03 -1.08822799e-02 -2.30256788e-02
-4.48540383e-03 -1.08465065e-02 -2.28598696e-02
-4.48427346e-03 -1.08110076e-02 -2.26959116e-02
-4.48301721e-03 -1.07757788e-02 -2.25337741e-02
-4.48163827e-03 -1.07408158e-02 -2.23734268e-02
-4.48013973e-03 -1.07061144e-02 -2.22148403e-02
-4.47852463e-03 -1.06716704e-02 -2.20579858e-02
-4.47679595e-03 -1.06374798e-02 -2.19028351e-02
-4.47495661e-03 -1.06035388e-02 -2.17493607e-02
-4.47300946e-03 -1.05698434e-02 -2.15975355e-02
-4.47095730e-03 -1.05363900e-02 -2.14473331e-02
-4.46880286e-03 -1.05031749e-02 -2.12987278e-02
-4.46654884e-03 -1.04701945e-02 -2.11516941e-02
-4.46419784e-03 -1.04374454e-02 -2.10062075e-02
-4.46175243e-03 -1.04049242e-02 -2.08622437e-02
-4.45921513e-03 -1.03726276e-02 -2.07197790e-02
-4.45658838e-03 -1.03405523e-02 -2.05787902e-02
-4.45387458e-03 -1.03086952e-02 -2.04392546e-02
-4.45107609e-03 -1.02770533e-02 -2.03011500e-02
-4.44819519e-03 -1.02456234e-02 -2.01644547e-02
-4.44523413e-03 -1.02144028e-02 -2.00291474e-02
-4.44219509e-03 -1.01833884e-02 -1.98952072e-02
-4.43908023e-03 -1.01525776e-02 -1.97626138e-02
-4.43589162e-03 -1.01219675e-02 -1.96313470e-02
-4.43263133e-03 -1.00915555e-02 -1.95013875e-02
-4.42930133e-03 -1.00613391e-02 -1.93727159e-02
-4.42590359e-03 -1.00313156e-02 -1.92453135e-02
-4.42244001e-03 -1.00014825e-02 -1.91191619e-02
-4.41891245e-03 -9.97183746e-03 -1.89942430e-02
-4.41532273e-03 -9.94237805e-03 -1.88705393e-02
-4.41167261e-03 -9.91310196e-03 -1.87480334e-02
-4.40796384e-03 -9.88400690e-03 -1.86267084e-02
-4.40419810e-03 -9.85509065e-03 -1.85065476e-02
-4.40037704e-03 -9.82635105e-03 -1.83875347e-02
-4.39650228e-03 -9.79778595e-03 -1.82696538e-02
-4.39257538e-03 -9.76939327e-03 -1.81528891e-02
-4.38859788e-03 -9.74117099e-03 -1.80372255e-02
-4.38457128e-03 -9.71311711e-03 -1.79226477e-02
-4.38049704e-03 -9.68522967e-03 -1.78091411e-02
-4.37637658e-03 -9.65750677e-03 -1.76966911e-02
-4.37221129e-03 -9.62994654e-03 -1.75852836e-02
-4.36800253e-03 -9.60254714e-03 -1.74749045e-02
-4.36375163e-03 -9.57530679e-03 -1.73655404e-02
-4.35945987e-03 -9.54822373e-03 -1.72571776e-02
-4.35512852e-03 -9.52129623e-03 -1.71498031e-02
-4.35075880e-03 -9.49452262e-03 -1.70434039e-02
-4.34635190e-03 -9.46790123e-03 -1.69379674e-02
-4.34190901e-03 -9.44143046e-03 -1.68334811e-02
-4.33743125e-03 -9.41510870e-03 -1.67299328e-02
-4.33291974e-03 -9.38893440e-03 -1.66273104e-02
-4.32837556e-03 -9.36290604e-03 -1.65256023e-02
-4.32379977e-03 -9.33702211e-03 -1.64247967e-02
-4.31919339e-03 -9.31128115e-03 -1.63248823e-02
-4.31455744e-03 -9.28568170e-03 -1.62258481e-02
-4.30989288e-03 -9.26022235e-03 -1.61276829e-02
-4.30520068e-03 -9.23490171e-03 -1.60303760e-02
-4.30048177e-03 -9.20971842e-03 -1.59339168e-02
-4.29573705e-03 -9.18467112e-03 -1.58382949e-02
-4.29096741e-03 -9.15975850e-03 -1.57435001e-02
-4.28617371e-03 -9.13497927e-03 -1.56495222e-02
-4.28135679e-03 -9.11033214e-03 -1.55563514e-02
-4.27651746e-03 -9.08581587e-03 -1.54639780e-02
-4.27165654e-03 -9.06142923e-03 -1.53723924e-02
-4.26677479e-03 -9.03717099e-03 -1.52815851e-02
-4.26187298e-03 -9.01303998e-03 -1.51915470e-02
-4.25695185e-03 -8.98903501e-03 -1.51022688e-02
-4.25201211e-03 -8.96515494e-03 -1.50137417e-02
-4.24705447e-03 -8.94139862e-03 -1.49259569e-02
-4.24207962e-03 -8.91776494e-03 -1.48389056e-02
-4.23708822e-03 -8.89425280e-03 -1.47525794e-02
-4.23208092e-03 -8.87086111e-03 -1.46669697e-02
-4.22705836e-03 -8.84758881e-03 -1.45820685e-02
-4.22202115e-03 -8.82443483e-03 -1.44978674e-02
-4.21696990e-03 -8.80139815e-03 -1.44143586e-02
-4.21190520e-03 -8.77847774e-03 -1.43315340e-02
-4.20682761e-03 -8.75567259e-03 -1.42493860e-02
-4.20173770e-03 -8.73298170e-03 -1.41679068e-02
-4.19663601e-03 -8.71040410e-03 -1.40870890e-02
-4.19152307e-03 -8.68793882e-03 -1.40069252e-02
-4.18639938e-03 -8.66558491e-03 -1.39274079e-02
-4.18126547e-03 -8.64334141e-03 -1.38485300e-02
-4.17612181e-03 -8.62120742e-03 -1.37702844e-02
-4.17096889e-03 -8.59918199e-03 -1.36926641e-02
-4.16580716e-03 -8.57726424e-03 -1.36156622e-02
-4.16063709e-03 -8.55545326e-03 -1.35392720e-02
-4.15545911e-03 -8.53374818e-03 -1.34634866e-02
-4.15027366e-03 -8.51214811e-03 -1.33882996e-02
-4.14508115e-03 -8.49065221e-03 -1.33137044e-02
-4.13988198e-03 -8.46925961e-03 -1.32396945e-02
-4.13467657e-03 -8.44796948e-03 -1.31662638e-02
-4.12946530e-03 -8.42678098e-03 -1.30934060e-02
-4.12424853e-03 -8.40569330e-03 -1.30211148e-02
-4.11902665e-03 -8.38470563e-03 -1.29493843e-02
-4.11380000e-03 -8.36381715e-03 -1.28782085e-02
-4.10856894e-03 -8.34302708e-03 -1.28075814e-02
-4.10333380e-03 -8.32233463e-03 -1.27374974e-02
-4.09809492e-03 -8.30173902e-03 -1.26679506e-02
-4.09285262e-03 -8.28123950e-03 -1.25989354e-02
-4.08760720e-03 -8.26083530e-03 -1.25304463e-02
-4.08235897e-03 -8.24052567e-03 -1.24624777e-02
-4.07710824e-03 -8.22030987e-03 -1.23950243e-02
-4.07185527e-03 -8.20018716e-03 -1.23280806e-02
-4.06660037e-03 -8.18015682e-03 -1.22616414e-02
-4.06134379e-03 -8.16021813e-03 -1.21957016e-02
-4.05608581e-03 -8.14037038e-03 -1.21302559e-02
-4.05082668e-03 -8.12061287e-03 -1.20652994e-02
-4.04556665e-03 -8.10094490e-03 -1.20008270e-02
-4.04030596e-03 -8.08136579e-03 -1.19368338e-02
-4.03504486e-03 -8.06187484e-03 -1.18733149e-02
-4.02978356e-03 -8.04247140e-03 -1.18102656e-02
-4.02452230e-03 -8.02315479e-03 -1.17476811e-02
-4.01926129e-03 -8.00392435e-03 -1.16855569e-02
-4.01400074e-03 -7.98477944e-03 -1.16238881e-02
-4.00874086e-03 -7.96571940e-03 -1.15626704e-02
-4.00348184e-03 -7.94674360e-03 -1.15018993e-02
-3.99822388e-03 -7.92785141e-03 -1.14415702e-02
-3.99296716e-03 -7.90904220e-03 -1.13816790e-02
-3.98771187e-03 -7.89031535e-03 -1.13222212e-02
-3.98245818e-03 -7.87167026e-03 -1.12631926e-02
-3.97720625e-03 -7.85310632e-03 -1.12045891e-02
-3.97195627e-03 -7.83462294e-03 -1.11464065e-02
-3.96670837e-03 -7.81621951e-03 -1.10886407e-02
-3.96146273e-03 -7.79789546e-03 -1.10312877e-02
-3.95621949e-03 -7.77965021e-03 -1.09743436e-02
-3.95097880e-03 -7.76148319e-03 -1.09178044e-02
-3.94574079e-03 -7.74339384e-03 -1.08616662e-02
-3.94050561e-03 -7.72538159e-03 -1.08059254e-02
-3.93527338e-03 -7.70744590e-03 -1.07505780e-02
-3.93004424e-03 -7.68958622e-03 -1.06956205e-02
-3.92481831e-03 -7.67180201e-03 -1.06410490e-02
-3.91959570e-03 -7.65409274e-03 -1.05868601e-02
-3.91437653e-03 -7.63645789e-03 -1.05330502e-02
-3.90916092e-03 -7.61889694e-03 -1.04796157e-02
-3.90394897e-03 -7.60140938e-03 -1.04265532e-02
-3.89874078e-03 -7.58399470e-03 -1.03738592e-02
-3.89353647e-03 -7.56665240e-03 -1.03215304e-02
-3.88833612e-03 -7.54938199e-03 -1.02695635e-02
-3.88313983e-03 -7.53218299e-03 -1.02179551e-02
-3.87794770e-03 -7.51505492e-03 -1.01667021e-02
-3.87275980e-03 -7.49799730e-03 -1.01158011e-02
-3.86757624e-03 -7.48100966e-03 -1.00652492e-02
-3.86239708e-03 -7.46409156e-03 -1.00150430e-02
-3.85722241e-03 -7.44724253e-03 -9.96517965e-03
-3.85205230e-03 -7.43046214e-03 -9.91565600e-03
-3.84688684e-03 -7.41374993e-03 -9.86646908e-03
-3.84172609e-03 -7.39710549e-03 -9.81761593e-03
-3.83657013e-03 -7.38052837e-03 -9.76909363e-03
-3.83141901e-03 -7.36401817e-03 -9.72089930e-03
-3.82627282e-03 -7.34757447e-03 -9.67303010e-03
-3.82113161e-03 -7.33119686e-03 -9.62548321e-03
-3.81599544e-03 -7.31488494e-03 -9.57825587e-03
-3.81086438e-03 -7.29863832e-03 -9.53134534e-03
-3.80573849e-03 -7.28245661e-03 -9.48474891e-03
-3.80061781e-03 -7.26633943e-03 -9.43846391e-03
-3.79550242e-03 -7.25028641e-03 -9.39248771e-03
-3.79039235e-03 -7.23429718e-03 -9.34681771e-03
-3.78528767e-03 -7.21837138e-03 -9.30145133e-03
-3.78018843e-03 -7.20250865e-03 -9.25638603e-03
-3.77509468e-03 -7.18670864e-03 -9.21161931e-03
-3.77000646e-03 -7.17097101e-03 -9.16714868e-03
-3.76492383e-03 -7.15529544e-03 -9.12297171e-03
-3.75984683e-03 -7.13968157e-03 -9.07908596e-03
-3.75477552e-03 -7.12412910e-03 -9.03548904e-03
-3.74970993e-03 -7.10863770e-03 -8.99217859e-03
-3.74465011e-03 -7.09320707e-03 -8.94915228e-03
-3.73959612e-03 -7.07783689e-03 -8.90640778e-03
-3.73454799e-03 -7.06252688e-03 -8.86394283e-03
-3.72950576e-03 -7.04727672e-03 -8.82175515e-03
-3.72446949e-03 -7.03208614e-03 -8.77984251e-03
-3.71943922e-03 -7.01695485e-03 -8.73820270e-03
-3.71441498e-03 -7.00188258e-03 -8.69683353e-03
-3.70939682e-03 -6.98686906e-03 -8.65573284e-03
-3.70438479e-03 -6.97191401e-03 -8.61489849e-03
-3.69937893e-03 -6.95701718e-03 -8.57432836e-03
-3.69437928e-03 -6.94217831e-03 -8.53402034e-03
-3.68938588e-03 -6.92739715e-03 -8.49397235e-03
-3.68439877e-03 -6.91267346e-03 -8.45418235e-03
-3.67941801e-03 -6.89800699e-03 -8.41464829e-03
-3.67444363e-03 -6.88339752e-03 -8.37536815e-03
-3.66947567e-03 -6.86884480e-03 -8.33633992e-03
-3.66451419e-03 -6.85434861e-03 -8.29756164e-03
-3.65955921e-03 -6.83990873e-03 -8.25903132e-03
-3.65461079e-03 -6.82552493e-03 -8.22074701e-03
-3.64966897e-03 -6.81119702e-03 -8.18270680e-03
-3.64473379e-03 -6.79692476e-03 -8.14490875e-03
-3.63980530e-03 -6.78270796e-03 -8.10735097e-03
-3.63488354e-03 -6.76854642e-03 -8.07003157e-03
-3.62996856e-03 -6.75443992e-03 -8.03294868e-03
-3.62506040e-03 -6.74038829e-03 -7.99610044e-03
-3.62015911e-03 -6.72639131e-03 -7.95948499e-03
-3.61526473e-03 -6.71244881e-03 -7.92310052e-03
-3.61037731e-03 -6.69856058e-03 -7.88694520e-03
-3.60549689e-03 -6.68472645e-03 -7.85101723e-03
-3.60062352e-03 -6.67094624e-03 -7.81531480e-03
-3.59575724e-03 -6.65721975e-03 -7.77983614e-03
-3.59089811e-03 -6.64354681e-03 -7.74457947e-03
-3.58604616e-03 -6.62992724e-03 -7.70954302e-03
-3.58120145e-03 -6.61636087e-03 -7.67472505e-03
-3.57636402e-03 -6.60284752e-03 -7.64012381e-03
-3.57153392e-03 -6.58938702e-03 -7.60573756e-03
-3.56671119e-03 -6.57597918e-03 -7.57156460e-03
-3.56189589e-03 -6.56262385e-03 -7.53760318e-03
-3.55708805e-03 -6.54932084e-03 -7.50385162e-03
-3.55228772e-03 -6.53606999e-03 -7.47030822e-03
-3.54749496e-03 -6.52287112e-03 -7.43697127e-03
-3.54270980e-03 -6.50972407e-03 -7.40383910e-03
-3.53793229e-03 -6.49662865e-03 -7.37091004e-03
-3.53316249e-03 -6.48358470e-03 -7.33818241e-03
-3.52840042e-03 -6.47059204e-03 -7.30565455e-03
-3.52364615e-03 -6.45765050e-03 -7.27332481e-03
-3.51889971e-03 -6.44475990e-03 -7.24119153e-03
-3.51416114e-03 -6.43192006e-03 -7.20925309e-03
-3.50943050e-03 -6.41913082e-03 -7.17750784e-03
-3.50470782e-03 -6.40639197e-03 -7.14595414e-03
-3.49999316e-03 -6.39370335e-03 -7.11459039e-03
-3.49528654e-03 -6.38106477e-03 -7.08341496e-03
-3.49058801e-03 -6.36847605e-03 -7.05242624e-03
-3.48589762e-03 -6.35593698e-03 -7.02162262e-03
-3.48121540e-03 -6.34344739e-03 -6.99100250e-03
-3.47654140e-03 -6.33100707e-03 -6.96056429e-03
-3.47187565e-03 -6.31861583e-03 -6.93030640e-03
-3.46721818e-03 -6.30627346e-03 -6.90022724e-03
-3.46256905e-03 -6.29397976e-03 -6.87032524e-03
-3.45792828e-03 -6.28173453e-03 -6.84059882e-03
-3.45329591e-03 -6.26953755e-03 -6.81104641e-03
-3.44867197e-03 -6.25738861e-03 -6.78166646e-03
-3.44405650e-03 -6.24528747e-03 -6.75245741e-03
-3.43944953e-03 -6.23323393e-03 -6.72341771e-03
-3.43485109e-03 -6.22122776e-03 -6.69454581e-03
-3.43026121e-03 -6.20926871e-03 -6.66584018e-03
-3.42567993e-03 -6.19735655e-03 -6.63729929e-03
-3.42110726e-03 -6.18549105e-03 -6.60892161e-03
-3.41654324e-03 -6.17367194e-03 -6.58070561e-03
-3.41198789e-03 -6.16189899e-03 -6.55264981e-03
-3.40744124e-03 -6.15017193e-03 -6.52475267e-03
-3.40290331e-03 -6.13849051e-03 -6.49701272e-03
-3.39837413e-03 -6.12685445e-03 -6.46942846e-03
-3.39385371e-03 -6.11526348e-03 -6.44199840e-03
-3.38934207e-03 -6.10371733e-03 -6.41472108e-03
-3.38483924e-03 -6.09221571e-03 -6.38759502e-03
-3.38034524e-03 -6.08075834e-03 -6.36061878e-03
-3.37586007e-03 -6.06934491e-03 -6.33379090e-03
-3.37138377e-03 -6.05797514e-03 -6.30710995e-03
-3.36691633e-03 -6.04664870e-03 -6.28057450e-03
-3.36245777e-03 -6.03536531e-03 -6.25418312e-03
-3.35800811e-03 -6.02412462e-03 -6.22793442e-03
-3.35356736e-03 -6.01292634e-03 -6.20182699e-03
-3.34913553e-03 -6.00177011e-03 -6.17585944e-03
-3.34471262e-03 -5.99065563e-03 -6.15003042e-03
-3.34029865e-03 -5.97958253e-03 -6.12433854e-03
-3.33589362e-03 -5.96855048e-03 -6.09878248e-03
-3.33149754e-03 -5.95755913e-03 -6.07336088e-03
-3.32711041e-03 -5.94660812e-03 -6.04807243e-03
-3.32273225e-03 -5.93569708e-03 -6.02291582e-03
-3.31836304e-03 -5.92482565e-03 -5.99788976e-03
-3.31400280e-03 -5.91399346e-03 -5.97299297e-03
-3.30965152e-03 -5.90320013e-03 -5.94822419e-03
-3.30530922e-03 -5.89244526e-03 -5.92358217e-03
-3.30097588e-03 -5.88172848e-03 -5.89906569e-03
-3.29665150e-03 -5.87104938e-03 -5.87467354e-03
-3.29233610e-03 -5.86040756e-03 -5.85040453e-03
-3.28802965e-03 -5.84980261e-03 -5.82625747e-03
-3.28373217e-03 -5.83923413e-03 -5.80223122e-03
-3.27944365e-03 -5.82870169e-03 -5.77832465e-03
-3.27516409e-03 -5.81820487e-03 -5.75453663e-03
-3.27089348e-03 -5.80774325e-03 -5.73086609e-03
-3.26663182e-03 -5.79731639e-03 -5.70731194e-03
-3.26237910e-03 -5.78692385e-03 -5.68387314e-03
-3.25813533e-03 -5.77656518e-03 -5.66054867e-03
-3.25390048e-03 -5.76623994e-03 -5.63733753e-03
-3.24967457e-03 -5.75594768e-03 -5.61423873e-03
-3.24545758e-03 -5.74568794e-03 -5.59125134e-03
-3.24124951e-03 -5.73546025e-03 -5.56837442e-03
-3.23705035e-03 -5.72526415e-03 -5.54560708e-03
-3.23286010e-03 -5.71509915e-03 -5.52294844e-03
-3.22867875e-03 -5.70496480e-03 -5.50039768e-03
-3.22450629e-03 -5.69486059e-03 -5.47795396e-03
-3.22034273e-03 -5.68478606e-03 -5.45561651e-03
-3.21618805e-03 -5.67474070e-03 -5.43338457e-03
-3.21204224e-03 -5.66472402e-03 -5.41125742e-03
-3.20790531e-03 -5.65473553e-03 -5.38923437e-03
-3.20377725e-03 -5.64477471e-03 -5.36731476e-03
-3.19965805e-03 -5.63484106e-03 -5.34549796e-03
-3.19554770e-03 -5.62493406e-03 -5.32378338e-03
-3.19144621e-03 -5.61505321e-03 -5.30217047e-03
-3.18735357e-03 -5.60519797e-03 -5.28065869e-03
-3.18326977e-03 -5.59536783e-03 -5.25924756e-03
-3.17919481e-03 -5.58556225e-03 -5.23793663e-03
-3.17512869e-03 -5.57578070e-03 -5.21672549e-03
-3.17107140e-03 -5.56602264e-03 -5.19561376e-03
-3.16702294e-03 -5.55628754e-03 -5.17460111e-03
-3.16298330e-03 -5.54657483e-03 -5.15368723e-03
-3.15895250e-03 -5.53688399e-03 -5.13287188e-03
-3.15493051e-03 -5.52721445e-03 -5.11215483e-03
-3.15091735e-03 -5.51756565e-03 -5.09153590e-03
-3.14691300e-03 -5.50793703e-03 -5.07101498e-03
-3.14291748e-03 -5.49832803e-03 -5.05059196e-03
-3.13893078e-03 -5.48873807e-03 -5.03026679e-03
-3.13495289e-03 -5.47916658e-03 -5.01003949e-03
-3.13098382e-03 -5.46961299e-03 -4.98991009e-03
-3.12702357e-03 -5.46007670e-03 -4.96987867e-03
-3.12307215e-03 -5.45055714e-03 -4.94994538e-03
-3.11912954e-03 -5.44105371e-03 -4.93011039e-03
-3.11519575e-03 -5.43156581e-03 -4.91037393e-03
-3.11127079e-03 -5.42209285e-03 -4.89073629e-03
-3.10735465e-03 -5.41263423e-03 -4.87119777e-03
-3.10344734e-03 -5.40318933e-03 -4.85175876e-03
-3.09954886e-03 -5.39375754e-03 -4.83241969e-03
-3.09565920e-03 -5.38433825e-03 -4.81318102e-03
-3.09177839e-03 -5.37493083e-03 -4.79404328e-03
-3.08790641e-03 -5.36553467e-03 -4.77500705e-03
-3.08404326e-03 -5.35614912e-03 -4.75607296e-03
-3.08018896e-03 -5.34677355e-03 -4.73724170e-03
-3.07634351e-03 -5.33740733e-03 -4.71851398e-03
-3.07250690e-03 -5.32804982e-03 -4.69989062e-03
-3.06867914e-03 -5.31870035e-03 -4.68137243e-03
-3.06486024e-03 -5.30935829e-03 -4.66296034e-03
-3.06105019e-03 -5.30002298e-03 -4.64465528e-03
-3.05724900e-03 -5.29069374e-03 -4.62645826e-03
-3.05345667e-03 -5.28136993e-03 -4.60837035e-03
-3.04967321e-03 -5.27205086e-03 -4.59039267e-03
-3.04589861e-03 -5.26273586e-03 -4.57252640e-03
-3.04213288e-03 -5.25342426e-03 -4.55477276e-03
-3.03837603e-03 -5.24411536e-03 -4.53713306e-03
-3.03462804e-03 -5.23480849e-03 -4.51960863e-03
-3.03088893e-03 -5.22550295e-03 -4.50220088e-03
-3.02715870e-03 -5.21619804e-03 -4.48491128e-03
-3.02343735e-03 -5.20689307e-03 -4.46774136e-03
-3.01972487e-03 -5.19758732e-03 -4.45069268e-03
-3.01602128e-03 -5.18828010e-03 -4.43376690e-03
-3.01232656e-03 -5.17897069e-03 -4.41696572e-03
-3.00864073e-03 -5.16965838e-03 -4.40029088e-03
-3.00496378e-03 -5.16034245e-03 -4.38374421e-03
-3.00129572e-03 -5.15102217e-03 -4.36732759e-03
-2.99763653e-03 -5.14169683e-03 -4.35104295e-03
-2.99398623e-03 -5.13236570e-03 -4.33489228e-03
-2.99034481e-03 -5.12302804e-03 -4.31887764e-03
-2.98671228e-03 -5.11368314e-03 -4.30300114e-03
-2.98308862e-03 -5.10433025e-03 -4.28726496e-03
-2.97947385e-03 -5.09496864e-03 -4.27167132e-03
-2.97586795e-03 -5.08559758e-03 -4.25622251e-03
-2.97227094e-03 -5.07621633e-03 -4.24092089e-03
-2.96868281e-03 -5.06682415e-03 -4.22576885e-03
-2.96510355e-03 -5.05742031e-03 -4.21076886e-03
-2.96153317e-03 -5.04800408e-03 -4.19592344e-03
-2.95797168e-03 -5.03857471e-03 -4.18123517e-03
-2.95441906e-03 -5.02913148e-03 -4.16670667e-03
-2.95087532e-03 -5.01967365e-03 -4.15234064e-03
-2.94734046e-03 -5.01020049e-03 -4.13813983e-03
-2.94381448e-03 -5.00071129e-03 -4.12410702e-03
-2.94029739e-03 -4.99120531e-03 -4.11024507e-03
-2.93678918e-03 -4.98168185e-03 -4.09655690e-03
-2.93328986e-03 -4.97214018e-03 -4.08304544e-03
-2.92979944e-03 -4.96257960e-03 -4.06971372e-03
-2.92631791e-03 -4.95299942e-03 -4.05656478e-03
-2.92284528e-03 -4.94339893e-03 -4.04360175e-03
-2.91938156e-03 -4.93377745e-03 -4.03082777e-03
-2.91592676e-03 -4.92413431e-03 -4.01824604e-03
-2.91248089e-03 -4.91446884e-03 -4.00585983e-03
-2.90904395e-03 -4.90478039e-03 -3.99367241e-03
-2.90561596e-03 -4.89506830e-03 -3.98168713e-03
-2.90219693e-03 -4.88533194e-03 -3.96990737e-03
-2.89878687e-03 -4.87557070e-03 -3.95833654e-03
-2.89538581e-03 -4.86578397e-03 -3.94697810e-03
-2.89199376e-03 -4.85597115e-03 -3.93583554e-03
-2.88861073e-03 -4.84613168e-03 -3.92491240e-03
-2.88523676e-03 -4.83626499e-03 -3.91421223e-03
-2.88187187e-03 -4.82637055e-03 -3.90373863e-03
-2.87851609e-03 -4.81644783e-03 -3.89349523e-03
-2.87516943e-03 -4.80649634e-03 -3.88348568e-03
-2.87183194e-03 -4.79651560e-03 -3.87371364e-03
-2.86850365e-03 -4.78650515e-03 -3.86418282e-03
-2.86518460e-03 -4.77646456e-03 -3.85489695e-03
-2.86187483e-03 -4.76639343e-03 -3.84585975e-03
-2.85857437e-03 -4.75629137e-03 -3.83707499e-03
-2.85528328e-03 -4.74615803e-03 -3.82854642e-03
-2.85200160e-03 -4.73599308e-03 -3.82027784e-03
-2.84872939e-03 -4.72579624e-03 -3.81227301e-03
-2.84546670e-03 -4.71556723e-03 -3.80453574e-03
-2.84221359e-03 -4.70530583e-03 -3.79706981e-03
-2.83897012e-03 -4.69501184e-03 -3.78987901e-03
-2.83573637e-03 -4.68468510e-03 -3.78296714e-03
-2.83251239e-03 -4.67432548e-03 -3.77633796e-03
-2.82929827e-03 -4.66393290e-03 -3.76999526e-03
-2.82609408e-03 -4.65350730e-03 -3.76394277e-03
-2.82289991e-03 -4.64304867e-03 -3.75818424e-03
-2.81971583e-03 -4.63255705e-03 -3.75272339e-03
-2.81654193e-03 -4.62203251e-03 -3.74756389e-03
-2.81337832e-03 -4.61147517e-03 -3.74270942e-03
-2.81022509e-03 -4.60088520e-03 -3.73816359e-03
-2.80708233e-03 -4.59026280e-03 -3.73393001e-03
-2.80395017e-03 -4.57960824e-03 -3.73001222e-03
-2.80082869e-03 -4.56892182e-03 -3.72641372e-03
-2.79771803e-03 -4.55820390e-03 -3.72313797e-03
-2.79461829e-03 -4.54745489e-03 -3.72018838e-03
-2.79152961e-03 -4.53667526e-03 -3.71756829e-03
-2.78845210e-03 -4.52586551e-03 -3.71528098e-03
-2.78538590e-03 -4.51502623e-03 -3.71332967e-03
-2.78233114e-03 -4.50415803e-03 -3.71171751e-03
-2.77928796e-03 -4.49326161e-03 -3.71044756e-03
-2.77625650e-03 -4.48233770e-03 -3.70952281e-03
-2.77323691e-03 -4.47138711e-03 -3.70894616e-03
-2.77022934e-03 -4.46041070e-03 -3.70872043e-03
-2.76723395e-03 -4.44940940e-03 -3.70884833e-03
-2.76425088e-03 -4.43838419e-03 -3.70933248e-03
-2.76128030e-03 -4.42733612e-03 -3.71017539e-03
-2.75832237e-03 -4.41626630e-03 -3.71137946e-03
-2.75537727e-03 -4.40517592e-03 -3.71294697e-03
-2.75244515e-03 -4.39406621e-03 -3.71488009e-03
-2.74952620e-03 -4.38293849e-03 -3.71718085e-03
-2.74662058e-03 -4.37179413e-03 -3.71985116e-03
-2.74372848e-03 -4.36063457e-03 -3.72289279e-03
-2.74085007e-03 -4.34946133e-03 -3.72630736e-03
-2.73798555e-03 -4.33827598e-03 -3.73009635e-03
-2.73513508e-03 -4.32708018e-03 -3.73426109e-03
-2.73229885e-03 -4.31587563e-03 -3.73880275e-03
-2.72947706e-03 -4.30466414e-03 -3.74372232e-03
-2.72666989e-03 -4.29344755e-03 -3.74902064e-03
-2.72387752e-03 -4.28222778e-03 -3.75469838e-03
-2.72110015e-03 -4.27100684e-03 -3.76075600e-03
-2.71833796e-03 -4.25978679e-03 -3.76719381e-03
-2.71559114e-03 -4.24856976e-03 -3.77401191e-03
-2.71285988e-03 -4.23735796e-03 -3.78121019e-03
-2.71014436e-03 -4.22615365e-03 -3.78878837e-03
-2.70744477e-03 -4.21495919e-03 -3.79674595e-03
-2.70476130e-03 -4.20377698e-03 -3.80508220e-03
-2.70209413e-03 -4.19260950e-03 -3.81379620e-03
-2.69944343e-03 -4.18145929e-03 -3.82288679e-03
-2.69680938e-03 -4.17032897e-03 -3.83235258e-03
-2.69419216e-03 -4.15922122e-03 -3.84219197e-03
-2.69159193e-03 -4.14813879e-03 -3.85240309e-03
-2.68900886e-03 -4.13708447e-03 -3.86298385e-03
-2.68644312e-03 -4.12606114e-03 -3.87393190e-03
-2.68389487e-03 -4.11507174e-03 -3.88524465e-03
-2.68136424e-03 -4.10411925e-03 -3.89691924e-03
-2.67885139e-03 -4.09320675e-03 -3.90895256e-03
-2.67635646e-03 -4.08233733e-03 -3.92134122e-03
-2.67387959e-03 -4.07151418e-03 -3.93408158e-03
-2.67142089e-03 -4.06074052e-03 -3.94716970e-03
-2.66898049e-03 -4.05001962e-03 -3.96060138e-03
-2.66655851e-03 -4.03935484e-03 -3.97437213e-03
