1.63521954e-08 -1.21393430e-08 -4.04621762e-08
6.16241979e-07 -4.34939320e-07 -1.49870915e-06
3.85092199e-06 -2.65691232e-06 -9.28941566e-06
1.31492678e-05 -8.87978224e-06 -3.14741543e-05
3.21535085e-05 -2.12089917e-05 -7.63221224e-05
6.33622922e-05 -4.06395952e-05 -1.48970462e-04
1.07101679e-04 -6.63008332e-05 -2.48954896e-04
1.61029921e-04 -9.51118896e-05 -3.69108973e-04
2.20171062e-04 -1.21854920e-04 -4.95807910e-04
2.77360635e-04 -1.39585256e-04 -6.10250852e-04
3.23947681e-04 -1.40260547e-04 -6.90373880e-04
3.50603004e-04 -1.15466213e-04 -7.12999781e-04
3.48112084e-04 -5.71308430e-05 -6.55905007e-04
3.08067380e-04 4.18484330e-05 -4.99581040e-04
2.23409949e-04 1.87121488e-04 -2.28562376e-04
8.87998635e-05 3.82565721e-04 1.67726218e-04
-9.91828447e-05 6.30133495e-04 6.94589714e-04
-3.41989918e-04 9.29852176e-04 1.35209573e-03
-6.39183718e-04 1.27995190e-03 2.13544260e-03
-9.88613795e-04 1.67709077e-03 3.03557539e-03
-1.38666160e-03 2.11664573e-03 4.03996383e-03
-1.82852603e-03 2.59303907e-03 5.13346350e-03
-2.30852608e-03 3.10007417e-03 6.29919385e-03
-2.82040150e-03 3.63125875e-03 7.51938013e-03
-3.35759651e-03 4.18009915e-03 8.77612004e-03
-3.91351615e-03 4.74035450e-03 1.00520491e-02
-4.48174853e-03 5.30624409e-03 1.13308897e-02
-5.05624951e-03 5.87260535e-03 1.25978792e-02
-5.63148874e-03 6.43500335e-03 1.38400787e-02
-6.20255824e-03 6.98979493e-03 1.50465699e-02
-6.76524583e-03 7.53415259e-03 1.62085529e-02
-7.31607701e-03 8.06605405e-03 1.73193575e-02
-7.85232905e-03 8.58424426e-03 1.83743831e-02
-8.37202174e-03 9.08817624e-03 1.93709825e-02
-8.87388878e-03 9.57793718e-03 2.03083036e-02
-9.35733408e-03 1.00541654e-02 2.11871015e-02
-9.82237658e-03 1.05179630e-02 2.20095339e-02
-1.02695871e-02 1.09708089e-02 2.27789471e-02
-1.07000198e-02 1.14144746e-02 2.34996638e-02
-1.11151421e-02 1.18509459e-02 2.41767763e-02
-1.15167628e-02 1.22823520e-02 2.48159522e-02
-1.19069632e-02 1.27109026e-02 2.54232540e-02
-1.22880299e-02 1.31388351e-02 2.60049767e-02
-1.26623925e-02 1.35683688e-02 2.65675039e-02
-1.30325655e-02 1.40016696e-02 2.71171823e-02
-1.34010961e-02 1.44408212e-02 2.76602152e-02
-1.37705173e-02 1.48878041e-02 2.82025744e-02
-1.41433072e-02 1.53444811e-02 2.87499281e-02
-1.45218543e-02 1.58125872e-02 2.93075858e-02
-1.49084291e-02 1.62937248e-02 2.98804561e-02
-1.53051601e-02 1.67893626e-02 3.04730186e-02
-1.57140174e-02 1.73008361e-02 3.10893061e-02
-1.61367990e-02 1.78293520e-02 3.17328973e-02
-1.65751240e-02 1.83759924e-02 3.24069183e-02
-1.70304286e-02 1.89417216e-02 3.31140507e-02
-1.75039665e-02 1.95273922e-02 3.38565464e-02
-1.79968130e-02 2.01337531e-02 3.46362474e-02
-1.85098717e-02 2.07614562e-02 3.54546095e-02
-1.90438833e-02 2.14110642e-02 3.63127296e-02
-1.95994370e-02 2.20830580e-02 3.72113750e-02
-2.01769836e-02 2.27778439e-02 3.81510149e-02
-2.07768486e-02 2.34957610e-02 3.91318520e-02
-2.13992471e-02 2.42370881e-02 4.01538559e-02
-2.20442987e-02 2.50020505e-02 4.12167950e-02
-2.27120423e-02 2.57908269e-02 4.23202689e-02
-2.34024505e-02 2.66035561e-02 4.34637389e-02
-2.41154438e-02 2.74403430e-02 4.46465576e-02
-2.48509035e-02 2.83012654e-02 4.58679966e-02
-2.56086839e-02 2.91863797e-02 4.71272722e-02
-2.63886236e-02 3.00957265e-02 4.84235683e-02
-2.71905550e-02 3.10293363e-02 4.97560578e-02
-2.80143129e-02 3.19872345e-02 5.11239202e-02
-2.88597416e-02 3.29694459e-02 5.25263580e-02
-2.97267007e-02 3.39759991e-02 5.39626087e-02
-3.06150698e-02 3.50069297e-02 5.54319556e-02
-3.15247514e-02 3.60622841e-02 5.69337351e-02
-3.24556735e-02 3.71421212e-02 5.84673419e-02
-3.34077900e-02 3.82465150e-02 6.00322320e-02
-3.43810813e-02 3.93755553e-02 6.16279231e-02
-3.53755534e-02 4.05293488e-02 6.32539933e-02
-3.63912362e-02 4.17080187e-02 6.49100787e-02
-3.74281816e-02 4.29117046e-02 6.65958685e-02
-3.84864611e-02 4.41405613e-02 6.83110999e-02
-3.95661626e-02 4.53947574e-02 7.00555515e-02
-4.06673876e-02 4.66744731e-02 7.18290364e-02
-4.17902478e-02 4.79798985e-02 7.36313946e-02
-4.29348618e-02 4.93112305e-02 7.54624854e-02
-4.41013523e-02 5.06686707e-02 7.73221803e-02
-4.52898426e-02 5.20524221e-02 7.92103546e-02
-4.65004537e-02 5.34626865e-02 8.11268813e-02
-4.77333018e-02 5.48996616e-02 8.30716242e-02
-4.89884960e-02 5.63635383e-02 8.50444316e-02
-5.02661359e-02 5.78544982e-02 8.70451316e-02
-5.15663095e-02 5.93727108e-02 8.90735269e-02
-5.28890922e-02 6.09183317e-02 9.11293914e-02
-5.42345448e-02 6.24915005e-02 9.32124662e-02
-5.56027128e-02 6.40923391e-02 9.53224580e-02
-5.69936254e-02 6.57209501e-02 9.74590363e-02
-5.84072948e-02 6.73774162e-02 9.96218326e-02
-5.98437158e-02 6.90617987e-02 1.01810439e-01
-6.13028654e-02 7.07741373e-02 1.04024409e-01
-6.27847025e-02 7.25144496e-02 1.06263256e-01
-6.42891677e-02 7.42827307e-02 1.08526455e-01
-6.58161838e-02 7.60789537e-02 1.10813440e-01
-6.73656549e-02 7.79030691e-02 1.13123608e-01
-6.89374672e-02 7.97550057e-02 1.15456321e-01
-7.05314887e-02 8.16346707e-02 1.17810901e-01
-7.21475691e-02 8.35419498e-02 1.20186634e-01
-7.37855400e-02 8.54767081e-02 1.22582773e-01
-7.54452148e-02 8.74387899e-02 1.24998534e-01
-7.71263889e-02 8.94280196e-02 1.27433100e-01
-7.88288392e-02 9.14442016e-02 1.29885619e-01
-8.05523242e-02 9.34871209e-02 1.32355207e-01
-8.22965842e-02 9.55565429e-02 1.34840945e-01
-8.40613404e-02 9.76522138e-02 1.37341881e-01
-8.58462957e-02 9.97738604e-02 1.39857030e-01
-8.76511335e-02 1.01921190e-01 1.42385375e-01
-8.94755185e-02 1.04093891e-01 1.44925864e-01
-9.13190957e-02 1.06291632e-01 1.47477412e-01
-9.31814908e-02 1.08514061e-01 1.50038903e-01
-9.50623097e-02 1.10760807e-01 1.52609184e-01
-9.69611385e-02 1.13031478e-01 1.55187072e-01
-9.88775435e-02 1.15325660e-01 1.57771349e-01
-1.00811071e-01 1.17642920e-01 1.60360767e-01
-1.02761247e-01 1.19982802e-01 1.62954043e-01
-1.04727577e-01 1.22344829e-01 1.65549863e-01
-1.06709548e-01 1.24728503e-01 1.68146881e-01
-1.08706626e-01 1.27133301e-01 1.70743722e-01
-1.10718256e-01 1.29558680e-01 1.73338978e-01
-1.12743865e-01 1.32004075e-01 1.75931215e-01
-1.14782859e-01 1.34468895e-01 1.78518968e-01
-1.16834626e-01 1.36952530e-01 1.81100746e-01
-1.18898533e-01 1.39454347e-01 1.83675031e-01
-1.20973930e-01 1.41973688e-01 1.86240281e-01
-1.23060147e-01 1.44509876e-01 1.88794928e-01
-1.25156494e-01 1.47062209e-01 1.91337382e-01
-1.27262267e-01 1.49629966e-01 1.93866032e-01
-1.29376741e-01 1.52212404e-01 1.96379245e-01
-1.31499175e-01 1.54808757e-01 1.98875370e-01
-1.33628810e-01 1.57418241e-01 2.01352738e-01
-1.35764871e-01 1.60040049e-01 2.03809661e-01
-1.37906566e-01 1.62673357e-01 2.06244438e-01
-1.40053090e-01 1.65317319e-01 2.08655354e-01
-1.42203618e-01 1.67971073e-01 2.11040678e-01
-1.44357314e-01 1.70633737e-01 2.13398671e-01
-1.46513326e-01 1.73304410e-01 2.15727580e-01
-1.48670788e-01 1.75982175e-01 2.18025647e-01
-1.50828822e-01 1.78666099e-01 2.20291102e-01
-1.52986533e-01 1.81355231e-01 2.22522171e-01
-1.55143018e-01 1.84048606e-01 2.24717074e-01
-1.57297361e-01 1.86745241e-01 2.26874027e-01
-1.59448633e-01 1.89444141e-01 2.28991246e-01
-1.61595895e-01 1.92144295e-01 2.31066943e-01
-1.63738198e-01 1.94844680e-01 2.33099332e-01
-1.65874585e-01 1.97544259e-01 2.35086630e-01
-1.68004088e-01 2.00241983e-01 2.37027057e-01
-1.70125730e-01 2.02936790e-01 2.38918838e-01
-1.72238530e-01 2.05627610e-01 2.40760205e-01
-1.74341498e-01 2.08313360e-01 2.42549401e-01
-1.76433637e-01 2.10992946e-01 2.44284678e-01
-1.78513946e-01 2.13665270e-01 2.45964298e-01
-1.80581420e-01 2.16329220e-01 2.47586543e-01
-1.82635049e-01 2.18983681e-01 2.49149705e-01
-1.84673820e-01 2.21627528e-01 2.50652097e-01
-1.86696720e-01 2.24259633e-01 2.52092051e-01
-1.88702732e-01 2.26878861e-01 2.53467922e-01
-1.90690841e-01 2.29484074e-01 2.54778087e-01
-1.92660031e-01 2.32074131e-01 2.56020949e-01
-1.94609287e-01 2.34647887e-01 2.57194938e-01
-1.96537599e-01 2.37204198e-01 2.58298513e-01
-1.98443957e-01 2.39741918e-01 2.59330165e-01
-2.00327357e-01 2.42259902e-01 2.60288418e-01
-2.02186800e-01 2.44757007e-01 2.61171829e-01
-2.04021292e-01 2.47232092e-01 2.61978994e-01
-2.05829848e-01 2.49684020e-01 2.62708546e-01
-2.07611488e-01 2.52111658e-01 2.63359158e-01
-2.09365242e-01 2.54513880e-01 2.63929545e-01
-2.11090151e-01 2.56889563e-01 2.64418466e-01
-2.12785265e-01 2.59237597e-01 2.64824723e-01
-2.14449646e-01 2.61556874e-01 2.65147167e-01
-2.16082369e-01 2.63846302e-01 2.65384697e-01
-2.17682520e-01 2.66104794e-01 2.65536261e-01
-2.19249203e-01 2.68331279e-01 2.65600857e-01
-2.20781533e-01 2.70524694e-01 2.65577537e-01
-2.22278644e-01 2.72683992e-01 2.65465408e-01
-2.23739686e-01 2.74808140e-01 2.65263630e-01
-2.25163826e-01 2.76896120e-01 2.64971421e-01
-2.26550250e-01 2.78946931e-01 2.64588057e-01
-2.27898164e-01 2.80959585e-01 2.64112872e-01
-2.29206791e-01 2.82933118e-01 2.63545261e-01
-2.30475379e-01 2.84866580e-01 2.62884679e-01
-2.31703195e-01 2.86759042e-01 2.62130645e-01
-2.32889530e-01 2.88609597e-01 2.61282740e-01
-2.34033696e-01 2.90417357e-01 2.60340609e-01
-2.35135031e-01 2.92181458e-01 2.59303964e-01
-2.36192898e-01 2.93901057e-01 2.58172580e-01
-2.37206681e-01 2.95575336e-01 2.56946300e-01
-2.38175796e-01 2.97203502e-01 2.55625034e-01
-2.39099681e-01 2.98784786e-01 2.54208761e-01
-2.39977802e-01 3.00318445e-01 2.52697526e-01
-2.40809654e-01 3.01803764e-01 2.51091444e-01
-2.41594759e-01 3.03240054e-01 2.49390699e-01
-2.42332670e-01 3.04626655e-01 2.47595545e-01
-2.43022965e-01 3.05962934e-01 2.45706304e-01
-2.43665256e-01 3.07248288e-01 2.43723371e-01
-2.44259184e-01 3.08482145e-01 2.41647207e-01
-2.44804419e-01 3.09663963e-01 2.39478346e-01
-2.45300664e-01 3.10793228e-01 2.37217390e-01
-2.45747653e-01 3.11869462e-01 2.34865012e-01
-2.46145150e-01 3.12892216e-01 2.32421953e-01
-2.46492954e-01 3.13861073e-01 2.29889023e-01
-2.46790894e-01 3.14775650e-01 2.27267104e-01
-2.47038831e-01 3.15635596e-01 2.24557140e-01
-2.47236660e-01 3.16440594e-01 2.21760149e-01
-2.47384309e-01 3.17190361e-01 2.18877212e-01
-2.47481738e-01 3.17884645e-01 2.15909478e-01
-2.47528940e-01 3.18523233e-01 2.12858159e-01
-2.47525940e-01 3.19105942e-01 2.09724535e-01
-2.47472799e-01 3.19632625e-01 2.06509947e-01
-2.47369608e-01 3.20103170e-01 2.03215799e-01
-2.47216492e-01 3.20517498e-01 1.99843557e-01
-2.47013610e-01 3.20875567e-01 1.96394748e-01
-2.46761150e-01 3.21177367e-01 1.92870957e-01
-2.46459336e-01 3.21422924e-01 1.89273825e-01
-2.46108424e-01 3.21612300e-01 1.85605054e-01
-2.45708700e-01 3.21745587e-01 1.81866396e-01
-2.45260483e-01 3.21822916e-01 1.78059660e-01
-2.44764124e-01 3.21844449e-01 1.74186704e-01
-2.44220004e-01 3.21810383e-01 1.70249439e-01
-2.43628535e-01 3.21720949e-01 1.66249823e-01
-2.42990159e-01 3.21576410e-01 1.62189861e-01
-2.42305349e-01 3.21377063e-01 1.58071602e-01
-2.41574607e-01 3.21123238e-01 1.53897142e-01
-2.40798463e-01 3.20815296e-01 1.49668613e-01
-2.39977475e-01 3.20453631e-01 1.45388190e-01
-2.39112232e-01 3.20038668e-01 1.41058086e-01
-2.38203347e-01 3.19570863e-01 1.36680546e-01
-2.37251460e-01 3.19050703e-01 1.32257851e-01
-2.36257238e-01 3.18478703e-01 1.27792312e-01
-2.35221373e-01 3.17855410e-01 1.23286270e-01
-2.34144582e-01 3.17181397e-01 1.18742094e-01
-2.33027604e-01 3.16457269e-01 1.14162174e-01
-2.31871204e-01 3.15683654e-01 1.09548926e-01
-2.30676167e-01 3.14861210e-01 1.04904786e-01
-2.29443301e-01 3.13990620e-01 1.00232207e-01
-2.28173434e-01 3.13072592e-01 9.55336582e-02
-2.26867415e-01 3.12107861e-01 9.08116221e-02
-2.25526110e-01 3.11097182e-01 8.60685928e-02
-2.24150406e-01 3.10041336e-01 8.13070733e-02
-2.22741206e-01 3.08941126e-01 7.65295731e-02
-2.21299429e-01 3.07797376e-01 7.17386063e-02
-2.19826011e-01 3.06610932e-01 6.69366886e-02
-2.18321902e-01 3.05382656e-01 6.21263358e-02
-2.16788065e-01 3.04113434e-01 5.73100609e-02
-2.15225477e-01 3.02804167e-01 5.24903722e-02
-2.13635126e-01 3.01455774e-01 4.76697710e-02
-2.12018012e-01 3.00069190e-01 4.28507488e-02
-2.10375145e-01 2.98645365e-01 3.80357861e-02
-2.08707543e-01 2.97185264e-01 3.32273493e-02
-2.07016233e-01 2.95689866e-01 2.84278888e-02
-2.05302248e-01 2.94160162e-01 2.36398371e-02
-2.03566628e-01 2.92597154e-01 1.88656064e-02
-2.01810419e-01 2.91001855e-01 1.41075865e-02
-2.00034670e-01 2.89375288e-01 9.36814301e-03
-1.98240434e-01 2.87718486e-01 4.64961501e-03
-1.96428766e-01 2.86032486e-01 -4.56866266e-05
-1.94600722e-01 2.84318337e-01 -4.71548132e-03
-1.92757359e-01 2.82577089e-01 -9.35752063e-03
-1.90899734e-01 2.80809800e-01 -1.39695901e-02
-1.89028901e-01 2.79017532e-01 -1.85495109e-02
-1.87145915e-01 2.77201348e-01 -2.30951420e-02
-1.85251823e-01 2.75362314e-01 -2.76043811e-02
-1.83347671e-01 2.73501499e-01 -3.20751670e-02
-1.81434501e-01 2.71619971e-01 -3.65054807e-02
-1.79513346e-01 2.69718796e-01 -4.08933472e-02
-1.77585235e-01 2.67799040e-01 -4.52368366e-02
-1.75651187e-01 2.65861767e-01 -4.95340659e-02
-1.73712216e-01 2.63908038e-01 -5.37831999e-02
-1.71769325e-01 2.61938908e-01 -5.79824529e-02
-1.69823505e-01 2.59955429e-01 -6.21300896e-02
-1.67875740e-01 2.57958646e-01 -6.62244261e-02
-1.65927002e-01 2.55949598e-01 -7.02638315e-02
-1.63978248e-01 2.53929317e-01 -7.42467283e-02
-1.62030425e-01 2.51898826e-01 -7.81715936e-02
-1.60084465e-01 2.49859140e-01 -8.20369601e-02
-1.58141288e-01 2.47811265e-01 -8.58414166e-02
-1.56201797e-01 2.45756194e-01 -8.95836089e-02
-1.54266880e-01 2.43694912e-01 -9.32622403e-02
-1.52337411e-01 2.41628391e-01 -9.68760724e-02
-1.50414244e-01 2.39557590e-01 -1.00423925e-01
-1.48498219e-01 2.37483457e-01 -1.03904679e-01
-1.46590158e-01 2.35406924e-01 -1.07317271e-01
-1.44690863e-01 2.33328911e-01 -1.10660701e-01
-1.42801121e-01 2.31250322e-01 -1.13934027e-01
-1.40921696e-01 2.29172047e-01 -1.17136368e-01
-1.39053336e-01 2.27094959e-01 -1.20266903e-01
-1.37196769e-01 2.25019915e-01 -1.23324871e-01
-1.35352701e-01 2.22947757e-01 -1.26309573e-01
-1.33521819e-01 2.20879306e-01 -1.29220367e-01
-1.31704790e-01 2.18815370e-01 -1.32056673e-01
-1.29902259e-01 2.16756736e-01 -1.34817971e-01
-1.28114850e-01 2.14704175e-01 -1.37503799e-01
-1.26343167e-01 2.12658437e-01 -1.40113756e-01
-1.24587791e-01 2.10620255e-01 -1.42647497e-01
-1.22849283e-01 2.08590342e-01 -1.45104738e-01
-1.21128179e-01 2.06569392e-01 -1.47485250e-01
-1.19424997e-01 2.04558079e-01 -1.49788864e-01
-1.17740230e-01 2.02557056e-01 -1.52015465e-01
-1.16074351e-01 2.00566959e-01 -1.54164994e-01
-1.14427811e-01 1.98588400e-01 -1.56237447e-01
-1.12801037e-01 1.96621974e-01 -1.58232876e-01
-1.11194435e-01 1.94668254e-01 -1.60151384e-01
-1.09608390e-01 1.92727792e-01 -1.61993127e-01
-1.08043263e-01 1.90801120e-01 -1.63758313e-01
-1.06499396e-01 1.88888749e-01 -1.65447200e-01
-1.04977106e-01 1.86991170e-01 -1.67060096e-01
-1.03476691e-01 1.85108854e-01 -1.68597356e-01
-1.01998426e-01 1.83242249e-01 -1.70059385e-01
-1.00542565e-01 1.81391784e-01 -1.71446631e-01
-9.91093421e-02 1.79557868e-01 -1.72759589e-01
-9.76989690e-02 1.77740889e-01 -1.73998798e-01
-9.63116375e-02 1.75941213e-01 -1.75164839e-01
-9.49475190e-02 1.74159190e-01 -1.76258334e-01
-9.36067645e-02 1.72395146e-01 -1.77279946e-01
-9.22895055e-02 1.70649388e-01 -1.78230376e-01
-9.09958536e-02 1.68922206e-01 -1.79110364e-01
-8.97259016e-02 1.67213866e-01 -1.79920683e-01
-8.84797229e-02 1.65524620e-01 -1.80662145e-01
-8.72573729e-02 1.63854695e-01 -1.81335592e-01
-8.60588883e-02 1.62204306e-01 -1.81941900e-01
-8.48842883e-02 1.60573643e-01 -1.82481976e-01
-8.37335745e-02 1.58962882e-01 -1.82956756e-01
-8.26067314e-02 1.57372181e-01 -1.83367202e-01
-8.15037271e-02 1.55801677e-01 -1.83714305e-01
-8.04245131e-02 1.54251493e-01 -1.83999081e-01
-7.93690252e-02 1.52721735e-01 -1.84222568e-01
-7.83371840e-02 1.51212489e-01 -1.84385829e-01
-7.73288948e-02 1.49723829e-01 -1.84489946e-01
-7.63440487e-02 1.48255810e-01 -1.84536020e-01
-7.53825223e-02 1.46808473e-01 -1.84525174e-01
-7.44441789e-02 1.45381843e-01 -1.84458542e-01
-7.35288686e-02 1.43975930e-01 -1.84337279e-01
-7.26364287e-02 1.42590731e-01 -1.84162551e-01
-7.17666841e-02 1.41226227e-01 -1.83935538e-01
-7.09194481e-02 1.39882387e-01 -1.83657430e-01
-7.00945227e-02 1.38559165e-01 -1.83329430e-01
-6.92916988e-02 1.37256504e-01 -1.82952747e-01
-6.85107572e-02 1.35974333e-01 -1.82528599e-01
-6.77514686e-02 1.34712570e-01 -1.82058210e-01
-6.70135942e-02 1.33471121e-01 -1.81542809e-01
-6.62968862e-02 1.32249882e-01 -1.80983629e-01
-6.56010885e-02 1.31048734e-01 -1.80381907e-01
-6.49259367e-02 1.29867554e-01 -1.79738879e-01
-6.42711587e-02 1.28706203e-01 -1.79055783e-01
-6.36364755e-02 1.27564537e-01 -1.78333856e-01
-6.30216012e-02 1.26442399e-01 -1.77574335e-01
-6.24262436e-02 1.25339627e-01 -1.76778450e-01
-6.18501049e-02 1.24256048e-01 -1.75947431e-01
-6.12928816e-02 1.23191482e-01 -1.75082501e-01
-6.07542655e-02 1.22145742e-01 -1.74184879e-01
-6.02339435e-02 1.21118632e-01 -1.73255776e-01
-5.97315988e-02 1.20109952e-01 -1.72296394e-01
-5.92469106e-02 1.19119493e-01 -1.71307929e-01
-5.87795549e-02 1.18147042e-01 -1.70291567e-01
-5.83292045e-02 1.17192380e-01 -1.69248482e-01
-5.78955301e-02 1.16255282e-01 -1.68179839e-01
-5.74781998e-02 1.15335519e-01 -1.67086790e-01
-5.70768803e-02 1.14432857e-01 -1.65970475e-01
-5.66912365e-02 1.13547059e-01 -1.64832021e-01
-5.63209324e-02 1.12677882e-01 -1.63672542e-01
-5.59656313e-02 1.11825081e-01 -1.62493134e-01
-5.56249959e-02 1.10988409e-01 -1.61294883e-01
-5.52986890e-02 1.10167616e-01 -1.60078855e-01
-5.49863735e-02 1.09362446e-01 -1.58846103e-01
-5.46877129e-02 1.08572646e-01 -1.57597661e-01
-5.44023715e-02 1.07797958e-01 -1.56334548e-01
-5.41300146e-02 1.07038123e-01 -1.55057763e-01
-5.38703090e-02 1.06292882e-01 -1.53768290e-01
-5.36229232e-02 1.05561974e-01 -1.52467092e-01
-5.33875275e-02 1.04845137e-01 -1.51155115e-01
-5.31637943e-02 1.04142110e-01 -1.49833286e-01
-5.29513983e-02 1.03452631e-01 -1.48502512e-01
-5.27500172e-02 1.02776437e-01 -1.47163681e-01
-5.25593310e-02 1.02113268e-01 -1.45817661e-01
-5.23790231e-02 1.01462862e-01 -1.44465300e-01
-5.22087798e-02 1.00824959e-01 -1.43107426e-01
-5.20482910e-02 1.00199301e-01 -1.41744848e-01
-5.18972502e-02 9.95856293e-02 -1.40378352e-01
-5.17553544e-02 9.89836877e-02 -1.39008706e-01
-5.16223047e-02 9.83932213e-02 -1.37636657e-01
-5.14978061e-02 9.78139773e-02 -1.36262930e-01
-5.13815678e-02 9.72457045e-02 -1.34888231e-01
-5.12733032e-02 9.66881540e-02 -1.33513245e-01
-5.11727304e-02 9.61410792e-02 -1.32138637e-01
-5.10795717e-02 9.56042358e-02 -1.30765049e-01
-5.09935542e-02 9.50773822e-02 -1.29393107e-01
-5.09144095e-02 9.45602795e-02 -1.28023412e-01
-5.08418741e-02 9.40526914e-02 -1.26656548e-01
-5.07756896e-02 9.35543847e-02 -1.25293078e-01
-5.07156020e-02 9.30651293e-02 -1.23933545e-01
-5.06613629e-02 9.25846980e-02 -1.22578471e-01
-5.06127283e-02 9.21128671e-02 -1.21228360e-01
-5.05694598e-02 9.16494159e-02 -1.19883696e-01
-5.05313239e-02 9.11941275e-02 -1.18544944e-01
-5.04980922e-02 9.07467879e-02 -1.17212549e-01
-5.04695415e-02 9.03071872e-02 -1.15886939e-01
-5.04454538e-02 8.98751186e-02 -1.14568523e-01
-5.04256162e-02 8.94503793e-02 -1.13257690e-01
-5.04098213e-02 8.90327699e-02 -1.11954812e-01
-5.03978664e-02 8.86220949e-02 -1.10660245e-01
-5.03895544e-02 8.82181624e-02 -1.09374324e-01
-5.03846931e-02 8.78207845e-02 -1.08097372e-01
-5.03830957e-02 8.74297767e-02 -1.06829689e-01
-5.03845801e-02 8.70449587e-02 -1.05571563e-01
-5.03889698e-02 8.66661539e-02 -1.04323265e-01
-5.03960929e-02 8.62931894e-02 -1.03085049e-01
-5.04057829e-02 8.59258964e-02 -1.01857153e-01
-5.04178779e-02 8.55641096e-02 -1.00639803e-01
-5.04322213e-02 8.52076677e-02 -9.94332061e-02
-5.04486611e-02 8.48564134e-02 -9.82375575e-02
-5.04670503e-02 8.45101928e-02 -9.70530374e-02
-5.04872464e-02 8.41688560e-02 -9.58798122e-02
-5.05091120e-02 8.38322569e-02 -9.47180351e-02
-5.05325141e-02 8.35002531e-02 -9.35678458e-02
-5.05573242e-02 8.31727058e-02 -9.24293716e-02
-5.05834185e-02 8.28494800e-02 -9.13027273e-02
-5.06106775e-02 8.25304442e-02 -9.01880155e-02
-5.06389862e-02 8.22154706e-02 -8.90853273e-02
-5.06682337e-02 8.19044350e-02 -8.79947425e-02
-5.06983135e-02 8.15972165e-02 -8.69163298e-02
-5.07291231e-02 8.12936979e-02 -8.58501474e-02
-5.07605641e-02 8.09937653e-02 -8.47962430e-02
-5.07925422e-02 8.06973083e-02 -8.37546547e-02
-5.08249667e-02 8.04042196e-02 -8.27254108e-02
-5.08577511e-02 8.01143953e-02 -8.17085304e-02
-5.08908122e-02 7.98277349e-02 -8.07040238e-02
-5.09240708e-02 7.95441407e-02 -7.97118927e-02
-5.09574510e-02 7.92635183e-02 -7.87321304e-02
-5.09908806e-02 7.89857764e-02 -7.77647226e-02
-5.10242906e-02 7.87108266e-02 -7.68096472e-02
-5.10576153e-02 7.84385834e-02 -7.58668749e-02
-5.10907924e-02 7.81689644e-02 -7.49363695e-02
-5.11237626e-02 7.79018896e-02 -7.40180880e-02
-5.11564696e-02 7.76372821e-02 -7.31119813e-02
-5.11888602e-02 7.73750676e-02 -7.22179940e-02
-5.12208839e-02 7.71151743e-02 -7.13360652e-02
-5.12524931e-02 7.68575332e-02 -7.04661283e-02
-5.12836430e-02 7.66020776e-02 -6.96081117e-02
-5.13142912e-02 7.63487433e-02 -6.87619388e-02
-5.13443980e-02 7.60974685e-02 -6.79275284e-02
-5.13739261e-02 7.58481936e-02 -6.71047948e-02
-5.14028407e-02 7.56008615e-02 -6.62936483e-02
-5.14311091e-02 7.53554172e-02 -6.54939953e-02
-5.14587010e-02 7.51118076e-02 -6.47057385e-02
-5.14855882e-02 7.48699819e-02 -6.39287773e-02
-5.15117445e-02 7.46298914e-02 -6.31630079e-02
-5.15371458e-02 7.43914892e-02 -6.24083234e-02
-5.15617699e-02 7.41547303e-02 -6.16646144e-02
-5.15855964e-02 7.39195715e-02 -6.09317688e-02
-5.16086066e-02 7.36859715e-02 -6.02096723e-02
-5.16307838e-02 7.34538907e-02 -5.94982085e-02
-5.16521127e-02 7.32232911e-02 -5.87972589e-02
-5.16725797e-02 7.29941364e-02 -5.81067035e-02
-5.16921725e-02 7.27663918e-02 -5.74264205e-02
-5.17108806e-02 7.25400240e-02 -5.67562868e-02
-5.17286945e-02 7.23150012e-02 -5.60961782e-02
-5.17456064e-02 7.20912929e-02 -5.54459693e-02
-5.17616094e-02 7.18688702e-02 -5.48055337e-02
-5.17766981e-02 7.16477052e-02 -5.41747445e-02
-5.17908682e-02 7.14277715e-02 -5.35534740e-02
-5.18041163e-02 7.12090437e-02 -5.29415940e-02
-5.18164402e-02 7.09914978e-02 -5.23389760e-02
-5.18278387e-02 7.07751106e-02 -5.17454913e-02
-5.18383115e-02 7.05598604e-02 -5.11610111e-02
-5.18478592e-02 7.03457262e-02 -5.05854064e-02
-5.18564832e-02 7.01326880e-02 -5.00185486e-02
-5.18641858e-02 6.99207270e-02 -4.94603092e-02
-5.18709700e-02 6.97098251e-02 -4.89105600e-02
-5.18768394e-02 6.94999650e-02 -4.83691732e-02
-5.18817985e-02 6.92911305e-02 -4.78360216e-02
-5.18858522e-02 6.90833059e-02 -4.73109783e-02
-5.18890061e-02 6.88764766e-02 -4.67939175e-02
-5.18912664e-02 6.86706285e-02 -4.62847138e-02
-5.18926396e-02 6.84657481e-02 -4.57832428e-02
-5.18931331e-02 6.82618229e-02 -4.52893807e-02
-5.18927542e-02 6.80588406e-02 -4.48030051e-02
-5.18915110e-02 6.78567900e-02 -4.43239941e-02
-5.18894119e-02 6.76556600e-02 -4.38522272e-02
-5.18864656e-02 6.74554403e-02 -4.33875848e-02
-5.18826811e-02 6.72561211e-02 -4.29299487e-02
-5.18780678e-02 6.70576931e-02 -4.24792015e-02
-5.18726354e-02 6.68601474e-02 -4.20352274e-02
-5.18663936e-02 6.66634754e-02 -4.15979117e-02
-5.18593526e-02 6.64676693e-02 -4.11671411e-02
-5.18515227e-02 6.62727214e-02 -4.07428034e-02
-5.18429142e-02 6.60786245e-02 -4.03247880e-02
-5.18335379e-02 6.58853716e-02 -3.99129857e-02
-5.18234045e-02 6.56929561e-02 -3.95072885e-02
-5.18125248e-02 6.55013720e-02 -3.91075901e-02
-5.18009098e-02 6.53106130e-02 -3.87137853e-02
-5.17885705e-02 6.51206737e-02 -3.83257707e-02
-5.17755181e-02 6.49315486e-02 -3.79434442e-02
-5.17617638e-02 6.47432324e-02 -3.75667053e-02
-5.17473186e-02 6.45557203e-02 -3.71954548e-02
-5.17321939e-02 6.43690075e-02 -3.68295951e-02
-5.17164009e-02 6.41830895e-02 -3.64690302e-02
-5.16999507e-02 6.39979620e-02 -3.61136655e-02
-5.16828546e-02 6.38136207e-02 -3.57634079e-02
-5.16651238e-02 6.36300616e-02 -3.54181658e-02
-5.16467694e-02 6.34472809e-02 -3.50778492e-02
-5.16278025e-02 6.32652748e-02 -3.47423696e-02
-5.16082342e-02 6.30840398e-02 -3.44116398e-02
-5.15880754e-02 6.29035724e-02 -3.40855742e-02
-5.15673370e-02 6.27238692e-02 -3.37640889e-02
-5.15460299e-02 6.25449269e-02 -3.34471011e-02
-5.15241648e-02 6.23667423e-02 -3.31345296e-02
-5.15017524e-02 6.21893124e-02 -3.28262949e-02
-5.14788031e-02 6.20126341e-02 -3.25223185e-02
-5.14553276e-02 6.18367045e-02 -3.22225238e-02
-5.14313360e-02 6.16615207e-02 -3.19268351e-02
-5.14068387e-02 6.14870799e-02 -3.16351786e-02
-5.13818457e-02 6.13133792e-02 -3.13474816e-02
-5.13563672e-02 6.11404159e-02 -3.10636728e-02
-5.13304128e-02 6.09681874e-02 -3.07836822e-02
-5.13039925e-02 6.07966909e-02 -3.05074414e-02
-5.12771158e-02 6.06259239e-02 -3.02348831e-02
-5.12497922e-02 6.04558837e-02 -2.99659413e-02
-5.12220312e-02 6.02865677e-02 -2.97005514e-02
-5.11938418e-02 6.01179735e-02 -2.94386499e-02
-5.11652333e-02 5.99500983e-02 -2.91801747e-02
-5.11362146e-02 5.97829397e-02 -2.89250650e-02
-5.11067945e-02 5.96164951e-02 -2.86732610e-02
-5.10769816e-02 5.94507621e-02 -2.84247042e-02
-5.10467847e-02 5.92857380e-02 -2.81793372e-02
-5.10162120e-02 5.91214204e-02 -2.79371040e-02
-5.09852719e-02 5.89578068e-02 -2.76979494e-02
-5.09539725e-02 5.87948947e-02 -2.74618196e-02
-5.09223218e-02 5.86326814e-02 -2.72286618e-02
-5.08903276e-02 5.84711645e-02 -2.69984241e-02
-5.08579977e-02 5.83103415e-02 -2.67710559e-02
-5.08253397e-02 5.81502097e-02 -2.65465076e-02
-5.07923611e-02 5.79907667e-02 -2.63247305e-02
-5.07590691e-02 5.78320099e-02 -2.61056770e-02
-5.07254710e-02 5.76739368e-02 -2.58893005e-02
-5.06915738e-02 5.75165446e-02 -2.56755552e-02
-5.06573844e-02 5.73598309e-02 -2.54643965e-02
-5.06229097e-02 5.72037931e-02 -2.52557806e-02
-5.05881564e-02 5.70484284e-02 -2.50496644e-02
-5.05531309e-02 5.68937344e-02 -2.48460062e-02
-5.05178397e-02 5.67397083e-02 -2.46447645e-02
-5.04822890e-02 5.65863475e-02 -2.44458993e-02
-5.04464852e-02 5.64336493e-02 -2.42493710e-02
-5.04104342e-02 5.62816111e-02 -2.40551411e-02
-5.03741419e-02 5.61302301e-02 -2.38631716e-02
-5.03376143e-02 5.59795037e-02 -2.36734255e-02
-5.03008569e-02 5.58294291e-02 -2.34858665e-02
-5.02638754e-02 5.56800036e-02 -2.33004591e-02
-5.02266753e-02 5.55312245e-02 -2.31171685e-02
-5.01892620e-02 5.53830890e-02 -2.29359606e-02
-5.01516406e-02 5.52355943e-02 -2.27568020e-02
-5.01138165e-02 5.50887377e-02 -2.25796600e-02
-5.00757945e-02 5.49425164e-02 -2.24045026e-02
-5.00375798e-02 5.47969276e-02 -2.22312984e-02
-4.99991771e-02 5.46519685e-02 -2.20600167e-02
-4.99605912e-02 5.45076363e-02 -2.18906273e-02
-4.99218267e-02 5.43639281e-02 -2.17231009e-02
-4.98828883e-02 5.42208411e-02 -2.15574084e-02
-4.98437803e-02 5.40783726e-02 -2.13935217e-02
-4.98045072e-02 5.39365196e-02 -2.12314129e-02
-4.97650733e-02 5.37952793e-02 -2.10710549e-02
-4.97254827e-02 5.36546488e-02 -2.09124210e-02
-4.96857396e-02 5.35146254e-02 -2.07554852e-02
-4.96458480e-02 5.33752061e-02 -2.06002219e-02
-4.96058119e-02 5.32363880e-02 -2.04466059e-02
-4.95656350e-02 5.30981683e-02 -2.02946128e-02
-4.95253213e-02 5.29605442e-02 -2.01442185e-02
-4.94848745e-02 5.28235127e-02 -1.99953993e-02
-4.94442980e-02 5.26870709e-02 -1.98481321e-02
-4.94035956e-02 5.25512161e-02 -1.97023942e-02
-4.93627707e-02 5.24159452e-02 -1.95581633e-02
-4.93218268e-02 5.22812555e-02 -1.94154177e-02
-4.92807671e-02 5.21471440e-02 -1.92741359e-02
-4.92395949e-02 5.20136078e-02 -1.91342970e-02
-4.91983136e-02 5.18806442e-02 -1.89958803e-02
-4.91569261e-02 5.17482502e-02 -1.88588657e-02
-4.91154356e-02 5.16164229e-02 -1.87232333e-02
-4.90738451e-02 5.14851595e-02 -1.85889638e-02
-4.90321576e-02 5.13544571e-02 -1.84560381e-02
-4.89903760e-02 5.12243128e-02 -1.83244374e-02
-4.89485031e-02 5.10947238e-02 -1.81941434e-02
-4.89065417e-02 5.09656873e-02 -1.80651381e-02
-4.88644945e-02 5.08372003e-02 -1.79374037e-02
-4.88223642e-02 5.07092600e-02 -1.78109231e-02
-4.87801534e-02 5.05818637e-02 -1.76856790e-02
-4.87378647e-02 5.04550084e-02 -1.75616548e-02
-4.86955006e-02 5.03286913e-02 -1.74388340e-02
-4.86530635e-02 5.02029097e-02 -1.73172006e-02
-4.86105560e-02 5.00776607e-02 -1.71967387e-02
-4.85679802e-02 4.99529414e-02 -1.70774327e-02
-4.85253387e-02 4.98287492e-02 -1.69592674e-02
-4.84826335e-02 4.97050812e-02 -1.68422277e-02
-4.84398671e-02 4.95819347e-02 -1.67262989e-02
-4.83970415e-02 4.94593068e-02 -1.66114666e-02
-4.83541589e-02 4.93371948e-02 -1.64977165e-02
-4.83112214e-02 4.92155960e-02 -1.63850346e-02
-4.82682311e-02 4.90945076e-02 -1.62734072e-02
-4.82251900e-02 4.89739270e-02 -1.61628209e-02
-4.81821000e-02 4.88538512e-02 -1.60532622e-02
-4.81389632e-02 4.87342778e-02 -1.59447183e-02
-4.80957814e-02 4.86152038e-02 -1.58371762e-02
-4.80525564e-02 4.84966268e-02 -1.57306233e-02
-4.80092902e-02 4.83785439e-02 -1.56250474e-02
-4.79659845e-02 4.82609526e-02 -1.55204361e-02
-4.79226411e-02 4.81438501e-02 -1.54167775e-02
-4.78792617e-02 4.80272338e-02 -1.53140598e-02
-4.78358480e-02 4.79111012e-02 -1.52122715e-02
-4.77924016e-02 4.77954494e-02 -1.51114011e-02
-4.77489243e-02 4.76802761e-02 -1.50114375e-02
-4.77054176e-02 4.75655785e-02 -1.49123695e-02
-4.76618831e-02 4.74513541e-02 -1.48141863e-02
-4.76183223e-02 4.73376002e-02 -1.47168773e-02
-4.75747367e-02 4.72243144e-02 -1.46204320e-02
-4.75311279e-02 4.71114941e-02 -1.45248400e-02
-4.74874972e-02 4.69991368e-02 -1.44300911e-02
-4.74438461e-02 4.68872399e-02 -1.43361754e-02
-4.74001761e-02 4.67758009e-02 -1.42430829e-02
-4.73564884e-02 4.66648174e-02 -1.41508040e-02
-4.73127845e-02 4.65542868e-02 -1.40593291e-02
-4.72690657e-02 4.64442067e-02 -1.39686489e-02
-4.72253332e-02 4.63345746e-02 -1.38787540e-02
-4.71815883e-02 4.62253880e-02 -1.37896353e-02
-4.71378324e-02 4.61166447e-02 -1.37012839e-02
-4.70940666e-02 4.60083420e-02 -1.36136909e-02
-4.70502922e-02 4.59004776e-02 -1.35268476e-02
-4.70065102e-02 4.57930492e-02 -1.34407455e-02
-4.69627220e-02 4.56860544e-02 -1.33553760e-02
-4.69189286e-02 4.55794907e-02 -1.32707310e-02
-4.68751312e-02 4.54733558e-02 -1.31868021e-02
-4.68313308e-02 4.53676475e-02 -1.31035813e-02
-4.67875286e-02 4.52623633e-02 -1.30210607e-02
-4.67437256e-02 4.51575009e-02 -1.29392324e-02
-4.66999229e-02 4.50530581e-02 -1.28580887e-02
-4.66561214e-02 4.49490326e-02 -1.27776219e-02
-4.66123222e-02 4.48454221e-02 -1.26978246e-02
-4.65685263e-02 4.47422244e-02 -1.26186895e-02
-4.65247346e-02 4.46394371e-02 -1.25402091e-02
-4.64809482e-02 4.45370581e-02 -1.24623763e-02
-4.64371678e-02 4.44350851e-02 -1.23851840e-02
-4.63933945e-02 4.43335160e-02 -1.23086253e-02
-4.63496292e-02 4.42323485e-02 -1.22326933e-02
-4.63058727e-02 4.41315805e-02 -1.21573812e-02
-4.62621259e-02 4.40312098e-02 -1.20826823e-02
-4.62183897e-02 4.39312342e-02 -1.20085899e-02
-4.61746648e-02 4.38316517e-02 -1.19350977e-02
-4.61309522e-02 4.37324600e-02 -1.18621992e-02
-4.60872527e-02 4.36336571e-02 -1.17898880e-02
-4.60435669e-02 4.35352409e-02 -1.17181579e-02
-4.59998958e-02 4.34372092e-02 -1.16470029e-02
-4.59562400e-02 4.33395600e-02 -1.15764167e-02
-4.59126004e-02 4.32422913e-02 -1.15063934e-02
-4.58689776e-02 4.31454010e-02 -1.14369272e-02
-4.58253725e-02 4.30488870e-02 -1.13680121e-02
-4.57817856e-02 4.29527474e-02 -1.12996425e-02
-4.57382178e-02 4.28569800e-02 -1.12318127e-02
-4.56946696e-02 4.27615830e-02 -1.11645170e-02
-4.56511418e-02 4.26665543e-02 -1.10977500e-02
-4.56076350e-02 4.25718920e-02 -1.10315062e-02
-4.55641499e-02 4.24775940e-02 -1.09657802e-02
-4.55206871e-02 4.23836585e-02 -1.09005667e-02
-4.54772473e-02 4.22900835e-02 -1.08358606e-02
-4.54338311e-02 4.21968671e-02 -1.07716565e-02
-4.53904390e-02 4.21040074e-02 -1.07079495e-02
-4.53470717e-02 4.20115024e-02 -1.06447345e-02
-4.53037297e-02 4.19193503e-02 -1.05820065e-02
-4.52604136e-02 4.18275492e-02 -1.05197606e-02
-4.52171241e-02 4.17360972e-02 -1.04579920e-02
-4.51738615e-02 4.16449925e-02 -1.03966959e-02
-4.51306266e-02 4.15542333e-02 -1.03358676e-02
-4.50874197e-02 4.14638176e-02 -1.02755024e-02
-4.50442415e-02 4.13737438e-02 -1.02155957e-02
-4.50010925e-02 4.12840099e-02 -1.01561430e-02
-4.49579731e-02 4.11946142e-02 -1.00971399e-02
-4.49148839e-02 4.11055550e-02 -1.00385818e-02
-4.48718253e-02 4.10168303e-02 -9.98046437e-03
-4.48287978e-02 4.09284385e-02 -9.92278337e-03
-4.47858019e-02 4.08403779e-02 -9.86553450e-03
-4.47428381e-02 4.07526466e-02 -9.80871355e-03
-4.46999068e-02 4.06652430e-02 -9.75231637e-03
-4.46570084e-02 4.05781653e-02 -9.69633885e-03
-4.46141434e-02 4.04914118e-02 -9.64077693e-03
-4.45713122e-02 4.04049809e-02 -9.58562663e-03
-4.45285153e-02 4.03188708e-02 -9.53088397e-03
-4.44857530e-02 4.02330798e-02 -9.47654505e-03
-4.44430257e-02 4.01476064e-02 -9.42260603e-03
-4.44003340e-02 4.00624489e-02 -9.36906307e-03
-4.43576780e-02 3.99776055e-02 -9.31591243e-03
-4.43150583e-02 3.98930748e-02 -9.26315038e-03
-4.42724752e-02 3.98088550e-02 -9.21077324e-03
-4.42299290e-02 3.97249445e-02 -9.15877738e-03
-4.41874202e-02 3.96413418e-02 -9.10715923e-03
-4.41449491e-02 3.95580453e-02 -9.05591523e-03
-4.41025160e-02 3.94750534e-02 -9.00504188e-03
-4.40601213e-02 3.93923644e-02 -8.95453572e-03
-4.40177653e-02 3.93099769e-02 -8.90439333e-03
-4.39754483e-02 3.92278893e-02 -8.85461133e-03
-4.39331708e-02 3.91461001e-02 -8.80518637e-03
-4.38909329e-02 3.90646077e-02 -8.75611517e-03
-4.38487350e-02 3.89834106e-02 -8.70739445e-03
-4.38065774e-02 3.89025074e-02 -8.65902099e-03
-4.37644604e-02 3.88218964e-02 -8.61099159e-03
-4.37223843e-02 3.87415762e-02 -8.56330311e-03
-4.36803494e-02 3.86615454e-02 -8.51595242e-03
-4.36383559e-02 3.85818024e-02 -8.46893645e-03
-4.35964042e-02 3.85023458e-02 -8.42225215e-03
-4.35544944e-02 3.84231741e-02 -8.37589650e-03
-4.35126269e-02 3.83442859e-02 -8.32986652e-03
-4.34708020e-02 3.82656798e-02 -8.28415926e-03
-4.34290198e-02 3.81873543e-02 -8.23877182e-03
-4.33872807e-02 3.81093081e-02 -8.19370131e-03
-4.33455848e-02 3.80315396e-02 -8.14894487e-03
-4.33039324e-02 3.79540475e-02 -8.10449968e-03
-4.32623237e-02 3.78768305e-02 -8.06036297e-03
-4.32207590e-02 3.77998871e-02 -8.01653196e-03
-4.31792385e-02 3.77232159e-02 -7.97300394e-03
-4.31377624e-02 3.76468157e-02 -7.92977619e-03
-4.30963309e-02 3.75706849e-02 -7.88684605e-03
-4.30549442e-02 3.74948224e-02 -7.84421089e-03
-4.30136025e-02 3.74192267e-02 -7.80186807e-03
-4.29723061e-02 3.73438965e-02 -7.75981504e-03
-4.29310551e-02 3.72688305e-02 -7.71804922e-03
-4.28898497e-02 3.71940274e-02 -7.67656809e-03
-4.28486901e-02 3.71194859e-02 -7.63536915e-03
-4.28075764e-02 3.70452046e-02 -7.59444992e-03
-4.27665090e-02 3.69711823e-02 -7.55380797e-03
-4.27254878e-02 3.68974177e-02 -7.51344087e-03
-4.26845131e-02 3.68239095e-02 -7.47334624e-03
-4.26435852e-02 3.67506565e-02 -7.43352171e-03
-4.26027040e-02 3.66776573e-02 -7.39396494e-03
-4.25618699e-02 3.66049108e-02 -7.35467363e-03
-4.25210828e-02 3.65324157e-02 -7.31564548e-03
-4.24803431e-02 3.64601708e-02 -7.27687825e-03
-4.24396509e-02 3.63881748e-02 -7.23836970e-03
-4.23990062e-02 3.63164265e-02 -7.20011762e-03
-4.23584092e-02 3.62449247e-02 -7.16211984e-03
-4.23178602e-02 3.61736682e-02 -7.12437420e-03
-4.22773591e-02 3.61026558e-02 -7.08687857e-03
-4.22369063e-02 3.60318863e-02 -7.04963085e-03
-4.21965016e-02 3.59613586e-02 -7.01262896e-03
-4.21561454e-02 3.58910714e-02 -6.97587085e-03
-4.21158377e-02 3.58210237e-02 -6.93935449e-03
-4.20755787e-02 3.57512141e-02 -6.90307786e-03
-4.20353685e-02 3.56816417e-02 -6.86703900e-03
-4.19952071e-02 3.56123052e-02 -6.83123593e-03
-4.19550947e-02 3.55432035e-02 -6.79566672e-03
-4.19150315e-02 3.54743356e-02 -6.76032945e-03
-4.18750175e-02 3.54057002e-02 -6.72522224e-03
-4.18350528e-02 3.53372963e-02 -6.69034320e-03
-4.17951375e-02 3.52691227e-02 -6.65569049e-03
-4.17552718e-02 3.52011784e-02 -6.62126227e-03
-4.17154557e-02 3.51334623e-02 -6.58705673e-03
-4.16756893e-02 3.50659732e-02 -6.55307207e-03
-4.16359728e-02 3.49987102e-02 -6.51930651e-03
-4.15963061e-02 3.49316721e-02 -6.48575829e-03
-4.15566895e-02 3.48648579e-02 -6.45242566e-03
-4.15171230e-02 3.47982665e-02 -6.41930690e-03
-4.14776066e-02 3.47318969e-02 -6.38640029e-03
-4.14381405e-02 3.46657481e-02 -6.35370412e-03
-4.13987247e-02 3.45998189e-02 -6.32121670e-03
-4.13593594e-02 3.45341083e-02 -6.28893636e-03
-4.13200445e-02 3.44686154e-02 -6.25686144e-03
-4.12807802e-02 3.44033391e-02 -6.22499027e-03
-4.12415665e-02 3.43382783e-02 -6.19332122e-03
-4.12024036e-02 3.42734321e-02 -6.16185266e-03
-4.11632913e-02 3.42087994e-02 -6.13058294e-03
-4.11242299e-02 3.41443793e-02 -6.09951048e-03
-4.10852194e-02 3.40801707e-02 -6.06863364e-03
-4.10462599e-02 3.40161726e-02 -6.03795085e-03
-4.10073513e-02 3.39523841e-02 -6.00746051e-03
-4.09684938e-02 3.38888041e-02 -5.97716104e-03
-4.09296874e-02 3.38254316e-02 -5.94705088e-03
-4.08909322e-02 3.37622657e-02 -5.91712845e-03
-4.08522281e-02 3.36993053e-02 -5.88739220e-03
-4.08135753e-02 3.36365496e-02 -5.85784061e-03
-4.07749738e-02 3.35739974e-02 -5.82847212e-03
-4.07364236e-02 3.35116479e-02 -5.79928522e-03
-4.06979248e-02 3.34495001e-02 -5.77027839e-03
-4.06594773e-02 3.33875530e-02 -5.74145015e-03
-4.06210813e-02 3.33258056e-02 -5.71279900e-03
-4.05827367e-02 3.32642570e-02 -5.68432348e-03
-4.05444436e-02 3.32029062e-02 -5.65602213e-03
-4.05062020e-02 3.31417524e-02 -5.62789351e-03
-4.04680120e-02 3.30807945e-02 -5.59993619e-03
-4.04298734e-02 3.30200316e-02 -5.57214879e-03
-4.03917864e-02 3.29594628e-02 -5.54452991e-03
-4.03537510e-02 3.28990873e-02 -5.51707820e-03
-4.03157671e-02 3.28389039e-02 -5.48979231e-03
-4.02778349e-02 3.27789120e-02 -5.46267094e-03
-4.02399542e-02 3.27191106e-02 -5.43571279e-03
-4.02021251e-02 3.26594988e-02 -5.40891660e-03
-4.01643475e-02 3.26000757e-02 -5.38228113e-03
-4.01266216e-02 3.25408405e-02 -5.35580518e-03
-4.00889472e-02 3.24817924e-02 -5.32948756e-03
-4.00513244e-02 3.24229304e-02 -5.30332713e-03
-4.00137532e-02 3.23642539e-02 -5.27732275e-03
-3.99762335e-02 3.23057619e-02 -5.25147334e-03
-3.99387653e-02 3.22474537e-02 -5.22577784e-03
-3.99013487e-02 3.21893285e-02 -5.20023521e-03
-3.98639836e-02 3.21313855e-02 -5.17484445e-03
-3.98266699e-02 3.20736240e-02 -5.14960458e-03
-3.97894077e-02 3.20160433e-02 -5.12451465e-03
-3.97521969e-02 3.19586425e-02 -5.09957374e-03
-3.97150376e-02 3.19014211e-02 -5.07478096e-03
-3.96779296e-02 3.18443783e-02 -5.05013543e-03
-3.96408730e-02 3.17875133e-02 -5.02563630e-03
-3.96038678e-02 3.17308256e-02 -5.00128274e-03
-3.95669138e-02 3.16743145e-02 -4.97707393e-03
-3.95300112e-02 3.16179792e-02 -4.95300906e-03
-3.94931598e-02 3.15618193e-02 -4.92908736e-03
-3.94563596e-02 3.15058339e-02 -4.90530803e-03
-3.94196107e-02 3.14500226e-02 -4.88167030e-03
-3.93829129e-02 3.13943845e-02 -4.85817340e-03
-3.93462663e-02 3.13389193e-02 -4.83481655e-03
-3.93096708e-02 3.12836261e-02 -4.81159897e-03
-3.92731265e-02 3.12285044e-02 -4.78851988e-03
-3.92366332e-02 3.11735536e-02 -4.76557846e-03
-3.92001910e-02 3.11187731e-02 -4.74277391e-03
-3.91637999e-02 3.10641621e-02 -4.72010539e-03
-3.91274598e-02 3.10097201e-02 -4.69757204e-03
-3.90911708e-02 3.09554465e-02 -4.67517299e-03
-3.90549328e-02 3.09013405e-02 -4.65290731e-03
-3.90187458e-02 3.08474014e-02 -4.63077406e-03
-3.89826099e-02 3.07936287e-02 -4.60877228e-03
-3.89465249e-02 3.07400216e-02 -4.58690093e-03
-3.89104909e-02 3.06865794e-02 -4.56515898e-03
-3.88745080e-02 3.06333013e-02 -4.54354533e-03
-3.88385761e-02 3.05801866e-02 -4.52205884e-03
-3.88026952e-02 3.05272345e-02 -4.50069834e-03
-3.87668653e-02 3.04744442e-02 -4.47946262e-03
-3.87310865e-02 3.04218148e-02 -4.45835041e-03
-3.86953587e-02 3.03693456e-02 -4.43736041e-03
-3.86596820e-02 3.03170355e-02 -4.41649128e-03
-3.86240564e-02 3.02648838e-02 -4.39574164e-03
-3.85884819e-02 3.02128894e-02 -4.37511006e-03
-3.85529585e-02 3.01610515e-02 -4.35459511e-03
-3.85174863e-02 3.01093690e-02 -4.33419528e-03
-3.84820652e-02 3.00578409e-02 -4.31390909e-03
-3.84466953e-02 3.00064662e-02 -4.29373498e-03
-3.84113766e-02 2.99552438e-02 -4.27367141e-03
-3.83761091e-02 2.99041727e-02 -4.25371681e-03
-3.83408928e-02 2.98532517e-02 -4.23386961e-03
-3.83057278e-02 2.98024798e-02 -4.21412823e-03
-3.82706141e-02 2.97518559e-02 -4.19449110e-03
-3.82355516e-02 2.97013787e-02 -4.17495665e-03
-3.82005404e-02 2.96510472e-02 -4.15552334e-03
-3.81655805e-02 2.96008602e-02 -4.13618964e-03
-3.81306718e-02 2.95508166e-02 -4.11695406e-03
-3.80958144e-02 2.95009152e-02 -4.09781514e-03
-3.80610082e-02 2.94511549e-02 -4.07877147e-03
-3.80262533e-02 2.94015347e-02 -4.05982167e-03
-3.79915496e-02 2.93520533e-02 -4.04096446e-03
-3.79568970e-02 2.93027098e-02 -4.02219857e-03
-3.79222956e-02 2.92535030e-02 -4.00352285e-03
-3.78877453e-02 2.92044320e-02 -3.98493618e-03
-3.78532460e-02 2.91554957e-02 -3.96643756e-03
-3.78187977e-02 2.91066933e-02 -3.94802604e-03
-3.77844002e-02 2.90580238e-02 -3.92970080e-03
-3.77500536e-02 2.90094864e-02 -3.91146107e-03
-3.77157577e-02 2.89610802e-02 -3.89330623e-03
-3.76815125e-02 2.89128047e-02 -3.87523570e-03
-3.76473177e-02 2.88646590e-02 -3.85724906e-03
-3.76131734e-02 2.88166426e-02 -3.83934597e-03
-3.75790794e-02 2.87687549e-02 -3.82152618e-03
-3.75450356e-02 2.87209955e-02 -3.80378958e-03
-3.75110417e-02 2.86733640e-02 -3.78613615e-03
-3.74770978e-02 2.86258601e-02 -3.76856596e-03
-3.74432035e-02 2.85784836e-02 -3.75107922e-03
-3.74093589e-02 2.85312343e-02 -3.73367620e-03
-3.73755636e-02 2.84841122e-02 -3.71635729e-03
-3.73418176e-02 2.84371174e-02 -3.69912299e-03
-3.73081207e-02 2.83902498e-02 -3.68197385e-03
-3.72744726e-02 2.83435098e-02 -3.66491054e-03
-3.72408732e-02 2.82968976e-02 -3.64793380e-03
-3.72073224e-02 2.82504136e-02 -3.63104445e-03
-3.71738199e-02 2.82040583e-02 -3.61424337e-03
-3.71403655e-02 2.81578322e-02 -3.59753150e-03
-3.71069591e-02 2.81117359e-02 -3.58090987e-03
-3.70736006e-02 2.80657701e-02 -3.56437952e-03
-3.70402896e-02 2.80199356e-02 -3.54794156e-03
-3.70070261e-02 2.79742332e-02 -3.53159714e-03
-3.69738099e-02 2.79286639e-02 -3.51534743e-03
-3.69406409e-02 2.78832286e-02 -3.49919364e-03
-3.69075188e-02 2.78379284e-02 -3.48313699e-03
-3.68744435e-02 2.77927642e-02 -3.46717873e-03
-3.68414150e-02 2.77477373e-02 -3.45132011e-03
-3.68084331e-02 2.77028487e-02 -3.43556238e-03
-3.67754976e-02 2.76580998e-02 -3.41990681e-03
-3.67426086e-02 2.76134916e-02 -3.40435467e-03
-3.67097658e-02 2.75690256e-02 -3.38890720e-03
-3.66769693e-02 2.75247028e-02 -3.37356567e-03
-3.66442190e-02 2.74805246e-02 -3.35833132e-03
-3.66115148e-02 2.74364922e-02 -3.34320539e-03
-3.65788568e-02 2.73926070e-02 -3.32818911e-03
-3.65462449e-02 2.73488701e-02 -3.31328372e-03
-3.65136791e-02 2.73052829e-02 -3.29849042e-03
-3.64811595e-02 2.72618465e-02 -3.28381044e-03
-3.64486862e-02 2.72185620e-02 -3.26924501e-03
-3.64162591e-02 2.71754307e-02 -3.25479535e-03
-3.63838783e-02 2.71324537e-02 -3.24046270e-03
-3.63515440e-02 2.70896320e-02 -3.22624830e-03
-3.63192563e-02 2.70469666e-02 -3.21215345e-03
-3.62870153e-02 2.70044585e-02 -3.19817943e-03
-3.62548210e-02 2.69621086e-02 -3.18432759e-03
-3.62226738e-02 2.69199176e-02 -3.17059931e-03
-3.61905736e-02 2.68778864e-02 -3.15699601e-03
-3.61585207e-02 2.68360156e-02 -3.14351919e-03
-3.61265153e-02 2.67943059e-02 -3.13017040e-03
-3.60945576e-02 2.67527578e-02 -3.11695126e-03
-3.60626477e-02 2.67113717e-02 -3.10386350e-03
-3.60307858e-02 2.66701481e-02 -3.09090891e-03
-3.59989721e-02 2.66290872e-02 -3.07808939e-03
-3.59672068e-02 2.65881893e-02 -3.06540696e-03
-3.59354901e-02 2.65474544e-02 -3.05286373e-03
-3.59038222e-02 2.65068827e-02 -3.04046196e-03
-3.58722033e-02 2.64664741e-02 -3.02820400e-03
-3.58406335e-02 2.64262286e-02 -3.01609237e-03
-3.58091130e-02 2.63861459e-02 -3.00412971e-03
-3.57776420e-02 2.63462259e-02 -2.99231879e-03
-3.57462206e-02 2.63064681e-02 -2.98066255e-03
-3.57148488e-02 2.62668723e-02 -2.96916407e-03
-3.56835269e-02 2.62274379e-02 -2.95782656e-03
-3.56522548e-02 2.61881645e-02 -2.94665341e-03
-3.56210327e-02 2.61490514e-02 -2.93564814e-03
-3.55898605e-02 2.61100981e-02 -2.92481443e-03
-3.55587384e-02 2.60713039e-02 -2.91415608e-03
-3.55276663e-02 2.60326679e-02 -2.90367706e-03
-3.54966441e-02 2.59941896e-02 -2.89338148e-03
-3.54656717e-02 2.59558680e-02 -2.88327355e-03
-3.54347492e-02 2.59177023e-02 -2.87335763e-03
-3.54038763e-02 2.58796916e-02 -2.86363820e-03
-3.53730529e-02 2.58418351e-02 -2.85411982e-03
-3.53422788e-02 2.58041318e-02 -2.84480719e-03
-3.53115539e-02 2.57665808e-02 -2.83570507e-03
-3.52808777e-02 2.57291811e-02 -2.82681832e-03
-3.52502502e-02 2.56919318e-02 -2.81815184e-03
-3.52196709e-02 2.56548318e-02 -2.80971061e-03
-3.51891395e-02 2.56178803e-02 -2.80149964e-03
-3.51586557e-02 2.55810763e-02 -2.79352399e-03
-3.51282190e-02 2.55444187e-02 -2.78578872e-03
-3.50978291e-02 2.55079068e-02 -2.77829889e-03
-3.50674856e-02 2.54715394e-02 -2.77105957e-03
-3.50371878e-02 2.54353158e-02 -2.76407580e-03
-3.50069354e-02 2.53992349e-02 -2.75735258e-03
-3.49767279e-02 2.53632960e-02 -2.75089488e-03
-3.49465647e-02 2.53274981e-02 -2.74470759e-03
-3.49164452e-02 2.52918404e-02 -2.73879555e-03
-3.48863690e-02 2.52563222e-02 -2.73316350e-03
-3.48563355e-02 2.52209425e-02 -2.72781611e-03
-3.48263441e-02 2.51857008e-02 -2.72275792e-03
-3.47963941e-02 2.51505961e-02 -2.71799338e-03
-3.47664852e-02 2.51156279e-02 -2.71352682e-03
-3.47366165e-02 2.50807955e-02 -2.70936244e-03
-3.47067877e-02 2.50460982e-02 -2.70550430e-03
-3.46769981e-02 2.50115355e-02 -2.70195633e-03
-3.46472470e-02 2.49771067e-02 -2.69872232e-03
-3.46175341e-02 2.49428114e-02 -2.69580592e-03
-3.45878587e-02 2.49086489e-02 -2.69321062e-03
-3.45582203e-02 2.48746190e-02 -2.69093977e-03
-3.45286183e-02 2.48407210e-02 -2.68899657e-03
-3.44990523e-02 2.48069546e-02 -2.68738409e-03
-3.44695218e-02 2.47733194e-02 -2.68610522e-03
-3.44400263e-02 2.47398149e-02 -2.68516275e-03
-3.44105655e-02 2.47064410e-02 -2.68455930e-03
-3.43811388e-02 2.46731972e-02 -2.68429738e-03
-3.43517458e-02 2.46400833e-02 -2.68437937e-03
-3.43223864e-02 2.46070989e-02 -2.68480752e-03
-3.42930600e-02 2.45742438e-02 -2.68558399e-03
-3.42637664e-02 2.45415179e-02 -2.68671080e-03
-3.42345054e-02 2.45089208e-02 -2.68818992e-03
-3.42052767e-02 2.44764523e-02 -2.69002320e-03
-3.41760800e-02 2.44441123e-02 -2.69221242e-03
-3.41469152e-02 2.44119005e-02 -2.69475928e-03
-3.41177822e-02 2.43798169e-02 -2.69766546e-03
-3.40886807e-02 2.43478611e-02 -2.70093254e-03
-3.40596108e-02 2.43160330e-02 -2.70456208e-03
-3.40305723e-02 2.42843325e-02 -2.70855563e-03
-3.40015652e-02 2.42527593e-02 -2.71291468e-03
-3.39725895e-02 2.42213134e-02 -2.71764072e-03
-3.39436451e-02 2.41899944e-02 -2.72273523e-03
-3.39147321e-02 2.41588023e-02 -2.72819971e-03
-3.38858506e-02 2.41277367e-02 -2.73403563e-03
-3.38570006e-02 2.40967976e-02 -2.74024451e-03
-3.38281821e-02 2.40659845e-02 -2.74682786e-03
-3.37993953e-02 2.40352973e-02 -2.75378721e-03
-3.37706403e-02 2.40047357e-02 -2.76112415e-03
-3.37419172e-02 2.39742993e-02 -2.76884025e-03
-3.37132261e-02 2.39439879e-02 -2.77693715e-03
-3.36845671e-02 2.39138009e-02 -2.78541648e-03
-3.36559403e-02 2.38837381e-02 -2.79427993e-03
-3.36273460e-02 2.38537989e-02 -2.80352920e-03
-3.35987842e-02 2.38239828e-02 -2.81316602e-03
