0.00000000e+00 0.00000000e+00 0.00000000e+00
0.00000000e+00 0.00000000e+00 0.00000000e+00
0.00000000e+00 0.00000000e+00 0.00000000e+00
0.00000000e+00 0.00000000e+00 0.00000000e+00
0.00000000e+00 0.00000000e+00 0.00000000e+00
0.00000000e+00 0.00000000e+00 0.00000000e+00
-4.33593819e-38 -7.56715153e-39 8.25666946e-38
-1.79463950e-35 -3.43334766e-36 3.43559826e-35
-1.25958144e-33 -2.67817171e-34 2.42751936e-33
-3.62524171e-32 -8.68300609e-33 7.04529443e-32
-5.85665150e-31 -1.60843324e-31 1.15038274e-30
-6.18294817e-30 -1.99677465e-30 1.23187992e-29
-4.62244361e-29 -1.82448025e-29 9.39887050e-29
-2.53150018e-28 -1.30333478e-28 5.31707275e-28
-9.92483306e-28 -7.58566619e-28 2.22004693e-27
-2.26269786e-27 -3.70354294e-27 6.12567671e-27
2.80081506e-27 -1.54872865e-26 3.16172430e-27
6.27770235e-26 -5.62814779e-26 -8.51433761e-26
4.07711177e-25 -1.79344346e-25 -6.53985702e-25
1.91061476e-24 -5.02677771e-25 -3.25153643e-24
7.39400769e-24 -1.23306548e-24 -1.29870066e-23
2.48636665e-23 -2.59413938e-24 -4.45735735e-23
7.45620727e-23 -4.40781238e-24 -1.35673544e-22
2.02498386e-22 -4.76783521e-24 -3.72815460e-22
5.02896858e-22 3.23679234e-24 -9.35010131e-22
1.14886007e-21 3.83474169e-23 -2.15456924e-21
2.42134443e-21 1.43397909e-22 -4.57742531e-21
4.70757914e-21 4.04182320e-22 -8.96900601e-21
8.40899468e-21 9.73153997e-22 -1.61513063e-20
1.36585060e-20 2.08944475e-21 -2.64769133e-20
1.97115048e-20 4.07473951e-21 -3.86719562e-20
2.38749334e-20 7.26712259e-21 -4.77706877e-20
1.99248528e-20 1.18345965e-20 -4.20172647e-20
-3.80020706e-21 1.73935790e-20 9.47329873e-22
-6.59956349e-20 2.23583547e-20 1.17442761e-19
-1.92368407e-19 2.29844360e-20 3.58176360e-19
-4.11867589e-19 1.21651044e-20 7.81650797e-19
-7.46310804e-19 -2.17831955e-20 1.43498346e-18
-1.19034940e-18 -9.58463939e-20 2.31605395e-18
-1.67966903e-18 -2.31714903e-19 3.31255611e-18
-2.04814970e-18 -4.52684567e-19 4.11877404e-18
-1.98000652e-18 -7.76640218e-19 4.14092873e-18
-9.70840169e-19 -1.20374216e-18 2.41710570e-18
1.67868668e-18 -1.69795942e-18 -2.40322541e-18
6.80316116e-18 -2.16282071e-18 -1.19559872e-17
1.52072800e-17 -2.41384174e-18 -2.78588983e-17
2.73582483e-17 -2.15304917e-18 -5.11341916e-17
4.29152254e-17 -9.54624630e-19 -8.13144759e-17
6.01109554e-17 1.72562678e-18 -1.15255449e-16
7.50580324e-17 6.50146974e-18 -1.45788140e-16
8.11290291e-17 1.39519583e-17 -1.60490770e-16
6.86467564e-17 2.44486659e-17 -1.41029052e-16
2.52004504e-17 3.79098192e-17 -6.36702799e-17
-6.30506508e-17 5.34915721e-17 9.83295947e-17
-2.08745865e-16 6.92482188e-17 3.69798611e-16
-4.19145170e-16 8.18202838e-17 7.65738261e-16
-6.90437044e-16 8.62391552e-17 1.28045903e-15
-1.00095567e-15 7.59640977e-17 1.87453608e-15
-1.30424772e-15 4.32848595e-17 2.46134952e-15
-1.52351887e-15 -1.97781464e-17 2.89611298e-15
-1.54955815e-15 -1.19973257e-16 2.97140160e-15
-1.24464926e-15 -2.60679010e-16 2.42400769e-15
-4.55063696e-16 -4.39196429e-16 9.58154910e-16
9.65685358e-16 -6.43687657e-16 -1.71065139e-15
3.12172333e-15 -8.50155116e-16 -5.78887662e-15
6.02854853e-15 -1.02004758e-15 -1.13165175e-14
9.55890545e-15 -1.09925692e-15 -1.80630816e-14
1.33872295e-14 -1.01939354e-15 -2.54201503e-14
1.69424933e-14 -7.02255111e-16 -3.23092578e-14
1.93824184e-14 -6.82850783e-17 -3.71299279e-14
1.96042137e-14 9.50486112e-16 -3.77770564e-14
1.63074846e-14 2.39304079e-15 -3.17579168e-14
8.12294638e-15 4.24827200e-15 -1.64353862e-14
-6.18459234e-15 6.43185805e-15 1.05857750e-14
-2.74392226e-14 8.76383231e-15 5.09293547e-14
-5.57153662e-14 1.09506147e-14 1.04798012e-13
-8.99652176e-14 1.25761721e-14 1.70255747e-13
-1.27656503e-13 1.31075424e-14 2.42527100e-13
-1.64481256e-13 1.19199866e-14 3.13429476e-13
-1.94209801e-13 8.34632426e-15 3.71081345e-13
-2.08771658e-13 1.75339950e-15 4.00044098e-13
-1.98643582e-13 -8.35398510e-15 3.82052972e-13
-1.53611391e-13 -2.22049291e-14 2.97466993e-13
-6.39445792e-14 -3.96178074e-14 1.27515113e-13
7.80200182e-14 -5.98518906e-14 -1.42666267e-13
2.75946234e-13 -8.14730672e-14 -5.20318857e-13
5.27347259e-13 -1.02256136e-13 -1.00091740e-12
8.21418339e-13 -1.19149512e-13 -1.56398408e-12
1.13712959e-12 -1.28329508e-13 -2.16939374e-12
1.44191663e-12 -1.25369853e-13 -2.75482129e-12
1.69134618e-12 -1.05547031e-13 -3.23506028e-12
1.83013980e-12 -6.42929887e-14 -3.50395466e-12
1.79490058e-12 2.20654428e-15 -3.43961346e-12
1.51879725e-12 9.62869910e-14 -2.91340448e-12
9.38312250e-13 2.17992343e-13 -1.80293877e-12
1.95672597e-15 3.64236378e-13 -8.86396074e-15
-1.31939788e-12 5.28021081e-13 2.52520523e-12
-3.02120972e-12 6.97815302e-13 5.79084855e-12
-5.05391707e-12 8.57211158e-13 9.69290735e-12
-7.31277390e-12 9.84982144e-13 1.40298255e-11
-9.63033099e-12 1.05566244e-12 1.84790915e-11
-1.17731719e-11 1.04074919e-12 2.25909012e-11
-1.34445375e-11 9.10596799e-13 2.57932093e-11
-1.42943403e-11 6.37023782e-13 2.74110838e-11
-1.39377482e-11 1.96589375e-13 2.67026577e-11
-1.19830049e-11 -4.25579198e-13 2.29129724e-11
-8.06843146e-12 -1.23161280e-12 1.53456125e-11
-1.90766388e-12 -2.20667189e-12 3.45029787e-12
6.65885249e-12 -3.31503939e-12 -1.30774117e-11
1.76091990e-11 -4.49698192e-12 -3.41902964e-11
3.06863362e-11 -5.66687538e-12 -5.93856778e-11
4.53506508e-11 -6.71310846e-12 -8.76137116e-11
6.07446503e-11 -7.50025471e-12 -1.17209345e-10
7.56761938e-11 -7.87393372e-12 -1.45860362e-10
8.86266408e-11 -7.66865925e-12 -1.70623923e-10
9.77897462e-11 -6.71879616e-12 -1.88002921e-10
1.01145963e-10 -4.87252066e-12 -1.94091192e-10
9.65749935e-11 -2.00840773e-12 -1.84793061e-10
8.20069709e-11 1.94603267e-12 -1.56117911e-10
5.56096162e-11 6.99486510e-12 -1.04544507e-10
1.60052122e-11 1.30545873e-11 -2.74429785e-11
-3.74925372e-11 1.99369170e-11 7.64649936e-11
-1.04635525e-10 2.73353016e-11 2.06634749e-10
-1.84009497e-10 3.48170724e-11 3.60249913e-10
-2.72833942e-10 4.18231734e-11 5.31836256e-10
-3.66816221e-10 4.76772711e-11 7.12982238e-10
-4.60083469e-10 5.16057580e-11 8.92212204e-10
-5.45215303e-10 5.27697174e-11 1.05505708e-09
-6.13398078e-10 5.03092903e-11 1.18436286e-09
-6.54717253e-10 4.34001132e-11 1.26086900e-09
-6.58598229e-10 3.13205880e-11 1.26407644e-09
-6.14397958e-10 1.35277471e-11 1.17340935e-09
-5.12139791e-10 -1.02615676e-11 9.69655069e-10
-3.43372840e-10 -3.99885158e-11 6.36645023e-10
-1.02125024e-10 -7.51742986e-11 1.63115426e-10
2.14093332e-10 -1.14852438e-10 -4.55337420e-10
6.03290422e-10 -1.57517832e-10 -1.21431575e-09
1.05806399e-09 -2.01099341e-10 -2.09882196e-09
1.56481645e-09 -2.42962464e-10 -3.08174856e-09
2.10319341e-09 -2.79948086e-10 -4.12281190e-09
2.64582625e-09 -3.08452165e-10 -5.16808764e-09
3.15845633e-09 -3.24549665e-10 -6.15029913e-09
3.60050979e-09 -3.24164009e-10 -6.98999294e-09
3.92617827e-09 -3.03280860e-10 -7.59770798e-09
4.08604099e-09 -2.58202214e-10 -7.87720581e-09
4.02923920e-09 -1.85833761e-10 -7.72978029e-09
3.70618386e-09 -8.39952891e-11 -7.05960590e-09
3.07174423e-09 4.82591851e-11 -5.78001805e-09
2.08882863e-09 2.10327721e-10 -3.82054689e-09
7.32231552e-10 3.99771811e-10 -1.13445321e-09
-1.00741522e-09 6.12073199e-10 2.29355663e-09
-3.11978346e-09 8.40457544e-10 6.43982540e-09
-5.57130578e-09 1.07580635e-09 1.12348937e-08
-8.30219528e-09 1.30667746e-09 1.65577879e-08
-1.12242854e-08 1.51945198e-09 2.22319549e-08
-1.42199491e-08 1.69862211e-09 2.80233511e-08
-1.71423426e-08 1.82722919e-09 3.36411682e-08
-1.98171964e-08 1.88745542e-09 3.87416215e-08
-2.20463302e-08 1.86136554e-09 4.29351488e-08
-2.36130177e-08 1.73178670e-09 4.57972505e-08
-2.42892541e-08 1.48330646e-09 4.68830649e-08
-2.38448982e-08 1.10335981e-09 4.57456081e-08
-2.20585683e-08 5.83367874e-10 4.19574219e-08
-1.87300690e-08 -8.01173488e-11 3.51351742e-08
-1.36940249e-08 -8.84314606e-10 2.49665507e-08
-6.83428799e-09 -1.81921935e-09 1.12385701e-08
1.90140765e-09 -2.86677563e-09 -6.13373934e-09
1.24871662e-08 -4.00027664e-09 -2.70795386e-08
2.48057169e-08 -5.18405567e-09 -5.13466327e-08
3.86370178e-08 -6.37352454e-09 -7.84796663e-08
5.36494535e-08 -7.51560984e-09 -1.07803599e-07
6.93944088e-08 -8.54962677e-09 -1.38413994e-07
8.53049655e-08 -9.40861724e-09 -1.69175586e-07
1.00699407e-07 -1.00211630e-08 -1.98730459e-07
1.14790114e-07 -1.03136662e-08 -2.25516947e-07
1.26698290e-07 -1.02130696e-08 -2.47800104e-07
1.35474795e-07 -9.64996729e-09 -2.63714218e-07
1.40127150e-07 -8.56203509e-09 -2.71317457e-07
1.39652553e-07 -6.89768748e-09 -2.68658253e-07
1.33076474e-07 -4.61984850e-09 -2.53852524e-07
1.19496172e-07 -1.70970489e-09 -2.25170318e-07
9.81281405e-08 1.82970497e-09 -1.81129885e-07
6.83582835e-08 5.97022433e-09 -1.20596711e-07
2.97933178e-08 1.06557983e-08 -4.28844698e-08
-1.76883054e-08 1.58003465e-08 5.21455343e-08
-7.38878756e-08 2.12864501e-08 1.63990273e-07
-1.38242355e-07 2.69650015e-08 2.91420367e-07
-2.09786933e-07 3.26559513e-08 4.32409211e-07
-2.87126380e-07 3.81502589e-08 5.84080171e-07
-3.68417374e-07 4.32131249e-08 7.42676089e-07
-4.51363812e-07 4.75885482e-08 9.03555053e-07
-5.33226957e-07 5.10052082e-08 1.06121599e-06
-6.10851994e-07 5.31836268e-08 1.20935707e-06
-6.80712173e-07 5.38445218e-08 1.34096913e-06
-7.38971358e-07 5.27182078e-08 1.44846550e-06
-7.81565222e-07 4.95548583e-08 1.52384866e-06
-8.04300839e-07 4.41353909e-08 1.55891280e-06
-8.02973789e-07 3.62826975e-08 1.54548042e-06
-7.73501265e-07 2.58729001e-08 1.47566978e-06
-7.12069030e-07 1.28462844e-08 1.34218851e-06
-6.15289419e-07 -2.78246367e-09 1.13864776e-06
-4.80366986e-07 -2.09151025e-08 8.59889736e-07
-3.05267780e-07 -4.13621523e-08 5.02320643e-07
-8.88877611e-08 -6.38370644e-08 6.42397697e-08
1.68784585e-07 -8.79526040e-08 -4.53845098e-07
4.66516706e-07 -1.13219773e-07 -1.04892653e-06
8.01696978e-07 -1.39049552e-07 -1.71524140e-06
1.17022180e-06 -1.64757695e-07 -2.44406102e-06
1.56641026e-06 -1.89572724e-07 -3.22353808e-06
1.98295167e-06 -2.12647207e-07 -4.03862074e-06
2.41089080e-06 -2.33072327e-07 -4.87104338e-06
2.83965527e-06 -2.49895624e-07 -5.69940218e-06
3.25712857e-06 -2.62141748e-07 -6.49932241e-06
3.64977180e-06 -2.68835919e-07 -7.24372259e-06
4.00279573e-06 -2.69029720e-07 -7.90317863e-06
4.30038407e-06 -2.61828762e-07 -8.44638878e-06
4.52596754e-06 -2.46421658e-07 -8.84073793e-06
4.66254688e-06 -2.22109688e-07 -9.05295716e-06
4.69306201e-06 -1.88336456e-07 -9.04987187e-06
4.60080276e-06 -1.44716811e-07 -8.79922916e-06
4.36985570e-06 -9.10642502e-08 -8.27059241e-06
3.98557996e-06 -2.74160286e-08 -7.43628872e-06
3.43510391e-06 4.59448207e-08 -6.27239237e-06
2.70783353e-06 1.28471305e-07 -4.75972543e-06
1.79596211e-06 2.19338855e-07 -2.88485473e-06
6.94970492e-07 3.17436921e-07 -6.41063253e-07
-5.95894042e-07 4.21366360e-07 1.97072741e-06
-2.07317190e-06 5.29443092e-07 4.94110724e-06
-3.72879063e-06 6.39708371e-07 8.25142456e-06
-5.54972162e-06 7.49945914e-07 1.18731528e-05
-7.51770568e-06 8.57705972e-07 1.57674002e-05
-9.60905854e-06 9.60336278e-07 1.98845827e-05
-1.17945663e-05 1.05501966e-06 2.41642813e-05
-1.40394798e-05 1.13881793e-06 2.85352978e-05
-1.63036156e-05 1.20872157e-06 3.29159254e-05
-1.85415695e-05 1.26170447e-06 3.72144439e-05
-2.07030467e-05 1.29478291e-06 4.13298458e-05
-2.27333107e-05 1.30507791e-06 4.51527970e-05
-2.45737518e-05 1.28987977e-06 4.85668314e-05
-2.61625720e-05 1.24671374e-06 5.14497721e-05
-2.74355833e-05 1.17340547e-06 5.36753712e-05
-2.83271119e-05 1.06814515e-06 5.51151521e-05
-2.87710001e-05 9.29548740e-07 5.56404366e-05
-2.87016950e-05 7.56715278e-07 5.51245340e-05
-2.80554108e-05 5.49278749e-07 5.34450639e-05
-2.67713509e-05 3.07453405e-07 5.04863850e-05
-2.47929723e-05 3.20713434e-08 4.61420944e-05
-2.20692755e-05 -2.75388716e-07 4.03175622e-05
-1.85561007e-05 -6.12782353e-07 3.29324645e-05
-1.42174101e-05 -9.77290852e-07 2.39232739e-05
-9.02653732e-06 -1.36542369e-06 1.32456689e-05
-2.96738238e-06 -1.77303254e-06 8.76820219e-07
3.96446782e-06 -2.19533695e-06 -1.31824826e-05
1.17607126e-05 -2.62696177e-06 -2.89059060e-05
2.03994237e-05 -3.06198617e-06 -4.62398818e-05
2.98442620e-05 -3.49400367e-06 -6.51021872e-05
4.00438411e-05 -3.91619272e-06 -8.53808242e-05
5.09312517e-05 -4.32139700e-06 -1.06933226e-04
6.24237597e-05 -4.70221432e-06 -1.29585811e-04
7.44226871e-05 -5.05109300e-06 -1.53133907e-04
8.68134845e-05 -5.36043445e-06 -1.77342048e-04
9.94659981e-05 -5.62270033e-06 -2.01944663e-04
1.12234935e-04 -5.83052279e-06 -2.26647149e-04
1.24960524e-04 -5.97681614e-06 -2.51127327e-04
1.37469372e-04 -6.05488810e-06 -2.75037269e-04
1.49575499e-04 -6.05854902e-06 -2.98005492e-04
1.61081563e-04 -5.98221715e-06 -3.19639472e-04
1.71780231e-04 -5.82101842e-06 -3.39528485e-04
1.81455720e-04 -5.57087891e-06 -3.57246719e-04
1.89885452e-04 -5.22860853e-06 -3.72356626e-04
1.96841836e-04 -4.79197439e-06 -3.84412494e-04
2.02094137e-04 -4.25976266e-06 -3.92964163e-04
2.05410415e-04 -3.63182772e-06 -3.97560876e-04
2.06559512e-04 -2.90912755e-06 -3.97755187e-04
2.05313063e-04 -2.09374485e-06 -3.93106903e-04
2.01447501e-04 -1.18889308e-06 -3.83186989e-04
1.94746038e-04 -1.98907317e-07 -3.67581407e-04
1.85000591e-04 8.70780201e-07 -3.45894824e-04
1.72013636e-04 2.01367978e-06 -3.17754159e-04
1.55599958e-04 3.22229872e-06 -2.82811905e-04
1.35588280e-04 4.48820992e-06 -2.40749209e-04
1.11822758e-04 5.80213389e-06 -1.91278646e-04
8.41643037e-05 7.15403304e-06 -1.34146670e-04
5.24917420e-05 8.53321711e-06 -6.91357139e-05
1.67027723e-05 9.92845830e-06 3.93410441e-06
-2.32852704e-05 1.13281146e-05 8.52036719e-05
-6.75348648e-05 1.27202598e-05 1.74773989e-04
-1.16087970e-04 1.40928181e-05 2.72705709e-04
-1.68965910e-04 1.54337019e-05 3.79019099e-04
-2.26169485e-04 1.67309507e-05 4.93694445e-04
-2.87679290e-04 1.79728694e-05 6.16672866e-04
-3.53456259e-04 1.91481641e-05 7.47857546e-04
-4.23442409e-04 2.02460730e-05 8.87115358e-04
-4.97561774e-04 2.12564922e-05 1.03427886e-03
-5.75721536e-04 2.21700932e-05 1.18914863e-03
-6.57813314e-04 2.29784311e-05 1.35149593e-03
-7.43714607e-04 2.36740426e-05 1.52106564e-03
-8.33290377e-04 2.42505317e-05 1.69757946e-03
-9.26394744e-04 2.47026433e-05 1.88073926e-03
-1.02287277e-03 2.50263221e-05 2.07023068e-03
-1.12256234e-03 2.52187579e-05 2.26572680e-03
-1.22529604e-03 2.52784153e-05 2.46689192e-03
-1.33090317e-03 2.52050494e-05 2.67338532e-03
-1.43921161e-03 2.49997048e-05 2.88486512e-03
-1.55004985e-03 2.46647009e-05 3.10099202e-03
-1.66324885e-03 2.42036016e-05 3.32143296e-03
-1.77864388e-03 2.36211715e-05 3.54586472e-03
-1.89607635e-03 2.29233184e-05 3.77397727e-03
-2.01539547e-03 2.21170227e-05 4.00547700e-03
-2.13645985e-03 2.12102563e-05 4.24008972e-03
-2.25913895e-03 2.02118905e-05 4.47756343e-03
-2.38331442e-03 1.91315948e-05 4.71767071e-03
-2.50888130e-03 1.79797278e-05 4.96021100e-03
-2.63574902e-03 1.67672228e-05 5.20501244e-03
-2.76384233e-03 1.55054672e-05 5.45193345e-03
-2.89310194e-03 1.42061797e-05 5.70086396e-03
-3.02348515e-03 1.28812854e-05 5.95172637e-03
-3.15496613e-03 1.15427904e-05 6.20447611e-03
-3.28753620e-03 1.02026585e-05 6.45910192e-03
-3.42120384e-03 8.87268961e-06 6.71562581e-03
-3.55599460e-03 7.56440279e-06 6.97410273e-03
-3.69195079e-03 6.28892481e-06 7.23461991e-03
-3.82913110e-03 5.05688483e-06 7.49729593e-03
-3.96761005e-03 3.87831699e-06 7.76227961e-03
-4.10747727e-03 2.76257140e-06 8.02974854e-03
-4.24883677e-03 1.71823463e-06 8.29990750e-03
-4.39180600e-03 7.53060137e-07 8.57298662e-03
-4.53651487e-03 -1.26090626e-07 8.84923944e-03
-4.68310471e-03 -9.13296236e-07 9.12894077e-03
-4.83172712e-03 -1.60361206e-06 9.41238447e-03
-4.98254278e-03 -2.19309577e-06 9.69988112e-03
-5.13572027e-03 -2.67882157e-06 9.99175568e-03
-5.29143482e-03 -3.05888339e-06 1.02883450e-02
-5.44986704e-03 -3.33238736e-06 1.05899956e-02
-5.61120169e-03 -3.49943392e-06 1.08970609e-02
-5.77562642e-03 -3.56109018e-06 1.12098991e-02
-5.94333060e-03 -3.51935318e-06 1.15288709e-02
-6.11450411e-03 -3.37710467e-06 1.18543370e-02
-6.28933619e-03 -3.13805838e-06 1.21866561e-02
-6.46801442e-03 -2.80670052e-06 1.25261830e-02
-6.65072361e-03 -2.38822443e-06 1.28732661e-02
-6.83764491e-03 -1.88846042e-06 1.32282462e-02
-7.02895488e-03 -1.31380161e-06 1.35914546e-02
-7.22482472e-03 -6.71126970e-07 1.39632114e-02
-7.42541946e-03 3.22777368e-08 1.43438244e-02
-7.63089739e-03 7.88799903e-07 1.47335877e-02
-7.84140940e-03 1.59058016e-06 1.51327806e-02
-8.05709854e-03 2.42959164e-06 1.55416669e-02
-8.27809961e-03 3.29771754e-06 1.59604938e-02
-8.50453876e-03 4.18682633e-06 1.63894918e-02
-8.73653329e-03 5.08884371e-06 1.68288737e-02
-8.97419143e-03 5.99582084e-06 1.72788345e-02
-9.21761225e-03 6.89999807e-06 1.77395512e-02
-9.46688555e-03 7.79386392e-06 1.82111828e-02
-9.72209192e-03 8.67020864e-06 1.86938702e-02
-9.98330278e-03 9.52217221e-06 1.91877364e-02
-1.02505805e-02 1.03432864e-05 1.96928866e-02
-1.05239785e-02 1.11275106e-05 2.02094089e-02
-1.08035415e-02 1.18692622e-05 2.07373743e-02
-1.10893058e-02 1.25634394e-05 2.12768370e-02
-1.13812993e-02 1.32054397e-05 2.18278356e-02
-1.16795423e-02 1.37911708e-05 2.23903930e-02
-1.19840469e-02 1.43170565e-05 2.29645170e-02
-1.22948184e-02 1.47800373e-05 2.35502013e-02
-1.26118546e-02 1.51775649e-05 2.41474256e-02
-1.29351467e-02 1.55075924e-05 2.47561567e-02
-1.32646797e-02 1.57685599e-05 2.53763486e-02
-1.36004321e-02 1.59593760e-05 2.60079433e-02
-1.39423768e-02 1.60793953e-05 2.66508715e-02
-1.42904810e-02 1.61283932e-05 2.73050528e-02
-1.46447067e-02 1.61065376e-05 2.79703965e-02
-1.50050108e-02 1.60143585e-05 2.86468019e-02
-1.53713454e-02 1.58527156e-05 2.93341587e-02
-1.57436579e-02 1.56227652e-05 3.00323474e-02
-1.61218913e-02 1.53259251e-05 3.07412399e-02
-1.65059842e-02 1.49638405e-05 3.14606993e-02
-1.68958712e-02 1.45383486e-05 3.21905807e-02
-1.72914826e-02 1.40514444e-05 3.29307309e-02
-1.76927450e-02 1.35052470e-05 3.36809888e-02
-1.80995809e-02 1.29019670e-05 3.44411857e-02
-1.85119089e-02 1.22438753e-05 3.52111451e-02
-1.89296438e-02 1.15332735e-05 3.59906826e-02
-1.93526965e-02 1.07724661e-05 3.67796065e-02
-1.97809740e-02 9.96373523e-06 3.75777172e-02
-2.02143794e-02 9.10931713e-06 3.83848073e-02
-2.06528118e-02 8.21138109e-06 3.92006616e-02
-2.10961663e-02 7.27201103e-06 4.00250570e-02
-2.15443336e-02 6.29318936e-06 4.08577623e-02
-2.19972006e-02 5.27678348e-06 4.16985378e-02
-2.24546496e-02 4.22453473e-06 4.25471357e-02
-2.29165585e-02 3.13804984e-06 4.34032996e-02
-2.33828008e-02 2.01879471e-06 4.42667642e-02
-2.38532454e-02 8.68090554e-07 4.51372554e-02
-2.43277562e-02 -3.12887754e-07 4.60144898e-02
-2.48061926e-02 -1.52311132e-06 4.68981749e-02
-2.52884089e-02 -2.76169492e-06 4.77880088e-02
-2.57742544e-02 -4.02789289e-06 4.86836797e-02
-2.62635733e-02 -5.32109348e-06 4.95848664e-02
-2.67562046e-02 -6.64081171e-06 5.04912376e-02
-2.72519819e-02 -7.98668108e-06 5.14024520e-02
-2.77507337e-02 -9.35844407e-06 5.23181584e-02
-2.82522829e-02 -1.07559419e-05 5.32379952e-02
-2.87564471e-02 -1.21791034e-05 5.41615906e-02
-2.92630384e-02 -1.36279337e-05 5.50885628e-02
-2.97718634e-02 -1.51025018e-05 5.60185195e-02
-3.02827231e-02 -1.66029291e-05 5.69510581e-02
-3.07954133e-02 -1.81293765e-05 5.78857660e-02
-3.13097241e-02 -1.96820329e-05 5.88222202e-02
-3.18254403e-02 -2.12611026e-05 5.97599880e-02
-3.23423412e-02 -2.28667944e-05 6.06986263e-02
-3.28602009e-02 -2.44993098e-05 6.16376827e-02
-3.33787881e-02 -2.61588327e-05 6.25766946e-02
-3.38978666e-02 -2.78455193e-05 6.35151905e-02
-3.44171948e-02 -2.95594884e-05 6.44526892e-02
-3.49365264e-02 -3.13008131e-05 6.53887008e-02
-3.54556101e-02 -3.30695126e-05 6.63227265e-02
-3.59741901e-02 -3.48655453e-05 6.72542590e-02
-3.64920058e-02 -3.66888022e-05 6.81827830e-02
-3.70087923e-02 -3.85391013e-05 6.91077751e-02
-3.75242806e-02 -4.04161833e-05 7.00287046e-02
-3.80381974e-02 -4.23197075e-05 7.09450335e-02
-3.85502657e-02 -4.42492484e-05 7.18562170e-02
-3.90602048e-02 -4.62042937e-05 7.27617041e-02
-3.95677304e-02 -4.81842426e-05 7.36609375e-02
-4.00725549e-02 -5.01884046e-05 7.45533547e-02
-4.05743880e-02 -5.22159995e-05 7.54383877e-02
-4.10729360e-02 -5.42661578e-05 7.63154641e-02
-4.15679030e-02 -5.63379209e-05 7.71840072e-02
-4.20589907e-02 -5.84302434e-05 7.80434365e-02
-4.25458985e-02 -6.05419942e-05 7.88931681e-02
-4.30283241e-02 -6.26719592e-05 7.97326158e-02
-4.35059634e-02 -6.48188437e-05 8.05611906e-02
-4.39785110e-02 -6.69812752e-05 8.13783021e-02
-4.44456604e-02 -6.91578069e-05 8.21833585e-02
-4.49071044e-02 -7.13469210e-05 8.29757674e-02
-4.53625349e-02 -7.35470319e-05 8.37549363e-02
-4.58116438e-02 -7.57564906e-05 8.45202728e-02
-4.62541228e-02 -7.79735878e-05 8.52711857e-02
-4.66896639e-02 -8.01965582e-05 8.60070853e-02
-4.71179598e-02 -8.24235843e-05 8.67273836e-02
-4.75387036e-02 -8.46528002e-05 8.74314957e-02
-4.79515900e-02 -8.68822955e-05 8.81188394e-02
-4.83563148e-02 -8.91101194e-05 8.87888366e-02
-4.87525756e-02 -9.13342841e-05 8.94409133e-02
-4.91400718e-02 -9.35527687e-05 9.00745004e-02
-4.95185053e-02 -9.57635227e-05 9.06890344e-02
-4.98875805e-02 -9.79644699e-05 9.12839575e-02
-5.02470045e-02 -1.00153511e-04 9.18587190e-02
-5.05964877e-02 -1.02328529e-04 9.24127748e-02
-5.09357439e-02 -1.04487388e-04 9.29455890e-02
-5.12644906e-02 -1.06627942e-04 9.34566339e-02
-5.15824494e-02 -1.08748034e-04 9.39453905e-02
-5.18893462e-02 -1.10845501e-04 9.44113495e-02
-5.21849114e-02 -1.12918173e-04 9.48540114e-02
-5.24688804e-02 -1.14963882e-04 9.52728875e-02
-5.27409937e-02 -1.16980460e-04 9.56674999e-02
-5.30009973e-02 -1.18965743e-04 9.60373827e-02
-5.32486430e-02 -1.20917573e-04 9.63820820e-02
-5.34836885e-02 -1.22833801e-04 9.67011567e-02
-5.37058979e-02 -1.24712291e-04 9.69941788e-02
-5.39150417e-02 -1.26550919e-04 9.72607343e-02
-5.41108975e-02 -1.28347578e-04 9.75004234e-02
-5.42932496e-02 -1.30100178e-04 9.77128609e-02
-5.44618901e-02 -1.31806654e-04 9.78976771e-02
-5.46166183e-02 -1.33464959e-04 9.80545178e-02
-5.47572415e-02 -1.35073076e-04 9.81830452e-02
-5.48835751e-02 -1.36629013e-04 9.82829380e-02
-5.49954427e-02 -1.38130809e-04 9.83538919e-02
-5.50926766e-02 -1.39576537e-04 9.83956202e-02
-5.51751177e-02 -1.40964303e-04 9.84078541e-02
-5.52426158e-02 -1.42292252e-04 9.83903430e-02
-5.52950302e-02 -1.43558567e-04 9.83428549e-02
-5.53322291e-02 -1.44761475e-04 9.82651769e-02
-5.53540906e-02 -1.45899245e-04 9.81571154e-02
-5.53605023e-02 -1.46970194e-04 9.80184964e-02
-5.53513617e-02 -1.47972689e-04 9.78491659e-02
-5.53265766e-02 -1.48905147e-04 9.76489901e-02
-5.52860646e-02 -1.49766040e-04 9.74178558e-02
-5.52297539e-02 -1.50553896e-04 9.71556704e-02
-5.51575830e-02 -1.51267300e-04 9.68623623e-02
-5.50695011e-02 -1.51904901e-04 9.65378810e-02
-5.49654680e-02 -1.52465407e-04 9.61821974e-02
-5.48454542e-02 -1.52947594e-04 9.57953038e-02
-5.47094413e-02 -1.53350306e-04 9.53772143e-02
-5.45574215e-02 -1.53672454e-04 9.49279644e-02
-5.43893982e-02 -1.53913023e-04 9.44476117e-02
-5.42053859e-02 -1.54071070e-04 9.39362355e-02
-5.40054099e-02 -1.54145729e-04 9.33939371e-02
-5.37895069e-02 -1.54136209e-04 9.28208396e-02
-5.35577245e-02 -1.54041801e-04 9.22170882e-02
-5.33101216e-02 -1.53861875e-04 9.15828498e-02
-5.30467680e-02 -1.53595884e-04 9.09183133e-02
-5.27677447e-02 -1.53243364e-04 9.02236891e-02
-5.24731438e-02 -1.52803937e-04 8.94992096e-02
-5.21630683e-02 -1.52277311e-04 8.87451284e-02
-5.18376321e-02 -1.51663282e-04 8.79617205e-02
-5.14969603e-02 -1.50961735e-04 8.71492823e-02
-5.11411884e-02 -1.50172642e-04 8.63081311e-02
-5.07704628e-02 -1.49296068e-04 8.54386048e-02
-5.03849404e-02 -1.48332167e-04 8.45410620e-02
-4.99847886e-02 -1.47281186e-04 8.36158815e-02
-4.95701852e-02 -1.46143461e-04 8.26634621e-02
-4.91413182e-02 -1.44919423e-04 8.16842222e-02
-4.86983856e-02 -1.43609593e-04 8.06785996e-02
-4.82415952e-02 -1.42214585e-04 7.96470509e-02
-4.77711648e-02 -1.40735103e-04 7.85900514e-02
-4.72873214e-02 -1.39171944e-04 7.75080946e-02
-4.67903016e-02 -1.37525996e-04 7.64016917e-02
-4.62803509e-02 -1.35798236e-04 7.52713712e-02
-4.57577238e-02 -1.33989733e-04 7.41176786e-02
-4.52226837e-02 -1.32101641e-04 7.29411755e-02
-4.46755021e-02 -1.30135205e-04 7.17424398e-02
-4.41164590e-02 -1.28091755e-04 7.05220645e-02
-4.35458421e-02 -1.25972707e-04 6.92806575e-02
-4.29639470e-02 -1.23779559e-04 6.80188411e-02
-4.23710768e-02 -1.21513893e-04 6.67372512e-02
-4.17675415e-02 -1.19177372e-04 6.54365371e-02
-4.11536581e-02 -1.16771735e-04 6.41173604e-02
-4.05297502e-02 -1.14298801e-04 6.27803950e-02
-3.98961478e-02 -1.11760461e-04 6.14263259e-02
-3.92531865e-02 -1.09158681e-04 6.00558491e-02
-3.86012080e-02 -1.06495495e-04 5.86696705e-02
-3.79405591e-02 -1.03773007e-04 5.72685056e-02
-3.72715917e-02 -1.00993384e-04 5.58530786e-02
-3.65946625e-02 -9.81588592e-05 5.44241222e-02
-3.59101324e-02 -9.52717222e-05 5.29823761e-02
-3.52183665e-02 -9.23343220e-05 5.15285871e-02
-3.45197336e-02 -8.93490615e-05 5.00635082e-02
-3.38146058e-02 -8.63183950e-05 4.85878976e-02
-3.31033582e-02 -8.32448254e-05 4.71025185e-02
-3.23863688e-02 -8.01309006e-05 4.56081380e-02
-3.16640177e-02 -7.69792108e-05 4.41055266e-02
-3.09366871e-02 -7.37923849e-05 4.25954578e-02
-3.02047610e-02 -7.05730874e-05 4.10787065e-02
-2.94686243e-02 -6.73240151e-05 3.95560494e-02
-2.87286632e-02 -6.40478935e-05 3.80282637e-02
-2.79852645e-02 -6.07474733e-05 3.64961262e-02
-2.72388152e-02 -5.74255273e-05 3.49604134e-02
-2.64897020e-02 -5.40848467e-05 3.34219001e-02
-2.57383115e-02 -5.07282373e-05 3.18813589e-02
-2.49850293e-02 -4.73585167e-05 3.03395598e-02
-2.42302402e-02 -4.39785100e-05 2.87972693e-02
-2.34743271e-02 -4.05910468e-05 2.72552496e-02
-2.27176716e-02 -3.71989572e-05 2.57142584e-02
-2.19606530e-02 -3.38050688e-05 2.41750478e-02
-2.12036480e-02 -3.04122030e-05 2.26383639e-02
-2.04470310e-02 -2.70231715e-05 2.11049464e-02
-1.96911730e-02 -2.36407727e-05 1.95755273e-02
-1.89364417e-02 -2.02677886e-05 1.80508311e-02
-1.81832013e-02 -1.69069815e-05 1.65315738e-02
-1.74318120e-02 -1.35610902e-05 1.50184622e-02
-1.66826296e-02 -1.02328273e-05 1.35121939e-02
-1.59360057e-02 -6.92487571e-06 1.20134560e-02
-1.51922868e-02 -3.63988562e-06 1.05229253e-02
-1.44518145e-02 -3.80471344e-07 9.04126722e-03
-1.37149252e-02 2.85079159e-06 7.56913570e-03
-1.29819495e-02 6.05136941e-06 6.10717252e-03
-1.22532122e-02 9.21877290e-06 4.65600686e-03
-1.15290324e-02 1.23505602e-05 3.21625490e-03
-1.08097226e-02 1.54443395e-05 1.78851938e-03
-1.00955890e-02 1.84977714e-05 3.73389189e-04
-9.38693094e-03 2.15085720e-05 -1.02856105e-03
-8.68404108e-03 2.44745144e-05 -2.41677131e-03
-7.98720489e-03 2.73934319e-05 -3.79069653e-03
-7.29670065e-03 3.02632198e-05 -5.14980697e-03
-6.61279921e-03 3.30818372e-05 -6.49358847e-03
-5.93576383e-03 3.58473098e-05 -7.82154280e-03
-5.26585009e-03 3.85577312e-05 -9.13318789e-03
-4.60330566e-03 4.12112648e-05 -1.04280581e-02
-3.94837026e-03 4.38061458e-05 -1.17057045e-02
-3.30127550e-03 4.63406824e-05 -1.29656949e-02
-2.66224476e-03 4.88132578e-05 -1.42076143e-02
-2.03149311e-03 5.12223311e-05 -1.54310649e-02
-1.40922722e-03 5.35664389e-05 -1.66356663e-02
-7.95645297e-04 5.58441962e-05 -1.78210555e-02
-1.90936973e-04 5.80542980e-05 -1.89868873e-02
4.04716711e-04 6.01955197e-05 -2.01328341e-02
9.91143372e-04 6.22667183e-05 -2.12585859e-02
1.56817932e-03 6.42668328e-05 -2.23638510e-02
2.13566959e-03 6.61948853e-05 -2.34483550e-02
2.69346796e-03 6.80499813e-05 -2.45118416e-02
3.24143695e-03 6.98313100e-05 -2.55540726e-02
3.77944784e-03 7.15381445e-05 -2.65748270e-02
4.30738066e-03 7.31698426e-05 -2.75739022e-02
4.82512415e-03 7.47258460e-05 -2.85511129e-02
5.33257575e-03 7.62056809e-05 -2.95062914e-02
5.82964159e-03 7.76089576e-05 -3.04392878e-02
6.31623638e-03 7.89353701e-05 -3.13499692e-02
6.79228342e-03 8.01846961e-05 -3.22382201e-02
7.25771451e-03 8.13567958e-05 -3.31039422e-02
7.71246988e-03 8.24516120e-05 -3.39470539e-02
8.15649813e-03 8.34691688e-05 -3.47674903e-02
8.58975613e-03 8.44095711e-05 -3.55652031e-02
9.01220892e-03 8.52730032e-05 -3.63401604e-02
9.42382964e-03 8.60597283e-05 -3.70923460e-02
9.82459941e-03 8.67700865e-05 -3.78217599e-02
1.02145072e-02 8.74044942e-05 -3.85284174e-02
1.05935497e-02 8.79634422e-05 -3.92123490e-02
1.09617313e-02 8.84474943e-05 -3.98736005e-02
1.13190637e-02 8.88572855e-05 -4.05122321e-02
1.16655662e-02 8.91935206e-05 -4.11283184e-02
1.20012651e-02 8.94569719e-05 -4.17219483e-02
1.23261939e-02 8.96484774e-05 -4.22932241e-02
1.26403928e-02 8.97689389e-05 -4.28422619e-02
1.29439089e-02 8.98193196e-05 -4.33691905e-02
1.32367958e-02 8.98006420e-05 -4.38741516e-02
1.35191136e-02 8.97139857e-05 -4.43572993e-02
1.37909285e-02 8.95604848e-05 -4.48187995e-02
1.40523128e-02 8.93413255e-05 -4.52588300e-02
1.43033448e-02 8.90577438e-05 -4.56775795e-02
1.45441083e-02 8.87110228e-05 -4.60752480e-02
1.47746928e-02 8.83024900e-05 -4.64520457e-02
1.49951928e-02 8.78335149e-05 -4.68081931e-02
1.52057083e-02 8.73055060e-05 -4.71439202e-02
1.54063439e-02 8.67199085e-05 -4.74594666e-02
1.55972092e-02 8.60782014e-05 -4.77550807e-02
1.57784181e-02 8.53818946e-05 -4.80310196e-02
1.59500891e-02 8.46325266e-05 -4.82875484e-02
1.61123445e-02 8.38316615e-05 -4.85249401e-02
1.62653108e-02 8.29808863e-05 -4.87434752e-02
1.64091181e-02 8.20818085e-05 -4.89434410e-02
1.65439001e-02 8.11360531e-05 -4.91251316e-02
1.66697937e-02 8.01452605e-05 -4.92888471e-02
1.67869390e-02 7.91110835e-05 -4.94348939e-02
1.68954791e-02 7.80351850e-05 -4.95635834e-02
1.69955597e-02 7.69192357e-05 -4.96752324e-02
1.70873290e-02 7.57649114e-05 -4.97701623e-02
1.71709377e-02 7.45738912e-05 -4.98486989e-02
1.72465384e-02 7.33478549e-05 -4.99111720e-02
1.73142859e-02 7.20884810e-05 -4.99579151e-02
1.73743364e-02 7.07974447e-05 -4.99892648e-02
1.74268481e-02 6.94764160e-05 -5.00055607e-02
1.74719801e-02 6.81270577e-05 -5.00071450e-02
1.75098931e-02 6.67510237e-05 -4.99943620e-02
1.75407485e-02 6.53499574e-05 -4.99675582e-02
1.75647087e-02 6.39254901e-05 -4.99270812e-02
1.75819368e-02 6.24792394e-05 -4.98732801e-02
1.75925963e-02 6.10128081e-05 -4.98065050e-02
1.75968510e-02 5.95277826e-05 -4.97271062e-02
1.75948650e-02 5.80257321e-05 -4.96354346e-02
1.75868024e-02 5.65082070e-05 -4.95318408e-02
1.75728270e-02 5.49767386e-05 -4.94166755e-02
1.75531026e-02 5.34328373e-05 -4.92902882e-02
1.75277925e-02 5.18779926e-05 -4.91530278e-02
1.74970592e-02 5.03136719e-05 -4.90052420e-02
1.74610648e-02 4.87413197e-05 -4.88472770e-02
1.74199706e-02 4.71623573e-05 -4.86794771e-02
1.73739368e-02 4.55781822e-05 -4.85021849e-02
1.73231227e-02 4.39901674e-05 -4.83157404e-02
1.72676864e-02 4.23996609e-05 -4.81204813e-02
1.72077847e-02 4.08079857e-05 -4.79167426e-02
1.71435732e-02 3.92164387e-05 -4.77048562e-02
1.70752059e-02 3.76262911e-05 -4.74851508e-02
1.70028353e-02 3.60387877e-05 -4.72579517e-02
1.69266123e-02 3.44551463e-05 -4.70235808e-02
1.68466861e-02 3.28765580e-05 -4.67823557e-02
1.67632042e-02 3.13041865e-05 -4.65345906e-02
1.66763122e-02 2.97391676e-05 -4.62805949e-02
1.65861536e-02 2.81826094e-05 -4.60206740e-02
1.64928701e-02 2.66355915e-05 -4.57551287e-02
1.63966016e-02 2.50991649e-05 -4.54842551e-02
1.62974855e-02 2.35743513e-05 -4.52083443e-02
1.61956572e-02 2.20621430e-05 -4.49276827e-02
1.60912502e-02 2.05635026e-05 -4.46425513e-02
1.59843954e-02 1.90793619e-05 -4.43532260e-02
1.58752216e-02 1.76106220e-05 -4.40599774e-02
1.57638554e-02 1.61581523e-05 -4.37630706e-02
1.56504210e-02 1.47227902e-05 -4.34627651e-02
1.55350402e-02 1.33053406e-05 -4.31593149e-02
1.54178326e-02 1.19065749e-05 -4.28529681e-02
1.52989151e-02 1.05272306e-05 -4.25439673e-02
1.51784026e-02 9.16801020e-06 -4.22325490e-02
1.50564072e-02 7.82958122e-06 -4.19189439e-02
1.49330387e-02 6.51257478e-06 -4.16033771e-02
1.48084046e-02 5.21758515e-06 -4.12860672e-02
1.46826097e-02 3.94516899e-06 -4.09672274e-02
1.45557563e-02 2.69584455e-06 -4.06470644e-02
1.44279445e-02 1.47009098e-06 -4.03257795e-02
1.42992717e-02 2.68347625e-07 -4.00035676e-02
1.41698328e-02 -9.08986687e-07 -3.96806177e-02
1.40397204e-02 -2.06155426e-06 -3.93571131e-02
1.39090244e-02 -3.18903911e-06 -3.90332309e-02
1.37778323e-02 -4.29116754e-06 -3.87091426e-02
1.36462291e-02 -5.36770857e-06 -3.83850138e-02
1.35142975e-02 -6.41847432e-06 -3.80610042e-02
1.33821175e-02 -7.44332034e-06 -3.77372680e-02
1.32497667e-02 -8.44214577e-06 -3.74139535e-02
1.31173204e-02 -9.41489347e-06 -3.70912037e-02
1.29848511e-02 -1.03615499e-05 -3.67691559e-02
1.28524294e-02 -1.12821452e-05 -3.64479421e-02
1.27201231e-02 -1.21767527e-05 -3.61276888e-02
1.25879977e-02 -1.30454883e-05 -3.58085174e-02
1.24561164e-02 -1.38885105e-05 -3.54905442e-02
1.23245398e-02 -1.47060193e-05 -3.51738802e-02
1.21933266e-02 -1.54982551e-05 -3.48586318e-02
1.20625327e-02 -1.62654982e-05 -3.45449001e-02
1.19322120e-02 -1.70080672e-05 -3.42327818e-02
1.18024161e-02 -1.77263179e-05 -3.39223688e-02
1.16731942e-02 -1.84206418e-05 -3.36137486e-02
1.15445933e-02 -1.90914641e-05 -3.33070041e-02
1.14166585e-02 -1.97392424e-05 -3.30022141e-02
1.12894322e-02 -2.03644643e-05 -3.26994528e-02
1.11629552e-02 -2.09676457e-05 -3.23987909e-02
1.10372658e-02 -2.15493282e-05 -3.21002946e-02
1.09124005e-02 -2.21100772e-05 -3.18040266e-02
1.07883936e-02 -2.26504791e-05 -3.15100456e-02
1.06652773e-02 -2.31711388e-05 -3.12184068e-02
1.05430822e-02 -2.36726773e-05 -3.09291617e-02
1.04218366e-02 -2.41557289e-05 -3.06423587e-02
1.03015670e-02 -2.46209384e-05 -3.03580426e-02
1.01822983e-02 -2.50689584e-05 -3.00762550e-02
1.00640532e-02 -2.55004466e-05 -2.97970345e-02
9.94685290e-03 -2.59160627e-05 -2.95204168e-02
9.83071683e-03 -2.63164663e-05 -2.92464344e-02
9.71566271e-03 -2.67023133e-05 -2.89751173e-02
9.60170664e-03 -2.70742540e-05 -2.87064924e-02
9.48886315e-03 -2.74329302e-05 -2.84405845e-02
9.37714522e-03 -2.77789727e-05 -2.81774154e-02
9.26656434e-03 -2.81129991e-05 -2.79170047e-02
9.15713056e-03 -2.84356112e-05 -2.76593696e-02
9.04885255e-03 -2.87473935e-05 -2.74045251e-02
8.94173762e-03 -2.90489108e-05 -2.71524838e-02
8.83579180e-03 -2.93407066e-05 -2.69032564e-02
8.73101988e-03 -2.96233018e-05 -2.66568515e-02
8.62742543e-03 -2.98971930e-05 -2.64132757e-02
8.52501090e-03 -3.01628513e-05 -2.61725337e-02
8.42377764e-03 -3.04207222e-05 -2.59346284e-02
8.32372596e-03 -3.06712238e-05 -2.56995610e-02
8.22485515e-03 -3.09147472e-05 -2.54673309e-02
8.12716359e-03 -3.11516559e-05 -2.52379360e-02
8.03064873e-03 -3.13822860e-05 -2.50113725e-02
7.93530720e-03 -3.16069465e-05 -2.47876351e-02
7.84113479e-03 -3.18259195e-05 -2.45667171e-02
7.74812658e-03 -3.20394612e-05 -2.43486105e-02
7.65627690e-03 -3.22478026e-05 -2.41333057e-02
7.56557944e-03 -3.24511510e-05 -2.39207919e-02
7.47602727e-03 -3.26496909e-05 -2.37110571e-02
7.38761287e-03 -3.28435857e-05 -2.35040881e-02
7.30032821e-03 -3.30329793e-05 -2.32998704e-02
7.21416474e-03 -3.32179978e-05 -2.30983885e-02
7.12911349e-03 -3.33987518e-05 -2.28996259e-02
7.04516505e-03 -3.35753377e-05 -2.27035649e-02
6.96230967e-03 -3.37478407e-05 -2.25101869e-02
6.88053723e-03 -3.39163359e-05 -2.23194722e-02
6.79983734e-03 -3.40808916e-05 -2.21314004e-02
6.72019934e-03 -3.42415705e-05 -2.19459501e-02
6.64161232e-03 -3.43984326e-05 -2.17630989e-02
6.56406520e-03 -3.45515369e-05 -2.15828239e-02
6.48754672e-03 -3.47009435e-05 -2.14051013e-02
6.41204547e-03 -3.48467161e-05 -2.12299063e-02
6.33754995e-03 -3.49889233e-05 -2.10572136e-02
6.26404859e-03 -3.51276406e-05 -2.08869974e-02
6.19152973e-03 -3.52629521e-05 -2.07192308e-02
6.11998172e-03 -3.53949520e-05 -2.05538866e-02
6.04939287e-03 -3.55237458e-05 -2.03909369e-02
5.97975153e-03 -3.56494512e-05 -2.02303532e-02
5.91104608e-03 -3.57721996e-05 -2.00721064e-02
5.84326495e-03 -3.58921364e-05 -1.99161670e-02
5.77639666e-03 -3.60094212e-05 -1.97625050e-02
5.71042982e-03 -3.61242289e-05 -1.96110898e-02
5.64535315e-03 -3.62367488e-05 -1.94618904e-02
5.58115549e-03 -3.63471853e-05 -1.93148754e-02
5.51782584e-03 -3.64557566e-05 -1.91700131e-02
5.45535333e-03 -3.65626949e-05 -1.90272713e-02
5.39372727e-03 -3.66682450e-05 -1.88866175e-02
5.33293714e-03 -3.67726637e-05 -1.87480188e-02
5.27297263e-03 -3.68762181e-05 -1.86114422e-02
5.21382359e-03 -3.69791848e-05 -1.84768541e-02
5.15548012e-03 -3.70818479e-05 -1.83442209e-02
5.09793248e-03 -3.71844973e-05 -1.82135087e-02
5.04117120e-03 -3.72874274e-05 -1.80846834e-02
4.98518700e-03 -3.73909347e-05 -1.79577106e-02
4.92997086e-03 -3.74953160e-05 -1.78325560e-02
4.87551395e-03 -3.76008666e-05 -1.77091849e-02
4.82180773e-03 -3.77078777e-05 -1.75875625e-02
4.76884386e-03 -3.78166350e-05 -1.74676541e-02
4.71661427e-03 -3.79274161e-05 -1.73494247e-02
4.66511110e-03 -3.80404888e-05 -1.72328394e-02
4.61432677e-03 -3.81561092e-05 -1.71178632e-02
4.56425392e-03 -3.82745197e-05 -1.70044611e-02
4.51488544e-03 -3.83959471e-05 -1.68925981e-02
4.46621446e-03 -3.85206015e-05 -1.67822393e-02
4.41823436e-03 -3.86486741e-05 -1.66733497e-02
4.37093875e-03 -3.87803367e-05 -1.65658946e-02
4.32432148e-03 -3.89157399e-05 -1.64598392e-02
4.27837662e-03 -3.90550125e-05 -1.63551488e-02
4.23309849e-03 -3.91982605e-05 -1.62517892e-02
4.18848161e-03 -3.93455669e-05 -1.61497258e-02
4.14452076e-03 -3.94969911e-05 -1.60489247e-02
4.10121090e-03 -3.96525690e-05 -1.59493518e-02
4.05854721e-03 -3.98123127e-05 -1.58509734e-02
4.01652511e-03 -3.99762115e-05 -1.57537560e-02
3.97514017e-03 -4.01442316e-05 -1.56576664e-02
3.93438821e-03 -4.03163176e-05 -1.55626716e-02
3.89426520e-03 -4.04923931e-05 -1.54687389e-02
3.85476733e-03 -4.06723617e-05 -1.53758359e-02
3.81589095e-03 -4.08561086e-05 -1.52839304e-02
3.77763260e-03 -4.10435015e-05 -1.51929908e-02
3.73998897e-03 -4.12343931e-05 -1.51029856e-02
3.70295693e-03 -4.14286217e-05 -1.50138838e-02
3.66653350e-03 -4.16260140e-05 -1.49256545e-02
3.63071586e-03 -4.18263861e-05 -1.48382675e-02
3.59550134e-03 -4.20295461e-05 -1.47516928e-02
3.56088739e-03 -4.22352958e-05 -1.46659008e-02
3.52687162e-03 -4.24434325e-05 -1.45808625e-02
3.49345174e-03 -4.26537513e-05 -1.44965490e-02
3.46062561e-03 -4.28660467e-05 -1.44129319e-02
3.42839120e-03 -4.30801148e-05 -1.43299835e-02
3.39674657e-03 -4.32957546e-05 -1.42476761e-02
3.36568992e-03 -4.35127700e-05 -1.41659828e-02
3.33521953e-03 -4.37309715e-05 -1.40848769e-02
3.30533378e-03 -4.39501772e-05 -1.40043322e-02
3.27603114e-03 -4.41702143e-05 -1.39243230e-02
3.24731016e-03 -4.43909202e-05 -1.38448239e-02
3.21916948e-03 -4.46121433e-05 -1.37658101e-02
3.19160780e-03 -4.48337438e-05 -1.36872572e-02
3.16462390e-03 -4.50555941e-05 -1.36091412e-02
3.13821662e-03 -4.52775794e-05 -1.35314386e-02
3.11238486e-03 -4.54995973e-05 -1.34541262e-02
3.08712755e-03 -4.57215583e-05 -1.33771814e-02
3.06244372e-03 -4.59433848e-05 -1.33005819e-02
3.03833239e-03 -4.61650114e-05 -1.32243061e-02
3.01479265e-03 -4.63863835e-05 -1.31483325e-02
2.99182361e-03 -4.66074566e-05 -1.30726402e-02
2.96942442e-03 -4.68281956e-05 -1.29972088e-02
2.94759423e-03 -4.70485730e-05 -1.29220181e-02
2.92633222e-03 -4.72685679e-05 -1.28470486e-02
2.90563760e-03 -4.74881646e-05 -1.27722810e-02
2.88550956e-03 -4.77073504e-05 -1.26976965e-02
2.86594731e-03 -4.79261148e-05 -1.26232769e-02
2.84695004e-03 -4.81444469e-05 -1.25490041e-02
2.82851693e-03 -4.83623340e-05 -1.24748606e-02
2.81064718e-03 -4.85797599e-05 -1.24008293e-02
2.79333992e-03 -4.87967024e-05 -1.23268936e-02
2.77659429e-03 -4.90131324e-05 -1.22530372e-02
2.76040938e-03 -4.92290112e-05 -1.21792442e-02
2.74478424e-03 -4.94442896e-05 -1.21054993e-02
2.72971790e-03 -4.96589054e-05 -1.20317873e-02
2.71520932e-03 -4.98727825e-05 -1.19580938e-02
2.70125739e-03 -5.00858292e-05 -1.18844046e-02
2.68786098e-03 -5.02979370e-05 -1.18107061e-02
2.67501884e-03 -5.05089792e-05 -1.17369848e-02
2.66272970e-03 -5.07188102e-05 -1.16632280e-02
2.65099217e-03 -5.09272643e-05 -1.15894234e-02
2.63980479e-03 -5.11341555e-05 -1.15155588e-02
2.62916599e-03 -5.13392768e-05 -1.14416230e-02
2.61907413e-03 -5.15423997e-05 -1.13676048e-02
2.60952745e-03 -5.17432747e-05 -1.12934936e-02
2.60052406e-03 -5.19416306e-05 -1.12192794e-02
2.59206200e-03 -5.21371757e-05 -1.11449526e-02
2.58413913e-03 -5.23295975e-05 -1.10705040e-02
2.57675322e-03 -5.25185639e-05 -1.09959250e-02
2.56990191e-03 -5.27037238e-05 -1.09212074e-02
2.56358266e-03 -5.28847081e-05 -1.08463437e-02
2.55779283e-03 -5.30611311e-05 -1.07713267e-02
2.55252960e-03 -5.32325914e-05 -1.06961497e-02
2.54779000e-03 -5.33986736e-05 -1.06208068e-02
2.54357092e-03 -5.35589498e-05 -1.05452924e-02
2.53986905e-03 -5.37129813e-05 -1.04696014e-02
2.53668094e-03 -5.38603200e-05 -1.03937296e-02
2.53400296e-03 -5.40005105e-05 -1.03176728e-02
2.53183129e-03 -5.41330920e-05 -1.02414279e-02
2.53016195e-03 -5.42575997e-05 -1.01649919e-02
2.52899074e-03 -5.43735670e-05 -1.00883629e-02
2.52831332e-03 -5.44805275e-05 -1.00115390e-02
2.52812513e-03 -5.45780166e-05 -9.93451922e-03
2.52842141e-03 -5.46655732e-05 -9.85730314e-03
2.52919723e-03 -5.47427421e-05 -9.77989085e-03
2.53044745e-03 -5.48090752e-05 -9.70228302e-03
2.53216673e-03 -5.48641331e-05 -9.62448096e-03
2.53434954e-03 -5.49074875e-05 -9.54648651e-03
2.53699012e-03 -5.49387217e-05 -9.46830214e-03
2.54008256e-03 -5.49574331e-05 -9.38993089e-03
2.54362069e-03 -5.49632339e-05 -9.31137637e-03
2.54759818e-03 -5.49557525e-05 -9.23264279e-03
2.55200848e-03 -5.49346353e-05 -9.15373492e-03
2.55684485e-03 -5.48995470e-05 -9.07465811e-03
2.56210032e-03 -5.48501727e-05 -8.99541828e-03
2.56776776e-03 -5.47862179e-05 -8.91602191e-03
2.57383981e-03 -5.47074104e-05 -8.83647603e-03
2.58030893e-03 -5.46135007e-05 -8.75678820e-03
2.58716738e-03 -5.45042628e-05 -8.67696655e-03
2.59440722e-03 -5.43794957e-05 -8.59701970e-03
2.60202033e-03 -5.42390232e-05 -8.51695681e-03
2.60999839e-03 -5.40826959e-05 -8.43678754e-03
2.61833292e-03 -5.39103909e-05 -8.35652204e-03
2.62701521e-03 -5.37220133e-05 -8.27617094e-03
2.63603642e-03 -5.35174967e-05 -8.19574533e-03
2.64538751e-03 -5.32968043e-05 -8.11525676e-03
2.65505927e-03 -5.30599293e-05 -8.03471722e-03
2.66504232e-03 -5.28068962e-05 -7.95413911e-03
2.67532712e-03 -5.25377616e-05 -7.87353523e-03
2.68590397e-03 -5.22526148e-05 -7.79291880e-03
2.69676303e-03 -5.19515793e-05 -7.71230338e-03
2.70789428e-03 -5.16348133e-05 -7.63170289e-03
2.71928757e-03 -5.13025111e-05 -7.55113160e-03
2.73093263e-03 -5.09549038e-05 -7.47060408e-03
2.74281902e-03 -5.05922605e-05 -7.39013520e-03
2.75493620e-03 -5.02148892e-05 -7.30974013e-03
2.76727350e-03 -4.98231380e-05 -7.22943427e-03
2.77982012e-03 -4.94173958e-05 -7.14923330e-03
2.79256518e-03 -4.89980932e-05 -7.06915309e-03
2.80549768e-03 -4.85657035e-05 -6.98920972e-03
2.81860652e-03 -4.81207431e-05 -6.90941947e-03
2.83188051e-03 -4.76637723e-05 -6.82979877e-03
2.84530840e-03 -4.71953956e-05 -6.75036420e-03
2.85887885e-03 -4.67162618e-05 -6.67113248e-03
2.87258045e-03 -4.62270644e-05 -6.59212041e-03
2.88640176e-03 -4.57285406e-05 -6.51334490e-03
2.90033125e-03 -4.52214717e-05 -6.43482295e-03
2.91435738e-03 -4.47066816e-05 -6.35657157e-03
2.92846858e-03 -4.41850357e-05 -6.27860783e-03
2.94265323e-03 -4.36574400e-05 -6.20094884e-03
2.95689973e-03 -4.31248385e-05 -6.12361169e-03
2.97119646e-03 -4.25882112e-05 -6.04661345e-03
2.98553180e-03 -4.20485715e-05 -5.96997118e-03
2.99989415e-03 -4.15069629e-05 -5.89370188e-03
3.01427195e-03 -4.09644556e-05 -5.81782252e-03
3.02865366e-03 -4.04221423e-05 -5.74234996e-03
3.04302778e-03 -3.98811335e-05 -5.66730101e-03
3.05738289e-03 -3.93425530e-05 -5.59269234e-03
3.07170762e-03 -3.88075321e-05 -5.51854055e-03
3.08599068e-03 -3.82772037e-05 -5.44486209e-03
3.10022087e-03 -3.77526959e-05 -5.37167327e-03
3.11438708e-03 -3.72351257e-05 -5.29899028e-03
3.12847833e-03 -3.67255911e-05 -5.22682912e-03
3.14248374e-03 -3.62251642e-05 -5.15520564e-03
3.15639257e-03 -3.57348829e-05 -5.08413552e-03
3.17019422e-03 -3.52557431e-05 -5.01363424e-03
3.18387824e-03 -3.47886898e-05 -4.94371708e-03
3.19743434e-03 -3.43346091e-05 -4.87439912e-03
3.21085240e-03 -3.38943189e-05 -4.80569524e-03
3.22412250e-03 -3.34685604e-05 -4.73762009e-03
3.23723488e-03 -3.30579893e-05 -4.67018809e-03
3.25018002e-03 -3.26631666e-05 -4.60341342e-03
3.26294857e-03 -3.22845507e-05 -4.53731004e-03
3.27553143e-03 -3.19224879e-05 -4.47189164e-03
3.28791971e-03 -3.15772051e-05 -4.40717166e-03
3.30010476e-03 -3.12488017e-05 -4.34316330e-03
3.31207818e-03 -3.09372418e-05 -4.27987946e-03
3.32383182e-03 -3.06423479e-05 -4.21733279e-03
3.33535777e-03 -3.03637940e-05 -4.15553565e-03
3.34664841e-03 -3.01011004e-05 -4.09450014e-03
3.35769638e-03 -2.98536282e-05 -4.03423803e-03
3.36849460e-03 -2.96205759e-05 -3.97476083e-03
3.37903626e-03 -2.94009752e-05 -3.91607974e-03
3.38931484e-03 -2.91936894e-05 -3.85820564e-03
3.39932412e-03 -2.89974117e-05 -3.80114913e-03
3.40905816e-03 -2.88106646e-05 -3.74492046e-03
3.41851133e-03 -2.86318011e-05 -3.68952959e-03
3.42767830e-03 -2.84590060e-05 -3.63498613e-03
3.43655401e-03 -2.82902994e-05 -3.58129938e-03
3.44513374e-03 -2.81235403e-05 -3.52847829e-03
3.45341306e-03 -2.79564322e-05 -3.47653148e-03
3.46138783e-03 -2.77865295e-05 -3.42546721e-03
3.46905423e-03 -2.76112451e-05 -3.37529342e-03
3.47640873e-03 -2.74278591e-05 -3.32601766e-03
3.48344811e-03 -2.72335287e-05 -3.27764716e-03
3.49016944e-03 -2.70252996e-05 -3.23018875e-03
3.49657010e-03 -2.68001174e-05 -3.18364893e-03
3.50264775e-03 -2.65548410e-05 -3.13803381e-03
3.50840035e-03 -2.62862565e-05 -3.09334912e-03
3.51382613e-03 -2.59910923e-05 -3.04960025e-03
3.51892364e-03 -2.56660339e-05 -3.00679217e-03
3.52369166e-03 -2.53077413e-05 -2.96492949e-03
3.52812930e-03 -2.49128649e-05 -2.92401644e-03
3.53223588e-03 -2.44780635e-05 -2.88405684e-03
3.53601104e-03 -2.40000218e-05 -2.84505415e-03
3.53945464e-03 -2.34754684e-05 -2.80701143e-03
3.54256681e-03 -2.29011943e-05 -2.76993135e-03
3.54534792e-03 -2.22740706e-05 -2.73381620e-03
3.54779859e-03 -2.15910672e-05 -2.69866785e-03
3.54991967e-03 -2.08492700e-05 -2.66448782e-03
3.55171224e-03 -2.00458992e-05 -2.63127721e-03
3.55317760e-03 -1.91783258e-05 -2.59903676e-03
3.55431726e-03 -1.82440883e-05 -2.56776679e-03
3.55513297e-03 -1.72409085e-05 -2.53746727e-03
3.55562663e-03 -1.61667062e-05 -2.50813777e-03
3.55580039e-03 -1.50196132e-05 -2.47977749e-03
3.55565655e-03 -1.37979862e-05 -2.45238525e-03
3.55519761e-03 -1.25004184e-05 -2.42595950e-03
3.55442626e-03 -1.11257501e-05 -2.40049833e-03
3.55334533e-03 -9.67307746e-06 -2.37599947e-03
3.55195784e-03 -8.14176026e-06 -2.35246029e-03
3.55026696e-03 -6.53142790e-06 -2.32987781e-03
3.54827600e-03 -4.84198397e-06 -2.30824870e-03
3.54598845e-03 -3.07360906e-06 -2.28756932e-03
3.54340790e-03 -1.22676196e-06 -2.26783568e-03
3.54053809e-03 6.97820790e-07 -2.24904345e-03
3.53738291e-03 2.69912715e-06 -2.23118802e-03
3.53394635e-03 4.77587348e-06 -2.21426446e-03
3.53023253e-03 6.92651017e-06 -2.19826754e-03
3.52624567e-03 9.14922894e-06 -2.18319172e-03
3.52199012e-03 1.14419718e-05 -2.16903122e-03
3.51747032e-03 1.38024417e-05 -2.15577995e-03
3.51269082e-03 1.62281145e-05 -2.14343158e-03
3.50765626e-03 1.87162526e-05 -2.13197951e-03
3.50237137e-03 2.12639203e-05 -2.12141691e-03
3.49684097e-03 2.38679993e-05 -2.11173670e-03
3.49106996e-03 2.65252072e-05 -2.10293159e-03
