0.00000000e+00 0.00000000e+00 0.00000000e+00
0.00000000e+00 0.00000000e+00 0.00000000e+00
0.00000000e+00 0.00000000e+00 0.00000000e+00
0.00000000e+00 0.00000000e+00 0.00000000e+00
0.00000000e+00 0.00000000e+00 0.00000000e+00
6.52335677e-21 -2.55562586e-21 -1.28193941e-20
4.84908923e-19 -1.78217287e-19 -9.43121034e-19
8.58316604e-18 -3.08707229e-18 -1.65915005e-17
6.78298264e-17 -2.43637045e-17 -1.30375697e-16
2.84080350e-16 -1.04490375e-16 -5.41910610e-16
5.55879837e-16 -2.27545523e-16 -1.04015160e-15
-4.98109225e-16 3.01768455e-17 1.05368640e-15
-6.53337690e-15 1.89406837e-15 1.27148810e-14
-1.93568912e-14 6.30264345e-15 3.70964406e-14
-2.30379182e-14 9.14434048e-15 4.29751205e-14
3.55719827e-14 -5.21073649e-15 -7.16339799e-14
2.25827505e-13 -5.93518734e-14 -4.36136589e-13
5.08302811e-13 -1.47577809e-13 -9.63861246e-13
5.19296762e-13 -1.70514299e-13 -9.40981570e-13
-5.11872425e-13 1.00034441e-13 1.11287100e-12
-3.28849163e-12 9.03419038e-13 6.49454751e-12
-7.14040264e-12 2.12778162e-12 1.37741055e-11
-8.40139998e-12 2.82087817e-12 1.57080345e-11
-1.93717207e-13 1.03183536e-12 -1.00785010e-12
2.40308863e-11 -5.35114315e-12 -4.86212729e-11
6.21862416e-11 -1.64056731e-11 -1.22051347e-10
9.34106722e-11 -2.72694273e-11 -1.79423792e-10
7.41430371e-11 -2.65548713e-11 -1.35307128e-10
-4.89061652e-11 1.05764298e-12 1.12627886e-10
-3.02499253e-10 6.60724812e-11 6.11649692e-10
-6.34147807e-10 1.60470355e-10 1.25106429e-09
-8.68405175e-10 2.44920860e-10 1.67926926e-09
-7.12168274e-10 2.46700386e-10 1.31941443e-09
1.53282482e-10 7.81394252e-11 -4.43457591e-10
1.88384736e-09 -3.20659612e-10 -3.88758424e-09
4.23021330e-09 -9.23015020e-10 -8.47913164e-09
6.34356670e-09 -1.56298807e-09 -1.25003708e-08
6.77015457e-09 -1.92072801e-09 -1.30593369e-08
3.76264691e-09 -1.57614823e-09 -6.72990712e-09
-4.04624905e-09 -1.44344168e-10 9.09577160e-09
-1.67076879e-08 2.52445184e-09 3.43503017e-08
-3.20281458e-08 6.13369818e-09 6.44738397e-08
-4.50518473e-08 9.79992403e-09 8.94408367e-08
-4.83856414e-08 1.20712228e-08 9.44826844e-08
-3.36707372e-08 1.11690324e-08 6.30965476e-08
5.78431835e-09 5.46137265e-09 -1.76537545e-08
7.16003191e-08 -5.90117230e-09 -1.50348765e-07
1.56965044e-07 -2.23328495e-08 -3.20574296e-07
2.44427239e-07 -4.13426424e-08 -4.92665944e-07
3.06021962e-07 -5.84522060e-08 -6.10173973e-07
3.06632375e-07 -6.76549178e-08 -6.02828063e-07
2.10883930e-07 -6.24607818e-08 -4.00548142e-07
-6.99932188e-09 -3.74268266e-08 4.66942648e-08
-3.51903107e-07 1.00771769e-08 7.46273533e-07
-7.97448377e-07 7.82347561e-08 1.64231708e-06
-1.27935216e-06 1.59697566e-07 2.60278430e-06
-1.69526669e-06 2.41427539e-07 3.41969847e-06
-1.91313585e-06 3.05715149e-07 3.82656833e-06
-1.78881334e-06 3.32419402e-07 3.53440858e-06
-1.19197107e-06 3.02234154e-07 2.28430191e-06
-3.74636543e-08 2.00552712e-07 -8.93033326e-08
1.68235422e-06 2.13259673e-08 -3.59371141e-06
3.86999919e-06 -2.29772849e-07 -8.02292673e-06
6.30589155e-06 -5.33529067e-07 -1.29244666e-05
8.64738561e-06 -8.57213310e-07 -1.75987431e-05
1.04475285e-05 -1.15670536e-06 -2.11384268e-05
1.11948561e-05 -1.38065920e-06 -2.25102699e-05
1.03725937e-05 -1.47633641e-06 -2.06759034e-05
7.53257144e-06 -1.39645969e-06 -1.47419316e-05
2.37642150e-06 -1.10624733e-06 -4.12412473e-06
-5.16538556e-06 -5.89713645e-07 1.12935137e-05
-1.48670617e-05 1.45629156e-07 3.10258933e-05
-2.61636834e-05 1.06636346e-06 5.39006111e-05
-3.81385719e-05 2.11348553e-06 7.80355061e-05
-4.95477000e-05 3.20556404e-06 1.00891577e-04
-5.88833989e-05 4.24451659e-06 1.19405565e-04
-6.44756143e-05 5.12347806e-06 1.30198300e-04
-6.46249309e-05 5.73599598e-06 1.29846723e-04
-5.77579829e-05 5.98564148e-06 1.15200202e-04
-4.25931075e-05 5.79508267e-06 8.37162290e-05
-1.83024567e-05 5.11373049e-06 3.37873276e-05
1.53435565e-05 3.92322239e-06 -3.49695537e-05
5.78626152e-05 2.24023435e-06 -1.21487765e-04
1.07988600e-04 1.16378953e-07 -2.23111790e-04
1.63649193e-04 -2.36477369e-06 -3.35559587e-04
2.21996878e-04 -5.09325342e-06 -4.52993905e-04
2.79493102e-04 -7.94030628e-06 -5.68201530e-04
3.32041257e-04 -1.07673891e-05 -6.72871072e-04
3.75160510e-04 -1.34357705e-05 -7.57952550e-04
4.04189576e-04 -1.58159504e-05 -8.14076064e-04
4.14507506e-04 -1.77961589e-05 -8.32002919e-04
4.01757641e-04 -1.92893107e-05 -8.03080708e-04
3.62060929e-04 -2.02379458e-05 -7.19674240e-04
2.92205941e-04 -2.06168727e-05 -5.75546550e-04
1.89804818e-04 -2.04334285e-05 -3.66168362e-04
5.34069917e-05 -1.97254603e-05 -8.89397036e-05
-1.17434559e-04 -1.85573022e-05 2.56686402e-04
-3.22146543e-04 -1.70141582e-05 6.69181813e-04
-5.59167126e-04 -1.51953977e-05 1.14502006e-03
-8.26022436e-04 -1.32073189e-05 1.67884375e-03
-1.11944172e-03 -1.11559389e-05 2.26370958e-03
-1.43550330e-03 -9.14032744e-06 2.89139442e-03
-1.76980225e-03 -7.24692760e-06 3.55274371e-03
-2.11763042e-03 -5.54519766e-06 4.23804253e-03
-2.47415926e-03 -4.08478887e-06 4.93738998e-03
-2.83461670e-03 -2.89434203e-06 5.64105909e-03
-3.19445047e-03 -1.98185965e-06 6.33982657e-03
-3.54947144e-03 -1.33649749e-06 7.02525995e-03
-3.89597233e-03 -9.31525650e-07 7.68995264e-03
-4.23081869e-03 -7.28143218e-07 8.32770138e-03
-4.55151081e-03 -6.79792735e-07 8.93362348e-03
-4.85621666e-03 -7.36612979e-07 9.50421473e-03
-5.14377735e-03 -8.49688835e-07 1.00373515e-02
-5.41368775e-03 -9.74801290e-07 1.05322424e-02
-5.66605551e-03 -1.07544365e-06 1.09893376e-02
-5.90154279e-03 -1.12494555e-06 1.14102031e-02
-6.12129463e-03 -1.10762721e-06 1.17973698e-02
-6.32685854e-03 -1.01898645e-06 1.21541657e-02
-6.52009936e-03 -8.64993566e-07 1.24845403e-02
-6.70311329e-03 -6.60630043e-07 1.27928881e-02
-6.87814439e-03 -4.27851984e-07 1.30838786e-02
-7.04750645e-03 -1.93186528e-07 1.33622979e-02
-7.21351237e-03 1.48215146e-08 1.36329067e-02
-7.37841268e-03 1.68103905e-07 1.39003173e-02
-7.54434430e-03 2.41318766e-07 1.41688908e-02
-7.71328983e-03 2.13706150e-07 1.44426570e-02
-7.88704756e-03 7.04434699e-08 1.47252549e-02
-8.06721158e-03 -1.96557204e-07 1.50198939e-02
-8.25516134e-03 -5.88419908e-07 1.53293337e-02
-8.45205962e-03 -1.09960915e-06 1.56558811e-02
-8.65885768e-03 -1.71869571e-06 1.60014006e-02
-8.87630639e-03 -2.42948308e-06 1.63673368e-02
-9.10497189e-03 -3.21237540e-06 1.67547468e-02
-9.34525465e-03 -4.04586055e-06 1.71643381e-02
-9.59741055e-03 -4.90798487e-06 1.75965117e-02
-9.86157302e-03 -5.77770864e-06 1.80514069e-02
-1.01377752e-02 -6.63605105e-06 1.85289471e-02
-1.04259711e-02 -7.46695845e-06 1.90288839e-02
-1.07260558e-02 -8.25785791e-06 1.95508389e-02
-1.10378832e-02 -8.99988596e-06 2.00943424e-02
-1.13612819e-02 -9.68780939e-06 2.06588674e-02
-1.16960682e-02 -1.03196776e-05 2.12438601e-02
-1.20420573e-02 -1.08962638e-05 2.18487644e-02
-1.23990715e-02 -1.14203639e-05 2.24730429e-02
-1.27669464e-02 -1.18960281e-05 2.31161930e-02
-1.31455353e-02 -1.23277977e-05 2.37777580e-02
-1.35347114e-02 -1.27200144e-05 2.44573358e-02
-1.39343687e-02 -1.30762585e-05 2.51545831e-02
-1.43444225e-02 -1.33989552e-05 2.58692170e-02
-1.47648076e-02 -1.36891745e-05 2.66010146e-02
-1.51954776e-02 -1.39466302e-05 2.73498103e-02
-1.56364025e-02 -1.41698683e-05 2.81154916e-02
-1.60875669e-02 -1.43566180e-05 2.88979938e-02
-1.65489683e-02 -1.45042689e-05 2.96972947e-02
-1.70206146e-02 -1.46104248e-05 3.05134076e-02
-1.75025233e-02 -1.46734850e-05 3.13463755e-02
-1.79947192e-02 -1.46931975e-05 3.21962639e-02
-1.84972332e-02 -1.46711346e-05 3.30631550e-02
-1.90101018e-02 -1.46110470e-05 3.39471417e-02
-1.95333651e-02 -1.45190605e-05 3.48483213e-02
-2.00670664e-02 -1.44036925e-05 3.57667909e-02
-2.06112511e-02 -1.42756783e-05 3.67026421e-02
-2.11659657e-02 -1.41476079e-05 3.76559568e-02
-2.17312565e-02 -1.40333919e-05 3.86268035e-02
-2.23071690e-02 -1.39475826e-05 3.96152338e-02
-2.28937465e-02 -1.39045900e-05 4.06212803e-02
-2.34910288e-02 -1.39178385e-05 4.16449537e-02
-2.40990513e-02 -1.39989153e-05 4.26862421e-02
-2.47178436e-02 -1.41567642e-05 4.37451098e-02
-2.53474286e-02 -1.43969775e-05 4.48214970e-02
-2.59878214e-02 -1.47212315e-05 4.59153200e-02
-2.66390286e-02 -1.51269078e-05 4.70264721e-02
-2.73010473e-02 -1.56069290e-05 4.81548243e-02
-2.79738648e-02 -1.61498279e-05 4.93002271e-02
-2.86574579e-02 -1.67400564e-05 5.04625116e-02
-2.93517930e-02 -1.73585233e-05 5.16414911e-02
-3.00568256e-02 -1.79833432e-05 5.28369631e-02
-3.07725007e-02 -1.85907599e-05 5.40487101e-02
-3.14987523e-02 -1.91562017e-05 5.52765009e-02
-3.22355042e-02 -1.96554171e-05 5.65200915e-02
-3.29826693e-02 -2.00656323e-05 5.77792253e-02
-3.37401506e-02 -2.03666726e-05 5.90536333e-02
-3.45078403e-02 -2.05419888e-05 6.03430337e-02
-3.52856208e-02 -2.05795369e-05 6.16471310e-02
-3.60733641e-02 -2.04724623e-05 6.29656155e-02
-3.68709319e-02 -2.02195552e-05 6.42981617e-02
-3.76781755e-02 -1.98254509e-05 6.56444273e-02
-3.84949362e-02 -1.93005647e-05 6.70040523e-02
-3.93210445e-02 -1.86607629e-05 6.83766574e-02
-4.01563208e-02 -1.79267863e-05 6.97618438e-02
-4.10005751e-02 -1.71234525e-05 7.11591922e-02
-4.18536071e-02 -1.62786759e-05 7.25682632e-02
-4.27152066e-02 -1.54223522e-05 7.39885970e-02
-4.35851536e-02 -1.45851594e-05 7.54197142e-02
-4.44632184e-02 -1.37973292e-05 7.68611168e-02
-4.53491624e-02 -1.30874468e-05 7.83122892e-02
-4.62427380e-02 -1.24813296e-05 7.97726996e-02
-4.71436891e-02 -1.20010322e-05 8.12418013e-02
-4.80517514e-02 -1.16640195e-05 8.27190342e-02
-4.89666525e-02 -1.14825373e-05 8.42038257e-02
-4.98881122e-02 -1.14632031e-05 8.56955920e-02
-5.08158422e-02 -1.16068264e-05 8.71937383e-02
-5.17495461e-02 -1.19084599e-05 8.86976595e-02
-5.26889193e-02 -1.23576712e-05 9.02067393e-02
-5.36336484e-02 -1.29390167e-05 9.17203503e-02
-5.45834109e-02 -1.36326911e-05 9.32378527e-02
-5.55378747e-02 -1.44153210e-05 9.47585927e-02
-5.64966971e-02 -1.52608653e-05 9.62819012e-02
-5.74595249e-02 -1.61415846e-05 9.78070920e-02
-5.84259932e-02 -1.70290399e-05 9.93334599e-02
-5.93957256e-02 -1.78950820e-05 1.00860279e-01
-6.03683332e-02 -1.87127964e-05 1.02386801e-01
-6.13434147e-02 -1.94573712e-05 1.03912254e-01
-6.23205565e-02 -2.01068607e-05 1.05435841e-01
-6.32993324e-02 -2.06428224e-05 1.06956742e-01
-6.42793044e-02 -2.10508121e-05 1.08474111e-01
-6.52600228e-02 -2.13207247e-05 1.09987075e-01
-6.62410270e-02 -2.14469780e-05 1.11494743e-01
-6.72218462e-02 -2.14285398e-05 1.12996196e-01
-6.82020005e-02 -2.12688047e-05 1.14490500e-01
-6.91810014e-02 -2.09753306e-05 1.15976700e-01
-7.01583535e-02 -2.05594514e-05 1.17453826e-01
-7.11335546e-02 -2.00357825e-05 1.18920897e-01
-7.21060975e-02 -1.94216411e-05 1.20376920e-01
-7.30754702e-02 -1.87364027e-05 1.21820895e-01
-7.40411573e-02 -1.80008182e-05 1.23251817e-01
-7.50026403e-02 -1.72363151e-05 1.24668678e-01
-7.59593979e-02 -1.64643064e-05 1.26070471e-01
-7.69109072e-02 -1.57055290e-05 1.27456188e-01
-7.78566433e-02 -1.49794322e-05 1.28824825e-01
-7.87960796e-02 -1.43036348e-05 1.30175382e-01
-7.97286883e-02 -1.36934644e-05 1.31506863e-01
-8.06539398e-02 -1.31615932e-05 1.32818279e-01
-8.15713030e-02 -1.27177754e-05 1.34108643e-01
-8.24802450e-02 -1.23686932e-05 1.35376977e-01
-8.33802314e-02 -1.21179099e-05 1.36622308e-01
-8.42707255e-02 -1.19659288e-05 1.37843668e-01
-8.51511891e-02 -1.19103482e-05 1.39040093e-01
-8.60210817e-02 -1.19461053e-05 1.40210626e-01
-8.68798614e-02 -1.20657940e-05 1.41354315e-01
-8.77269845e-02 -1.22600426e-05 1.42470212e-01
-8.85619060e-02 -1.25179331e-05 1.43557376e-01
-8.93840799e-02 -1.28274473e-05 1.44614868e-01
-9.01929599e-02 -1.31759185e-05 1.45641758e-01
-9.09879997e-02 -1.35504748e-05 1.46637120e-01
-9.17686540e-02 -1.39384558e-05 1.47600038e-01
-9.25343787e-02 -1.43277904e-05 1.48529601e-01
-9.32846321e-02 -1.47073235e-05 1.49424909e-01
-9.40188755e-02 -1.50670820e-05 1.50285070e-01
-9.47365742e-02 -1.53984768e-05 1.51109206e-01
-9.54371982e-02 -1.56944356e-05 1.51896449e-01
-9.61202231e-02 -1.59494688e-05 1.52645946e-01
-9.67851309e-02 -1.61596721e-05 1.53356860e-01
-9.74314106e-02 -1.63226712e-05 1.54028368e-01
-9.80585596e-02 -1.64375168e-05 1.54659665e-01
-9.86660837e-02 -1.65045415e-05 1.55249966e-01
-9.92534979e-02 -1.65251874e-05 1.55798504e-01
-9.98203276e-02 -1.65018179e-05 1.56304534e-01
-1.00366108e-01 -1.64375239e-05 1.56767330e-01
-1.00890387e-01 -1.63359346e-05 1.57186192e-01
-1.01392723e-01 -1.62010439e-05 1.57560439e-01
-1.01872685e-01 -1.60370583e-05 1.57889417e-01
-1.02329857e-01 -1.58482732e-05 1.58172493e-01
-1.02763834e-01 -1.56389804e-05 1.58409061e-01
-1.03174226e-01 -1.54134084e-05 1.58598540e-01
-1.03560655e-01 -1.51756951e-05 1.58740375e-01
-1.03922758e-01 -1.49298892e-05 1.58834037e-01
-1.04260184e-01 -1.46799764e-05 1.58879024e-01
-1.04572599e-01 -1.44299236e-05 1.58874863e-01
-1.04859684e-01 -1.41837361e-05 1.58821108e-01
-1.05121133e-01 -1.39455172e-05 1.58717342e-01
-1.05356657e-01 -1.37195267e-05 1.58563179e-01
-1.05565983e-01 -1.35102275e-05 1.58358265e-01
-1.05748853e-01 -1.33223171e-05 1.58102274e-01
-1.05905026e-01 -1.31607369e-05 1.57794916e-01
-1.06034280e-01 -1.30306571e-05 1.57435934e-01
-1.06136407e-01 -1.29374343e-05 1.57025105e-01
-1.06211218e-01 -1.28865420e-05 1.56562241e-01
-1.06258541e-01 -1.28834756e-05 1.56047193e-01
-1.06278223e-01 -1.29336344e-05 1.55479848e-01
-1.06270128e-01 -1.30421861e-05 1.54860132e-01
-1.06234140e-01 -1.32139183e-05 1.54188008e-01
-1.06170160e-01 -1.34530846e-05 1.53463482e-01
-1.06078108e-01 -1.37632517e-05 1.52686598e-01
-1.05957924e-01 -1.41471555e-05 1.51857441e-01
-1.05809565e-01 -1.46065724e-05 1.50976139e-01
-1.05633008e-01 -1.51422131e-05 1.50042858e-01
-1.05428248e-01 -1.57536437e-05 1.49057807e-01
-1.05195300e-01 -1.64392398e-05 1.48021235e-01
-1.04934197e-01 -1.71961751e-05 1.46933432e-01
-1.04644989e-01 -1.80204482e-05 1.45794728e-01
-1.04327748e-01 -1.89069455e-05 1.44605491e-01
-1.03982561e-01 -1.98495413e-05 1.43366130e-01
-1.03609535e-01 -2.08412295e-05 1.42077090e-01
-1.03208795e-01 -2.18742853e-05 1.40738857e-01
-1.02780485e-01 -2.29404499e-05 1.39351948e-01
-1.02324765e-01 -2.40311325e-05 1.37916922e-01
-1.01841814e-01 -2.51376232e-05 1.36434368e-01
-1.01331830e-01 -2.62513093e-05 1.34904911e-01
-1.00795028e-01 -2.73638874e-05 1.33329210e-01
-1.00231640e-01 -2.84675652e-05 1.31707957e-01
-9.96419186e-02 -2.95552464e-05 1.30041873e-01
-9.90261315e-02 -3.06206916e-05 1.28331714e-01
-9.83845657e-02 -3.16586533e-05 1.26578264e-01
-9.77175258e-02 -3.26649777e-05 1.24782337e-01
-9.70253340e-02 -3.36366741e-05 1.22944778e-01
-9.63083306e-02 -3.45719481e-05 1.21066459e-01
-9.55668730e-02 -3.54701997e-05 1.19148280e-01
-9.48013365e-02 -3.63319874e-05 1.17191170e-01
-9.40121133e-02 -3.71589602e-05 1.15196082e-01
-9.31996127e-02 -3.79537603e-05 1.13163998e-01
-9.23642607e-02 -3.87199012e-05 1.11095924e-01
-9.15064995e-02 -3.94616257e-05 1.08992889e-01
-9.06267873e-02 -4.01837483e-05 1.06855947e-01
-8.97255975e-02 -4.08914878e-05 1.04686175e-01
-8.88034186e-02 -4.15902953e-05 1.02484672e-01
-8.78607533e-02 -4.22856840e-05 1.00252557e-01
-8.68981183e-02 -4.29830636e-05 9.79909682e-02
-8.59160430e-02 -4.36875860e-05 9.57010646e-02
-8.49150697e-02 -4.44040057e-05 9.33840215e-02
-8.38957522e-02 -4.51365583e-05 9.10410314e-02
-8.28586556e-02 -4.58888590e-05 8.86733024e-02
-8.18043554e-02 -4.66638250e-05 8.62820570e-02
-8.07334369e-02 -4.74636209e-05 8.38685313e-02
-7.96464946e-02 -4.82896291e-05 8.14339739e-02
-7.85441313e-02 -4.91424435e-05 7.89796450e-02
-7.74269581e-02 -5.00218868e-05 7.65068151e-02
-7.62955928e-02 -5.09270484e-05 7.40167641e-02
-7.51506603e-02 -5.18563424e-05 7.15107807e-02
-7.39927913e-02 -5.28075808e-05 6.89901611e-02
-7.28226223e-02 -5.37780619e-05 6.64562081e-02
-7.16407946e-02 -5.47646674e-05 6.39102302e-02
-7.04479538e-02 -5.57639675e-05 6.13535409e-02
-6.92447498e-02 -5.67723298e-05 5.87874574e-02
-6.80318355e-02 -5.77860281e-05 5.62132996e-02
-6.68098667e-02 -5.88013485e-05 5.36323894e-02
-6.55795017e-02 -5.98146901e-05 5.10460493e-02
-6.43414002e-02 -6.08226576e-05 4.84556015e-02
-6.30962232e-02 -6.18221427e-05 4.58623665e-02
-6.18446324e-02 -6.28103937e-05 4.32676622e-02
-6.05872892e-02 -6.37850710e-05 4.06728022e-02
-5.93248546e-02 -6.47442879e-05 3.80790949e-02
-5.80579881e-02 -6.56866357e-05 3.54878418e-02
-5.67873476e-02 -6.66111939e-05 3.29003361e-02
-5.55135881e-02 -6.75175246e-05 3.03178615e-02
-5.42373617e-02 -6.84056529e-05 2.77416907e-02
-5.29593166e-02 -6.92760336e-05 2.51730837e-02
-5.16800965e-02 -7.01295065e-05 2.26132865e-02
-5.04003401e-02 -7.09672410e-05 2.00635297e-02
-4.91206804e-02 -7.17906724e-05 1.75250274e-02
-4.78417442e-02 -7.26014328e-05 1.49989753e-02
-4.65641515e-02 -7.34012766e-05 1.24865500e-02
-4.52885148e-02 -7.41920058e-05 9.98890753e-03
-4.40154391e-02 -7.49753945e-05 7.50718239e-03
-4.27455209e-02 -7.57531167e-05 5.04248658e-03
-4.14793481e-02 -7.65266786e-05 2.59590868e-03
-4.02174994e-02 -7.72973578e-05 1.68513127e-04
-3.89605443e-02 -7.80661497e-05 -2.23866052e-03
-3.77090423e-02 -7.88337249e-05 -4.62459812e-03
-3.64635432e-02 -7.96003959e-05 -6.98831142e-03
-3.52245861e-02 -8.03660961e-05 -9.32883845e-03
-3.39926999e-02 -8.11303704e-05 -1.16452439e-02
-3.27684025e-02 -8.18923778e-05 -1.39366192e-02
-3.15522009e-02 -8.26509060e-05 -1.62020831e-02
-3.03445911e-02 -8.34043971e-05 -1.84407813e-02
-2.91460574e-02 -8.41509833e-05 -2.06518868e-02
-2.79570729e-02 -8.48885331e-05 -2.28346003e-02
-2.67780988e-02 -8.56147037e-05 -2.49881499e-02
-2.56095842e-02 -8.63270014e-05 -2.71117910e-02
-2.44519664e-02 -8.70228456e-05 -2.92048071e-02
-2.33056701e-02 -8.76996358e-05 -3.12665094e-02
-2.21711075e-02 -8.83548195e-05 -3.32962368e-02
-2.10486780e-02 -8.89859593e-05 -3.52933565e-02
-1.99387682e-02 -8.95907968e-05 -3.72572638e-02
-1.88417513e-02 -9.01673118e-05 -3.91873825e-02
-1.77579868e-02 -9.07137757e-05 -4.10831650e-02
-1.66878210e-02 -9.12287963e-05 -4.29440925e-02
-1.56315860e-02 -9.17113549e-05 -4.47696755e-02
-1.45895996e-02 -9.21608324e-05 -4.65594534e-02
-1.35621656e-02 -9.25770254e-05 -4.83129956e-02
-1.25495730e-02 -9.29601516e-05 -5.00299009e-02
-1.15520962e-02 -9.33108437e-05 -5.17097985e-02
-1.05699948e-02 -9.36301331e-05 -5.33523472e-02
-9.60351314e-03 -9.39194232e-05 -5.49572366e-02
-8.65288080e-03 -9.41804530e-05 -5.65241863e-02
-7.71831203e-03 -9.44152528e-05 -5.80529466e-02
-6.80000595e-03 -9.46260928e-05 -5.95432980e-02
-5.89814649e-03 -9.48154262e-05 -6.09950514e-02
-5.01290241e-03 -9.49858273e-05 -6.24080480e-02
-4.14442739e-03 -9.51399290e-05 -6.37821590e-02
-3.29286014e-03 -9.52803581e-05 -6.51172854e-02
-2.45832446e-03 -9.54096726e-05 -6.64133578e-02
-1.64092949e-03 -9.55303014e-05 -6.76703358e-02
-8.40769829e-04 -9.56444883e-05 -6.88882076e-02
-5.79257719e-05 -9.57542425e-05 -7.00669900e-02
7.07536463e-04 -9.58612945e-05 -7.12067270e-02
1.45556448e-03 -9.59670621e-05 -7.23074903e-02
2.18611943e-03 -9.60726235e-05 -7.33693777e-02
2.89917574e-03 -9.61787006e-05 -7.43925130e-02
3.59472080e-03 -9.62856524e-05 -7.53770456e-02
4.27275468e-03 -9.63934769e-05 -7.63231489e-02
4.93328978e-03 -9.65018241e-05 -7.72310206e-02
5.57635056e-03 -9.66100165e-05 -7.81008814e-02
6.20197321e-03 -9.67170788e-05 -7.89329745e-02
6.81020529e-03 -9.68217753e-05 -7.97275648e-02
7.40110547e-03 -9.69226524e-05 -8.04849381e-02
7.97474319e-03 -9.70180876e-05 -8.12054008e-02
8.53119832e-03 -9.71063412e-05 -8.18892786e-02
9.07056089e-03 -9.71856113e-05 -8.25369161e-02
9.59293076e-03 -9.72540886e-05 -8.31486763e-02
1.00984173e-02 -9.73100120e-05 -8.37249395e-02
1.05871391e-02 -9.73517214e-05 -8.42661028e-02
1.10592237e-02 -9.73777076e-05 -8.47725795e-02
1.15148073e-02 -9.73866584e-05 -8.52447984e-02
1.19540343e-02 -9.73774987e-05 -8.56832028e-02
1.23770573e-02 -9.73494245e-05 -8.60882504e-02
1.27840364e-02 -9.73019306e-05 -8.64604122e-02
1.31751395e-02 -9.72348301e-05 -8.68001719e-02
1.35505412e-02 -9.71482665e-05 -8.71080256e-02
1.39104235e-02 -9.70427184e-05 -8.73844805e-02
1.42549744e-02 -9.69189956e-05 -8.76300547e-02
1.45843886e-02 -9.67782289e-05 -8.78452767e-02
1.48988667e-02 -9.66218513e-05 -8.80306840e-02
1.51986148e-02 -9.64515748e-05 -8.81868233e-02
1.54838445e-02 -9.62693592e-05 -8.83142493e-02
1.57547726e-02 -9.60773783e-05 -8.84135242e-02
1.60116207e-02 -9.58779803e-05 -8.84852171e-02
1.62546148e-02 -9.56736462e-05 -8.85299032e-02
1.64839852e-02 -9.54669461e-05 -8.85481634e-02
1.66999663e-02 -9.52604939e-05 -8.85405836e-02
1.69027958e-02 -9.50569034e-05 -8.85077538e-02
1.70927153e-02 -9.48587433e-05 -8.84502680e-02
1.72699691e-02 -9.46684963e-05 -8.83687230e-02
1.74348045e-02 -9.44885190e-05 -8.82637183e-02
1.75874714e-02 -9.43210066e-05 -8.81358554e-02
1.77282220e-02 -9.41679604e-05 -8.79857371e-02
1.78573105e-02 -9.40311610e-05 -8.78139671e-02
1.79749929e-02 -9.39121453e-05 -8.76211491e-02
1.80815268e-02 -9.38121892e-05 -8.74078871e-02
1.81771708e-02 -9.37322958e-05 -8.71747838e-02
1.82621849e-02 -9.36731884e-05 -8.69224410e-02
1.83368296e-02 -9.36353087e-05 -8.66514587e-02
1.84013660e-02 -9.36188205e-05 -8.63624346e-02
1.84560556e-02 -9.36236178e-05 -8.60559639e-02
1.85011596e-02 -9.36493372e-05 -8.57326383e-02
1.85369394e-02 -9.36953744e-05 -8.53930463e-02
1.85636557e-02 -9.37609037e-05 -8.50377722e-02
1.85815686e-02 -9.38449013e-05 -8.46673960e-02
1.85909372e-02 -9.39461695e-05 -8.42824926e-02
1.85920195e-02 -9.40633641e-05 -8.38836319e-02
1.85850723e-02 -9.41950220e-05 -8.34713780e-02
1.85703504e-02 -9.43395895e-05 -8.30462888e-02
1.85481070e-02 -9.44954513e-05 -8.26089162e-02
1.85185933e-02 -9.46609582e-05 -8.21598050e-02
1.84820581e-02 -9.48344546e-05 -8.16994929e-02
1.84387478e-02 -9.50143042e-05 -8.12285102e-02
1.83889061e-02 -9.51989141e-05 -8.07473794e-02
1.83327737e-02 -9.53867572e-05 -8.02566151e-02
1.82705885e-02 -9.55763923e-05 -7.97567232e-02
1.82025850e-02 -9.57664815e-05 -7.92482012e-02
1.81289944e-02 -9.59558054e-05 -7.87315378e-02
1.80500441e-02 -9.61432761e-05 -7.82072125e-02
1.79659583e-02 -9.63279468e-05 -7.76756955e-02
1.78769569e-02 -9.65090196e-05 -7.71374477e-02
1.77832563e-02 -9.66858508e-05 -7.65929204e-02
1.76850685e-02 -9.68579537e-05 -7.60425552e-02
1.75826018e-02 -9.70249998e-05 -7.54867837e-02
1.74760600e-02 -9.71868174e-05 -7.49260280e-02
1.73656430e-02 -9.73433891e-05 -7.43607001e-02
1.72515463e-02 -9.74948478e-05 -7.37912021e-02
1.71339611e-02 -9.76414711e-05 -7.32179262e-02
1.70130744e-02 -9.77836749e-05 -7.26412548e-02
1.68890689e-02 -9.79220060e-05 -7.20615603e-02
1.67621231e-02 -9.80571346e-05 -7.14792057e-02
1.66324112e-02 -9.81898452e-05 -7.08945438e-02
1.65001033e-02 -9.83210284e-05 -7.03079183e-02
1.63653653e-02 -9.84516718e-05 -6.97196631e-02
1.62283591e-02 -9.85828506e-05 -6.91301030e-02
1.60892424e-02 -9.87157187e-05 -6.85395533e-02
1.59481692e-02 -9.88514995e-05 -6.79483204e-02
1.58052893e-02 -9.89914763e-05 -6.73567016e-02
1.56607488e-02 -9.91369835e-05 -6.67649854e-02
1.55146903e-02 -9.92893972e-05 -6.61734516e-02
1.53672521e-02 -9.94501258e-05 -6.55823715e-02
1.52185695e-02 -9.96206005e-05 -6.49920075e-02
1.50687738e-02 -9.98022656e-05 -6.44026142e-02
1.49179929e-02 -9.99965691e-05 -6.38144374e-02
1.47663513e-02 -1.00204952e-04 -6.32277151e-02
1.46139699e-02 -1.00428839e-04 -6.26426769e-02
1.44609665e-02 -1.00669625e-04 -6.20595444e-02
1.43074552e-02 -1.00928669e-04 -6.14785314e-02
1.41535469e-02 -1.01207277e-04 -6.08998435e-02
1.39993493e-02 -1.01506697e-04 -6.03236784e-02
1.38449666e-02 -1.01828100e-04 -5.97502263e-02
1.36904998e-02 -1.02172575e-04 -5.91796689e-02
1.35360465e-02 -1.02541110e-04 -5.86121807e-02
1.33817012e-02 -1.02934588e-04 -5.80479280e-02
1.32275549e-02 -1.03353771e-04 -5.74870694e-02
1.30736953e-02 -1.03799287e-04 -5.69297557e-02
1.29202068e-02 -1.04271624e-04 -5.63761299e-02
1.27671704e-02 -1.04771120e-04 -5.58263274e-02
1.26146639e-02 -1.05297950e-04 -5.52804758e-02
1.24627615e-02 -1.05852124e-04 -5.47386950e-02
1.23115342e-02 -1.06433476e-04 -5.42010972e-02
1.21610496e-02 -1.07041663e-04 -5.36677874e-02
1.20113718e-02 -1.07676160e-04 -5.31388627e-02
1.18625617e-02 -1.08336261e-04 -5.26144131e-02
1.17146768e-02 -1.09021078e-04 -5.20945214e-02
1.15677712e-02 -1.09729544e-04 -5.15792630e-02
1.14218957e-02 -1.10460420e-04 -5.10687065e-02
1.12770981e-02 -1.11212299e-04 -5.05629137e-02
1.11334225e-02 -1.11983621e-04 -5.00619395e-02
1.09909103e-02 -1.12772678e-04 -4.95658328e-02
1.08495996e-02 -1.13577629e-04 -4.90746359e-02
1.07095255e-02 -1.14396520e-04 -4.85883852e-02
1.05707201e-02 -1.15227294e-04 -4.81071114e-02
1.04332129e-02 -1.16067816e-04 -4.76308396e-02
1.02970303e-02 -1.16915888e-04 -4.71595898e-02
1.01621963e-02 -1.17769272e-04 -4.66933769e-02
1.00287322e-02 -1.18625712e-04 -4.62322111e-02
9.89665708e-03 -1.19482956e-04 -4.57760983e-02
9.76598749e-03 -1.20338776e-04 -4.53250403e-02
9.63673791e-03 -1.21190995e-04 -4.48790348e-02
9.50892071e-03 -1.22037508e-04 -4.44380762e-02
9.38254633e-03 -1.22876298e-04 -4.40021556e-02
9.25762339e-03 -1.23705463e-04 -4.35712610e-02
9.13415881e-03 -1.24523235e-04 -4.31453776e-02
9.01215794e-03 -1.25327991e-04 -4.27244883e-02
8.89162467e-03 -1.26118275e-04 -4.23085736e-02
8.77256153e-03 -1.26892813e-04 -4.18976119e-02
8.65496983e-03 -1.27650520e-04 -4.14915800e-02
8.53884974e-03 -1.28390510e-04 -4.10904529e-02
8.42420040e-03 -1.29112110e-04 -4.06942041e-02
8.31102001e-03 -1.29814856e-04 -4.03028060e-02
8.19930591e-03 -1.30498502e-04 -3.99162295e-02
8.08905465e-03 -1.31163013e-04 -3.95344450e-02
7.98026209e-03 -1.31808572e-04 -3.91574214e-02
7.87292342e-03 -1.32435564e-04 -3.87851271e-02
7.76703326e-03 -1.33044576e-04 -3.84175297e-02
7.66258569e-03 -1.33636386e-04 -3.80545961e-02
7.55957425e-03 -1.34211949e-04 -3.76962924e-02
7.45799207e-03 -1.34772386e-04 -3.73425842e-02
7.35783180e-03 -1.35318969e-04 -3.69934364e-02
7.25908569e-03 -1.35853102e-04 -3.66488133e-02
7.16174558e-03 -1.36376306e-04 -3.63086786e-02
7.06580293e-03 -1.36890202e-04 -3.59729954e-02
6.97124883e-03 -1.37396487e-04 -3.56417262e-02
6.87807398e-03 -1.37896919e-04 -3.53148326e-02
6.78626870e-03 -1.38393297e-04 -3.49922758e-02
6.69582296e-03 -1.38887440e-04 -3.46740161e-02
6.60672634e-03 -1.39381167e-04 -3.43600131e-02
6.51896802e-03 -1.39876282e-04 -3.40502257e-02
6.43253682e-03 -1.40374556e-04 -3.37446119e-02
6.34742116e-03 -1.40877708e-04 -3.34431289e-02
6.26360907e-03 -1.41387389e-04 -3.31457333e-02
6.18108816e-03 -1.41905173e-04 -3.28523806e-02
6.09984567e-03 -1.42432538e-04 -3.25630256e-02
6.01986844e-03 -1.42970860e-04 -3.22776222e-02
5.94114290e-03 -1.43521401e-04 -3.19961236e-02
5.86365510e-03 -1.44085300e-04 -3.17184823e-02
5.78739071e-03 -1.44663571e-04 -3.14446497e-02
5.71233501e-03 -1.45257092e-04 -3.11745769e-02
5.63847295e-03 -1.45866609e-04 -3.09082140e-02
5.56578910e-03 -1.46492730e-04 -3.06455106e-02
5.49426774e-03 -1.47135927e-04 -3.03864158e-02
5.42389282e-03 -1.47796535e-04 -3.01308780e-02
5.35464802e-03 -1.48474760e-04 -2.98788454e-02
5.28651675e-03 -1.49170679e-04 -2.96302657e-02
5.21948219e-03 -1.49884246e-04 -2.93850862e-02
5.15352732e-03 -1.50615297e-04 -2.91432544e-02
5.08863497e-03 -1.51363562e-04 -2.89047171e-02
5.02478777e-03 -1.52128667e-04 -2.86694215e-02
4.96196830e-03 -1.52910145e-04 -2.84373148e-02
4.90015902e-03 -1.53707442e-04 -2.82083440e-02
4.83934235e-03 -1.54519930e-04 -2.79824566e-02
4.77950072e-03 -1.55346915e-04 -2.77596004e-02
4.72061652e-03 -1.56187641e-04 -2.75397234e-02
4.66267225e-03 -1.57041306e-04 -2.73227740e-02
4.60565044e-03 -1.57907066e-04 -2.71087014e-02
4.54953374e-03 -1.58784047e-04 -2.68974551e-02
4.49430493e-03 -1.59671348e-04 -2.66889852e-02
4.43994694e-03 -1.60568055e-04 -2.64832427e-02
4.38644289e-03 -1.61473242e-04 -2.62801792e-02
4.33377608e-03 -1.62385982e-04 -2.60797471e-02
4.28193006e-03 -1.63305354e-04 -2.58818996e-02
4.23088860e-03 -1.64230441e-04 -2.56865907e-02
4.18063573e-03 -1.65160345e-04 -2.54937753e-02
4.13115574e-03 -1.66094186e-04 -2.53034093e-02
4.08243321e-03 -1.67031103e-04 -2.51154494e-02
4.03445301e-03 -1.67970265e-04 -2.49298532e-02
3.98720029e-03 -1.68910867e-04 -2.47465793e-02
3.94066054e-03 -1.69852137e-04 -2.45655871e-02
3.89481952e-03 -1.70793333e-04 -2.43868370e-02
3.84966333e-03 -1.71733751e-04 -2.42102903e-02
3.80517836e-03 -1.72672719e-04 -2.40359092e-02
3.76135133e-03 -1.73609603e-04 -2.38636567e-02
3.71816926e-03 -1.74543808e-04 -2.36934968e-02
3.67561949e-03 -1.75474772e-04 -2.35253943e-02
3.63368966e-03 -1.76401975e-04 -2.33593147e-02
3.59236772e-03 -1.77324933e-04 -2.31952244e-02
3.55164189e-03 -1.78243199e-04 -2.30330907e-02
3.51150073e-03 -1.79156365e-04 -2.28728814e-02
3.47193303e-03 -1.80064061e-04 -2.27145652e-02
3.43292791e-03 -1.80965955e-04 -2.25581114e-02
3.39447474e-03 -1.81861751e-04 -2.24034901e-02
3.35656315e-03 -1.82751193e-04 -2.22506720e-02
3.31918304e-03 -1.83634060e-04 -2.20996284e-02
3.28232458e-03 -1.84510171e-04 -2.19503312e-02
3.24597816e-03 -1.85379381e-04 -2.18027529e-02
3.21013441e-03 -1.86241584e-04 -2.16568666e-02
3.17478421e-03 -1.87096712e-04 -2.15126459e-02
3.13991865e-03 -1.87944733e-04 -2.13700650e-02
3.10552906e-03 -1.88785655e-04 -2.12290984e-02
3.07160696e-03 -1.89619523e-04 -2.10897214e-02
3.03814408e-03 -1.90446419e-04 -2.09519096e-02
3.00513235e-03 -1.91266464e-04 -2.08156390e-02
2.97256390e-03 -1.92079815e-04 -2.06808861e-02
2.94043103e-03 -1.92886666e-04 -2.05476278e-02
2.90872624e-03 -1.93687249e-04 -2.04158415e-02
2.87744219e-03 -1.94481829e-04 -2.02855050e-02
2.84657170e-03 -1.95270704e-04 -2.01565962e-02
2.81610777e-03 -1.96054210e-04 -2.00290939e-02
2.78604352e-03 -1.96832710e-04 -1.99029767e-02
2.75637226e-03 -1.97606599e-04 -1.97782239e-02
2.72708740e-03 -1.98376298e-04 -1.96548152e-02
2.69818251e-03 -1.99142258e-04 -1.95327302e-02
2.66965129e-03 -1.99904948e-04 -1.94119494e-02
2.64148754e-03 -2.00664861e-04 -1.92924530e-02
2.61368520e-03 -2.01422507e-04 -1.91742220e-02
2.58623829e-03 -2.02178411e-04 -1.90572375e-02
2.55914097e-03 -2.02933109e-04 -1.89414807e-02
2.53238747e-03 -2.03687144e-04 -1.88269334e-02
2.50597213e-03 -2.04441066e-04 -1.87135774e-02
2.47988937e-03 -2.05195423e-04 -1.86013948e-02
2.45413368e-03 -2.05950763e-04 -1.84903680e-02
2.42869965e-03 -2.06707624e-04 -1.83804796e-02
2.40358193e-03 -2.07466537e-04 -1.82717125e-02
2.37877523e-03 -2.08228016e-04 -1.81640497e-02
2.35427435e-03 -2.08992558e-04 -1.80574745e-02
2.33007414e-03 -2.09760640e-04 -1.79519703e-02
2.30616949e-03 -2.10532713e-04 -1.78475208e-02
2.28255538e-03 -2.11309200e-04 -1.77441099e-02
2.25922683e-03 -2.12090494e-04 -1.76417218e-02
2.23617889e-03 -2.12876954e-04 -1.75403406e-02
2.21340671e-03 -2.13668901e-04 -1.74399508e-02
2.19090545e-03 -2.14466621e-04 -1.73405373e-02
2.16867035e-03 -2.15270358e-04 -1.72420847e-02
2.14669668e-03 -2.16080315e-04 -1.71445783e-02
2.12497978e-03 -2.16896651e-04 -1.70480033e-02
2.10351503e-03 -2.17719483e-04 -1.69523452e-02
2.08229789e-03 -2.18548883e-04 -1.68575899e-02
2.06132385e-03 -2.19384880e-04 -1.67637232e-02
2.04058848e-03 -2.20227458e-04 -1.66707313e-02
2.02008739e-03 -2.21076558e-04 -1.65786007e-02
1.99981627e-03 -2.21932082e-04 -1.64873180e-02
1.97977088e-03 -2.22793886e-04 -1.63968702e-02
1.95994704e-03 -2.23661793e-04 -1.63072445e-02
1.94034064e-03 -2.24535583e-04 -1.62184283e-02
1.92094766e-03 -2.25415007e-04 -1.61304093e-02
1.90176413e-03 -2.26299780e-04 -1.60431756e-02
1.88278618e-03 -2.27189589e-04 -1.59567154e-02
1.86401002e-03 -2.28084094e-04 -1.58710174e-02
1.84543192e-03 -2.28982932e-04 -1.57860704e-02
1.82704827e-03 -2.29885719e-04 -1.57018635e-02
1.80885551e-03 -2.30792054e-04 -1.56183863e-02
1.79085018e-03 -2.31701524e-04 -1.55356286e-02
1.77302892e-03 -2.32613705e-04 -1.54535804e-02
1.75538842e-03 -2.33528165e-04 -1.53722321e-02
1.73792549e-03 -2.34444471e-04 -1.52915744e-02
1.72063700e-03 -2.35362189e-04 -1.52115983e-02
1.70351993e-03 -2.36280887e-04 -1.51322950e-02
1.68657132e-03 -2.37200143e-04 -1.50536562e-02
1.66978830e-03 -2.38119541e-04 -1.49756737e-02
1.65316806e-03 -2.39038681e-04 -1.48983396e-02
1.63670790e-03 -2.39957175e-04 -1.48216463e-02
1.62040516e-03 -2.40874655e-04 -1.47455864e-02
1.60425727e-03 -2.41790774e-04 -1.46701528e-02
1.58826172e-03 -2.42705206e-04 -1.45953386e-02
1.57241606e-03 -2.43617649e-04 -1.45211372e-02
1.55671790e-03 -2.44527831e-04 -1.44475422e-02
1.54116493e-03 -2.45435504e-04 -1.43745471e-02
1.52575486e-03 -2.46340450e-04 -1.43021461e-02
1.51048546e-03 -2.47242485e-04 -1.42303331e-02
1.49535456e-03 -2.48141451e-04 -1.41591024e-02
1.48036003e-03 -2.49037225e-04 -1.40884483e-02
1.46549977e-03 -2.49929717e-04 -1.40183655e-02
1.45077172e-03 -2.50818867e-04 -1.39488484e-02
1.43617387e-03 -2.51704651e-04 -1.38798918e-02
1.42170422e-03 -2.52587075e-04 -1.38114905e-02
1.40736083e-03 -2.53466178e-04 -1.37436393e-02
1.39314175e-03 -2.54342031e-04 -1.36763331e-02
1.37904510e-03 -2.55214736e-04 -1.36095670e-02
1.36506900e-03 -2.56084424e-04 -1.35433358e-02
1.35121159e-03 -2.56951256e-04 -1.34776348e-02
1.33747106e-03 -2.57815421e-04 -1.34124588e-02
1.32384560e-03 -2.58677134e-04 -1.33478030e-02
1.31033343e-03 -2.59536636e-04 -1.32836624e-02
1.29693282e-03 -2.60394190e-04 -1.32200321e-02
1.28364202e-03 -2.61250082e-04 -1.31569072e-02
1.27045933e-03 -2.62104619e-04 -1.30942825e-02
1.25738309e-03 -2.62958125e-04 -1.30321533e-02
1.24441164e-03 -2.63810940e-04 -1.29705145e-02
1.23154336e-03 -2.64663421e-04 -1.29093611e-02
1.21877666e-03 -2.65515935e-04 -1.28486879e-02
1.20610999e-03 -2.66368861e-04 -1.27884901e-02
1.19354181e-03 -2.67222584e-04 -1.27287624e-02
1.18107064e-03 -2.68077500e-04 -1.26694998e-02
1.16869502e-03 -2.68934003e-04 -1.26106971e-02
1.15641352e-03 -2.69792493e-04 -1.25523493e-02
1.14422478e-03 -2.70653370e-04 -1.24944511e-02
1.13212743e-03 -2.71517029e-04 -1.24369973e-02
1.12012019e-03 -2.72383862e-04 -1.23799829e-02
1.10820178e-03 -2.73254255e-04 -1.23234026e-02
1.09637100e-03 -2.74128585e-04 -1.22672512e-02
1.08462666e-03 -2.75007217e-04 -1.22115236e-02
1.07296763e-03 -2.75890507e-04 -1.21562146e-02
1.06139283e-03 -2.76778794e-04 -1.21013191e-02
1.04990121e-03 -2.77672401e-04 -1.20468318e-02
1.03849175e-03 -2.78571633e-04 -1.19927477e-02
1.02716351e-03 -2.79476778e-04 -1.19390617e-02
1.01591556e-03 -2.80388100e-04 -1.18857688e-02
1.00474703e-03 -2.81305842e-04 -1.18328638e-02
9.93657083e-04 -2.82230225e-04 -1.17803419e-02
9.82644911e-04 -2.83161442e-04 -1.17281981e-02
9.71709757e-04 -2.84099664e-04 -1.16764275e-02
9.60850895e-04 -2.85045031e-04 -1.16250252e-02
9.50067632e-04 -2.85997659e-04 -1.15739864e-02
9.39359310e-04 -2.86957636e-04 -1.15233065e-02
9.28725297e-04 -2.87925020e-04 -1.14729807e-02
9.18164991e-04 -2.88899841e-04 -1.14230044e-02
9.07677816e-04 -2.89882100e-04 -1.13733730e-02
8.97263220e-04 -2.90871771e-04 -1.13240822e-02
8.86920671e-04 -2.91868797e-04 -1.12751274e-02
8.76649657e-04 -2.92873095e-04 -1.12265043e-02
8.66449684e-04 -2.93884554e-04 -1.11782087e-02
8.56320273e-04 -2.94903034e-04 -1.11302363e-02
8.46260958e-04 -2.95928374e-04 -1.10825831e-02
8.36271283e-04 -2.96960383e-04 -1.10352449e-02
8.26350804e-04 -2.97998848e-04 -1.09882179e-02
8.16499083e-04 -2.99043536e-04 -1.09414981e-02
8.06715688e-04 -3.00094189e-04 -1.08950816e-02
7.97000193e-04 -3.01150532e-04 -1.08489649e-02
7.87352176e-04 -3.02212272e-04 -1.08031442e-02
7.77771217e-04 -3.03279100e-04 -1.07576160e-02
7.68256897e-04 -3.04350692e-04 -1.07123768e-02
7.58808798e-04 -3.05426713e-04 -1.06674232e-02
7.49426503e-04 -3.06506817e-04 -1.06227518e-02
7.40109594e-04 -3.07590650e-04 -1.05783595e-02
7.30857655e-04 -3.08677853e-04 -1.05342431e-02
7.21670265e-04 -3.09768062e-04 -1.04903995e-02
7.12547007e-04 -3.10860912e-04 -1.04468257e-02
7.03487459e-04 -3.11956037e-04 -1.04035189e-02
6.94491202e-04 -3.13053076e-04 -1.03604762e-02
6.85557814e-04 -3.14151669e-04 -1.03176949e-02
6.76686876e-04 -3.15251466e-04 -1.02751724e-02
6.67877968e-04 -3.16352122e-04 -1.02329060e-02
6.59130669e-04 -3.17453306e-04 -1.01908934e-02
6.50444563e-04 -3.18554695e-04 -1.01491320e-02
6.41819232e-04 -3.19655981e-04 -1.01076196e-02
6.33254262e-04 -3.20756873e-04 -1.00663538e-02
6.24749241e-04 -3.21857094e-04 -1.00253326e-02
6.16303760e-04 -3.22956384e-04 -9.98455387e-03
6.07917410e-04 -3.24054503e-04 -9.94401550e-03
5.99589789e-04 -3.25151231e-04 -9.90371558e-03
5.91320493e-04 -3.26246365e-04 -9.86365221e-03
5.83109125e-04 -3.27339727e-04 -9.82382357e-03
5.74955287e-04 -3.28431156e-04 -9.78422792e-03
5.66858584e-04 -3.29520514e-04 -9.74486354e-03
5.58818624e-04 -3.30607683e-04 -9.70572880e-03
5.50835012e-04 -3.31692568e-04 -9.66682213e-03
5.42907356e-04 -3.32775092e-04 -9.62814198e-03
5.35035262e-04 -3.33855198e-04 -9.58968688e-03
5.27218333e-04 -3.34932849e-04 -9.55145540e-03
5.19456171e-04 -3.36008027e-04 -9.51344613e-03
5.11748369e-04 -3.37080729e-04 -9.47565775e-03
5.04094519e-04 -3.38150968e-04 -9.43808891e-03
4.96494201e-04 -3.39218774e-04 -9.40073835e-03
4.88946988e-04 -3.40284188e-04 -9.36360482e-03
4.81452441e-04 -3.41347262e-04 -9.32668709e-03
4.74010110e-04 -3.42408059e-04 -9.28998395e-03
4.66619528e-04 -3.43466649e-04 -9.25349424e-03
4.59280215e-04 -3.44523110e-04 -9.21721678e-03
4.51991669e-04 -3.45577522e-04 -9.18115044e-03
4.44753372e-04 -3.46629969e-04 -9.14529409e-03
4.37564783e-04 -3.47680535e-04 -9.10964660e-03
4.30425338e-04 -3.48729303e-04 -9.07420686e-03
4.23334449e-04 -3.49776351e-04 -9.03897378e-03
4.16291502e-04 -3.50821755e-04 -9.00394625e-03
4.09295855e-04 -3.51865580e-04 -8.96912319e-03
4.02346839e-04 -3.52907887e-04 -8.93450350e-03
3.95443755e-04 -3.53948722e-04 -8.90008612e-03
3.88585873e-04 -3.54988123e-04 -8.86586995e-03
3.81772432e-04 -3.56026113e-04 -8.83185394e-03
3.75002642e-04 -3.57062701e-04 -8.79803699e-03
3.68275678e-04 -3.58097880e-04 -8.76441807e-03
3.61590686e-04 -3.59131626e-04 -8.73099609e-03
3.54946779e-04 -3.60163900e-04 -8.69777002e-03
3.48343039e-04 -3.61194641e-04 -8.66473881e-03
3.41778516e-04 -3.62223773e-04 -8.63190143e-03
3.35252231e-04 -3.63251200e-04 -8.59925685e-03
3.28763178e-04 -3.64276807e-04 -8.56680408e-03
3.22310319e-04 -3.65300460e-04 -8.53454213e-03
3.15892593e-04 -3.66322007e-04 -8.50247002e-03
3.09508911e-04 -3.67341280e-04 -8.47058680e-03
3.03158163e-04 -3.68358090e-04 -8.43889156e-03
2.96839217e-04 -3.69372234e-04 -8.40738338e-03
2.90550921e-04 -3.70383494e-04 -8.37606142e-03
2.84292106e-04 -3.71391637e-04 -8.34492482e-03
2.78061588e-04 -3.72396417e-04 -8.31397279e-03
2.71858170e-04 -3.73397579e-04 -8.28320456e-03
2.65680644e-04 -3.74394857e-04 -8.25261941e-03
2.59527798e-04 -3.75387977e-04 -8.22221665e-03
2.53398409e-04 -3.76376659e-04 -8.19199564e-03
2.47291257e-04 -3.77360622e-04 -8.16195579e-03
2.41205117e-04 -3.78339582e-04 -8.13209655e-03
2.35138771e-04 -3.79313253e-04 -8.10241742e-03
2.29091002e-04 -3.80281356e-04 -8.07291795e-03
2.23060604e-04 -3.81243615e-04 -8.04359775e-03
2.17046377e-04 -3.82199762e-04 -8.01445647e-03
2.11047138e-04 -3.83149537e-04 -7.98549381e-03
2.05061714e-04 -3.84092695e-04 -7.95670954e-03
1.99088951e-04 -3.85029002e-04 -7.92810346e-03
1.93127714e-04 -3.85958241e-04 -7.89967544e-03
1.87176886e-04 -3.86880215e-04 -7.87142539e-03
1.81235374e-04 -3.87794745e-04 -7.84335327e-03
1.75302107e-04 -3.88701675e-04 -7.81545908e-03
1.69376042e-04 -3.89600872e-04 -7.78774289e-03
1.63456158e-04 -3.90492230e-04 -7.76020480e-03
1.57541464e-04 -3.91375667e-04 -7.73284494e-03
1.51630995e-04 -3.92251131e-04 -7.70566349e-03
1.45723817e-04 -3.93118598e-04 -7.67866068e-03
1.39819021e-04 -3.93978075e-04 -7.65183674e-03
1.33915732e-04 -3.94829598e-04 -7.62519197e-03
1.28013100e-04 -3.95673234e-04 -7.59872665e-03
1.22110305e-04 -3.96509082e-04 -7.57244113e-03
1.16206558e-04 -3.97337272e-04 -7.54633575e-03
1.10301095e-04 -3.98157965e-04 -7.52041088e-03
1.04393181e-04 -3.98971352e-04 -7.49466688e-03
9.84821088e-05 -3.99777654e-04 -7.46910413e-03
9.25671947e-05 -4.00577121e-04 -7.44372303e-03
8.66477808e-05 -4.01370032e-04 -7.41852396e-03
8.07232325e-05 -4.02156690e-04 -7.39350729e-03
7.47929371e-05 -4.02937426e-04 -7.36867341e-03
6.88563025e-05 -4.03712593e-04 -7.34402267e-03
6.29127556e-05 -4.04482564e-04 -7.31955541e-03
5.69617407e-05 -4.05247735e-04 -7.29527197e-03
5.10027179e-05 -4.06008516e-04 -7.27117266e-03
4.50351614e-05 -4.06765332e-04 -7.24725774e-03
3.90585575e-05 -4.07518623e-04 -7.22352748e-03
3.30724033e-05 -4.08268835e-04 -7.19998211e-03
2.70762046e-05 -4.09016424e-04 -7.17662182e-03
2.10694742e-05 -4.09761846e-04 -7.15344676e-03
1.50517303e-05 -4.10505563e-04 -7.13045707e-03
9.02249461e-06 -4.11248031e-04 -7.10765284e-03
2.98129112e-06 -4.11989703e-04 -7.08503411e-03
-3.07235581e-06 -4.12731022e-04 -7.06260092e-03
-9.13892279e-06 -4.13472423e-04 -7.04035323e-03
-1.52188888e-05 -4.14214323e-04 -7.01829100e-03
-2.13127364e-05 -4.14957124e-04 -6.99641414e-03
-2.74209532e-05 -4.15701208e-04 -6.97472252e-03
-3.35440324e-05 -4.16446933e-04 -6.95321599e-03
-3.96824743e-05 -4.17194630e-04 -6.93189435e-03
-4.58367868e-05 -4.17944603e-04 -6.91075740e-03
-5.20074860e-05 -4.18697123e-04 -6.88980489e-03
-5.81950971e-05 -4.19452428e-04 -6.86903656e-03
-6.44001544e-05 -4.20210718e-04 -6.84845213e-03
-7.06232020e-05 -4.20972158e-04 -6.82805130e-03
-7.68647935e-05 -4.21736868e-04 -6.80783377e-03
-8.31254922e-05 -4.22504928e-04 -6.78779921e-03
-8.94058710e-05 -4.23276373e-04 -6.76794731e-03
-9.57065119e-05 -4.24051191e-04 -6.74827776e-03
-1.02028006e-04 -4.24829325e-04 -6.72879024e-03
-1.08370952e-04 -4.25610669e-04 -6.70948446e-03
-1.14735957e-04 -4.26395066e-04 -6.69036014e-03
-1.21123634e-04 -4.27182311e-04 -6.67141701e-03
-1.27534603e-04 -4.27972148e-04 -6.65265486e-03
-1.33969487e-04 -4.28764271e-04 -6.63407347e-03
-1.40428915e-04 -4.29558324e-04 -6.61567271e-03
-1.46913516e-04 -4.30353898e-04 -6.59745243e-03
-1.53423924e-04 -4.31150537e-04 -6.57941260e-03
-1.59960768e-04 -4.31947734e-04 -6.56155318e-03
-1.66524679e-04 -4.32744935e-04 -6.54387422e-03
-1.73116284e-04 -4.33541538e-04 -6.52637585e-03
-1.79736206e-04 -4.34336896e-04 -6.50905823e-03
-1.86385060e-04 -4.35130316e-04 -6.49192161e-03
-1.93063457e-04 -4.35921063e-04 -6.47496633e-03
-1.99771995e-04 -4.36708363e-04 -6.45819279e-03
-2.06511264e-04 -4.37491403e-04 -6.44160148e-03
-2.13281841e-04 -4.38269331e-04 -6.42519298e-03
-2.20084287e-04 -4.39041265e-04 -6.40896796e-03
-2.26919151e-04 -4.39806288e-04 -6.39292718e-03
-2.33786962e-04 -4.40563459e-04 -6.37707149e-03
-2.40688233e-04 -4.41311809e-04 -6.36140183e-03
-2.47623456e-04 -4.42050345e-04 -6.34591926e-03
-2.54593100e-04 -4.42778057e-04 -6.33062492e-03
-2.61597616e-04 -4.43493918e-04 -6.31552004e-03
-2.68637426e-04 -4.44196887e-04 -6.30060595e-03
-2.75712930e-04 -4.44885916e-04 -6.28588408e-03
-2.82824501e-04 -4.45559949e-04 -6.27135597e-03
-2.89972484e-04 -4.46217926e-04 -6.25702321e-03
-2.97157196e-04 -4.46858789e-04 -6.24288752e-03
-3.04378926e-04 -4.47481486e-04 -6.22895069e-03
-3.11637931e-04 -4.48084968e-04 -6.21521459e-03
-3.18934438e-04 -4.48668202e-04 -6.20168117e-03
-3.26268642e-04 -4.49230165e-04 -6.18835247e-03
-3.33640706e-04 -4.49769856e-04 -6.17523058e-03
-3.41050759e-04 -4.50286290e-04 -6.16231767e-03
-3.48498899e-04 -4.50778510e-04 -6.14961596e-03
-3.55985188e-04 -4.51245586e-04 -6.13712773e-03
-3.63509655e-04 -4.51686616e-04 -6.12485531e-03
-3.71072293e-04 -4.52100732e-04 -6.11280105e-03
-3.78673062e-04 -4.52487105e-04 -6.10096737e-03
-3.86311885e-04 -4.52844939e-04 -6.08935667e-03
-3.93988653e-04 -4.53173484e-04 -6.07797142e-03
-4.01703217e-04 -4.53472030e-04 -6.06681405e-03
-4.09455396e-04 -4.53739914e-04 -6.05588703e-03
-4.17244973e-04 -4.53976519e-04 -6.04519280e-03
-4.25071693e-04 -4.54181280e-04 -6.03473380e-03
-4.32935268e-04 -4.54353680e-04 -6.02451245e-03
-4.40835372e-04 -4.54493254e-04 -6.01453112e-03
-4.48771645e-04 -4.54599592e-04 -6.00479215e-03
-4.56743689e-04 -4.54672337e-04 -5.99529784e-03
-4.64751072e-04 -4.54711188e-04 -5.98605041e-03
-4.72793323e-04 -4.54715897e-04 -5.97705202e-03
-4.80869937e-04 -4.54686276e-04 -5.96830478e-03
-4.88980372e-04 -4.54622188e-04 -5.95981067e-03
-4.97124047e-04 -4.54523556e-04 -5.95157161e-03
-5.05300348e-04 -4.54390355e-04 -5.94358940e-03
-5.13508619e-04 -4.54222619e-04 -5.93586575e-03
-5.21748168e-04 -4.54020431e-04 -5.92840223e-03
-5.30018267e-04 -4.53783932e-04 -5.92120030e-03
-5.38318145e-04 -4.53513311e-04 -5.91426127e-03
-5.46646993e-04 -4.53208811e-04 -5.90758632e-03
-5.55003963e-04 -4.52870722e-04 -5.90117648e-03
-5.63388165e-04 -4.52499381e-04 -5.89503262e-03
-5.71798668e-04 -4.52095174e-04 -5.88915546e-03
-5.80234496e-04 -4.51658525e-04 -5.88354553e-03
-5.88694632e-04 -4.51189904e-04 -5.87820322e-03
-5.97178013e-04 -4.50689818e-04 -5.87312871e-03
-6.05683529e-04 -4.50158809e-04 -5.86832201e-03
-6.14210023e-04 -4.49597455e-04 -5.86378294e-03
-6.22756292e-04 -4.49006364e-04 -5.85951113e-03
-6.31321080e-04 -4.48386172e-04 -5.85550601e-03
-6.39903079e-04 -4.47737541e-04 -5.85176681e-03
-6.48500931e-04 -4.47061157e-04 -5.84829255e-03
-6.57113220e-04 -4.46357721e-04 -5.84508208e-03
-6.65738474e-04 -4.45627955e-04 -5.84213399e-03
-6.74375166e-04 -4.44872593e-04 -5.83944671e-03
-6.83021704e-04 -4.44092377e-04 -5.83701844e-03
-6.91676438e-04 -4.43288059e-04 -5.83484716e-03
-7.00337652e-04 -4.42460395e-04 -5.83293066e-03
-7.09003565e-04 -4.41610141e-04 -5.83126651e-03
-7.17672328e-04 -4.40738051e-04 -5.82985207e-03
-7.26342023e-04 -4.39844876e-04 -5.82868449e-03
-7.35010659e-04 -4.38931357e-04 -5.82776072e-03
-7.43676172e-04 -4.37998228e-04 -5.82707752e-03
-7.52336423e-04 -4.37046208e-04 -5.82663140e-03
-7.60989195e-04 -4.36075999e-04 -5.82641872e-03
-7.69632191e-04 -4.35088289e-04 -5.82643562e-03
-7.78263035e-04 -4.34083742e-04 -5.82667804e-03
-7.86879265e-04 -4.33063003e-04 -5.82714174e-03
-7.95478337e-04 -4.32026690e-04 -5.82782229e-03
-8.04057618e-04 -4.30975396e-04 -5.82871509e-03
-8.12614389e-04 -4.29909686e-04 -5.82981533e-03
-8.21145840e-04 -4.28830097e-04 -5.83111805e-03
-8.29649073e-04 -4.27737133e-04 -5.83261812e-03
-8.38121094e-04 -4.26631268e-04 -5.83431025e-03
-8.46558820e-04 -4.25512942e-04 -5.83618896e-03
-8.54959072e-04 -4.24382564e-04 -5.83824865e-03
-8.63318576e-04 -4.23240507e-04 -5.84048355e-03
-8.71633963e-04 -4.22087110e-04 -5.84288776e-03
-8.79901767e-04 -4.20922680e-04 -5.84545524e-03
-8.88118429e-04 -4.19747486e-04 -5.84817982e-03
-8.96280289e-04 -4.18561765e-04 -5.85105518e-03
-9.04383595e-04 -4.17365723e-04 -5.85407491e-03
-9.12424496e-04 -4.16159530e-04 -5.85723246e-03
-9.20399048e-04 -4.14943325e-04 -5.86052120e-03
-9.28303209e-04 -4.13717217e-04 -5.86393436e-03
-9.36132847e-04 -4.12481287e-04 -5.86746510e-03
-9.43883734e-04 -4.11235585e-04 -5.87110647e-03
-9.51551553e-04 -4.09980137e-04 -5.87485145e-03
-9.59131894e-04 -4.08714946e-04 -5.87869293e-03
-9.66620263e-04 -4.07439991e-04 -5.88262371e-03
-9.74012078e-04 -4.06155231e-04 -5.88663654e-03
-9.81302671e-04 -4.04860609e-04 -5.89072409e-03
-9.88487298e-04 -4.03556052e-04 -5.89487899e-03
-9.95561132e-04 -4.02241475e-04 -5.89909378e-03
-1.00251927e-03 -4.00916783e-04 -5.90336098e-03
-1.00935675e-03 -3.99581876e-04 -5.90767305e-03
-1.01606851e-03 -3.98236648e-04 -5.91202242e-03
-1.02264946e-03 -3.96880996e-04 -5.91640147e-03
-1.02909443e-03 -3.95514817e-04 -5.92080254e-03
-1.03539819e-03 -3.94138016e-04 -5.92521797e-03
-1.04155545e-03 -3.92750508e-04 -5.92964005e-03
-1.04756090e-03 -3.91352220e-04 -5.93406106e-03
-1.05340916e-03 -3.89943096e-04 -5.93847326e-03
-1.05909482e-03 -3.88523101e-04 -5.94286891e-03
-1.06461244e-03 -3.87092223e-04 -5.94724023e-03
-1.06995654e-03 -3.85650478e-04 -5.95157947e-03
-1.07512163e-03 -3.84197914e-04 -5.95587884e-03
