0.00000000e+00 0.00000000e+00 0.00000000e+00
0.00000000e+00 0.00000000e+00 0.00000000e+00
0.00000000e+00 0.00000000e+00 0.00000000e+00
0.00000000e+00 0.00000000e+00 0.00000000e+00
0.00000000e+00 0.00000000e+00 0.00000000e+00
0.00000000e+00 0.00000000e+00 0.00000000e+00
0.00000000e+00 0.00000000e+00 0.00000000e+00
0.00000000e+00 0.00000000e+00 0.00000000e+00
-7.74990686e-50 -1.37976670e-50 1.47571379e-49
-7.17811314e-47 -1.43332342e-47 1.37657252e-46
-9.27128738e-45 -2.14227782e-45 1.79689397e-44
-4.36512582e-43 -1.21116905e-43 8.59324390e-43
-1.04016210e-41 -3.67655156e-42 2.09947683e-41
-1.41426822e-40 -7.13774065e-41 2.99341612e-40
-1.00468967e-39 -9.81200147e-40 2.43101850e-39
1.05028339e-39 -1.01840494e-38 4.60907268e-39
1.24914688e-37 -8.32145568e-38 -1.71879134e-37
1.84281289e-36 -5.49407831e-37 -2.97288860e-36
1.79034775e-35 -2.96592828e-36 -3.04395782e-35
1.35837048e-34 -1.30036486e-35 -2.37337305e-34
8.58820656e-34 -4.41857668e-35 -1.52677742e-33
4.68523171e-33 -9.45064321e-35 -8.43267704e-33
2.25496086e-32 8.19868145e-35 -4.09714395e-32
9.72452096e-32 2.21693066e-33 -1.78039921e-31
3.80111284e-31 1.47988846e-32 -7.00354978e-31
1.35859319e-30 7.20943035e-32 -2.51686834e-30
4.47077073e-30 2.94631693e-31 -8.32193258e-30
1.36180259e-29 1.06194884e-30 -2.54569469e-29
3.85537602e-29 3.46063914e-30 -7.23510160e-29
1.01750192e-28 1.03461772e-29 -1.91637643e-28
2.50804442e-28 2.86477494e-29 -4.73994633e-28
5.77772024e-28 7.39435682e-29 -1.09561205e-27
1.24291049e-27 1.78709841e-28 -2.36496424e-27
2.48954142e-27 4.05606418e-28 -4.75426669e-27
4.61414709e-27 8.65860571e-28 -8.84802872e-27
7.81697999e-27 1.73877925e-27 -1.50666287e-26
1.18041982e-26 3.27958016e-27 -2.29177052e-26
1.49576219e-26 5.78686969e-27 -2.94195912e-26
1.28737793e-26 9.47719021e-27 -2.63065480e-26
-3.81975806e-27 1.41848274e-26 4.18187055e-27
-5.21114955e-26 1.87808269e-26 9.44665696e-26
-1.58710617e-25 2.02084580e-26 2.95871553e-25
-3.59342381e-25 1.21016148e-26 6.77650546e-25
-6.91222694e-25 -1.68582729e-26 1.31313054e-24
-1.17282661e-24 -8.43223487e-26 2.24162587e-24
-1.76395641e-24 -2.14275690e-25 3.39247419e-24
-2.30037266e-24 -4.33747073e-25 4.45967344e-24
-2.40318469e-24 -7.63447096e-25 4.72659670e-24
-1.37646065e-24 -1.19894079e-24 2.86530052e-24
1.87079836e-24 -1.67916837e-24 -3.22179044e-24
8.81012674e-24 -2.04097701e-24 -1.63883505e-23
2.10812897e-23 -1.96280104e-24 -3.98571945e-23
3.99461187e-23 -9.08636806e-25 -7.61966683e-23
6.52673308e-23 1.90459052e-24 -1.25383304e-22
9.39199821e-23 7.47798408e-24 -1.81761422e-22
1.17678880e-22 1.68858013e-23 -2.29963685e-22
1.20877211e-22 3.09491192e-23 -2.40333495e-22
7.85114789e-23 4.96633079e-23 -1.65115821e-22
-4.40497950e-23 7.13383987e-23 6.23871632e-23
-2.88094991e-22 9.14698677e-23 5.22521056e-22
-6.93316916e-22 1.01460423e-22 1.29394541e-21
-1.28228090e-21 8.74649746e-23 2.42434927e-21
-2.03632162e-21 2.98231699e-23 3.88458927e-21
-2.86328461e-21 -9.62492907e-23 5.50682085e-21
-3.56047631e-21 -3.17867090e-22 6.91277923e-21
-3.78040661e-21 -6.58673091e-22 7.44642817e-21
-3.01207366e-21 -1.12926417e-21 6.13514100e-21
-5.95817474e-22 -1.71353801e-21 1.71384495e-21
4.20628405e-21 -2.35151895e-21 -7.24558470e-21
1.20619236e-20 -2.92054820e-21 -2.20558474e-20
2.33246741e-20 -3.21848161e-21 -4.34523254e-20
3.76909622e-20 -2.95456910e-21 -7.09388283e-20
5.37779267e-20 -1.75567151e-21 -1.01977018e-19
6.86765583e-20 8.03105478e-22 -1.31121136e-19
7.75775102e-20 5.13409427e-21 -1.49282207e-19
7.36132443e-20 1.15316459e-20 -1.43395426e-19
4.81004937e-20 2.00228647e-20 -9.68433960e-20
-8.61182183e-21 3.01798758e-20 8.96896851e-21
-1.05498279e-19 4.09107899e-20 1.91515772e-19
-2.48291965e-19 5.02615195e-20 4.62279494e-19
-4.36008445e-19 5.52774321e-20 8.20112969e-19
-6.56777336e-19 5.19900079e-20 1.24323639e-18
-8.83479979e-19 3.56055669e-20 1.68080743e-18
-1.07002103e-18 9.76069470e-22 2.04563616e-18
-1.14939765e-18 -5.65792997e-20 2.21026725e-18
-1.03500693e-18 -1.40063732e-19 2.00919372e-18
-6.26763240e-19 -2.49219643e-19 1.25023491e-18
1.76516376e-19 -3.78667912e-19 -2.62087420e-19
1.45746017e-18 -5.15966494e-19 -2.68919999e-18
3.25310997e-18 -6.39902545e-19 -6.10685925e-18
5.52174762e-18 -7.19451068e-19 -1.04415438e-17
8.10660396e-18 -7.13933568e-19 -1.54005622e-17
1.07015739e-17 -5.74966234e-19 -2.04056192e-17
1.28262398e-17 -2.50768684e-19 -2.45437991e-17
1.38194138e-17 3.06719395e-19 -2.65536354e-17
1.28615892e-17 1.13172206e-18 -2.48662833e-17
9.03662224e-18 2.23172400e-18 -1.77217641e-17
1.44110397e-18 3.57254568e-18 -3.37678435e-18
-1.06542299e-17 5.06283909e-18 1.95871716e-17
-2.75933529e-17 6.54019502e-18 5.18594659e-17
-4.90855437e-17 7.76178732e-18 9.29212353e-17
-7.39404968e-17 8.40308223e-18 1.40534924e-16
-9.98232156e-17 8.06846656e-18 1.90269837e-16
-1.23076214e-16 6.31753731e-18 2.35154854e-16
-1.38666589e-16 2.71008727e-18 2.65569034e-16
-1.40320973e-16 -3.12861620e-18 2.69491619e-16
-1.20909604e-16 -1.14229116e-17 2.33229948e-16
-7.31292512e-17 -2.21458930e-17 1.42722114e-16
9.48850811e-18 -3.49100885e-17 -1.45332220e-17
1.31253341e-16 -4.88613236e-17 -2.46936704e-16
2.92734958e-16 -6.25916507e-17 -5.55748427e-16
4.89042292e-16 -7.40909528e-17 -9.31773026e-16
7.08146083e-16 -8.07593553e-17 -1.35212064e-15
9.29492831e-16 -7.95031624e-17 -1.77752039e-15
1.12321373e-15 -6.69348963e-17 -2.15077126e-15
1.25026801e-15 -3.96924639e-17 -2.39698515e-15
1.26386458e-15 5.11697918e-18 -2.42628718e-15
1.11246734e-15 6.93564468e-17 -2.13956514e-15
7.44598978e-16 1.53207170e-16 -1.43768658e-15
1.15508220e-16 2.54471017e-16 -2.34314308e-16
-8.04443631e-16 3.67895005e-16 1.52795227e-15
-2.02008457e-15 4.84607138e-16 3.85889074e-15
-3.50113303e-15 5.91771140e-16 6.70079111e-15
-5.17232906e-15 6.72579734e-16 9.90939893e-15
-6.90533059e-15 7.06708445e-16 1.32382418e-14
-8.51395814e-15 6.71341249e-16 1.63293972e-14
-9.75451800e-15 5.42852678e-16 1.87140464e-14
-1.03329302e-14 2.99186319e-16 1.98261548e-14
-9.92018884e-15 -7.70937902e-17 1.90322383e-14
-8.17725034e-15 -5.95183391e-16 1.56793420e-14
-4.78975734e-15 -1.25204974e-15 9.16202947e-15
4.87938353e-16 -2.02837863e-15 -9.92646299e-16
7.78116826e-15 -2.88486456e-15 -1.50254988e-14
1.70388220e-14 -3.75934577e-15 -3.28368193e-14
2.79772101e-14 -4.56535644e-15 -5.38779588e-14
4.00298191e-14 -5.19270221e-15 -7.70543131e-14
5.23100721e-14 -5.51064848e-15 -1.00653479e-13
6.35950437e-14 -5.37423041e-15 -1.22313983e-13
7.23383656e-14 -4.63403979e-15 -1.39050537e-13
7.67201045e-14 -3.14961123e-15 -1.47350887e-13
7.47400507e-14 -8.06218566e-16 -1.43356725e-13
6.43585064e-14 2.46548948e-15 -1.23136573e-13
4.36852616e-14 6.66802114e-15 -8.30519208e-14
1.12130377e-14 1.17152116e-14 -2.02093684e-14
-3.39135971e-14 1.74119578e-14 6.70187486e-14
-9.16087072e-14 2.34378521e-14 1.78434165e-13
-1.60555834e-13 2.93373522e-14 3.11453689e-13
-2.37945996e-13 3.45192795e-14 4.60603475e-13
-3.19274595e-13 3.82683832e-14 6.17128252e-13
-3.98232440e-13 3.97713984e-14 7.68783864e-13
-4.66727307e-13 3.81594300e-14 8.99883832e-13
-5.15070881e-13 3.25675785e-14 9.91667469e-13
-5.32360867e-13 2.22114999e-14 1.02304717e-12
-5.07079207e-13 6.47907666e-15 9.71775273e-13
-4.27914457e-13 -1.49663701e-14 8.16045566e-13
-2.84799650e-13 -4.20767893e-14 5.36512095e-13
-7.01366801e-14 -7.43114122e-14 1.18668147e-13
2.19844537e-13 -1.10539248e-13 -4.44515961e-13
5.83668149e-13 -1.48962748e-13 -1.14984500e-12
1.01323574e-12 -1.87074349e-13 -1.98123623e-12
1.49261289e-12 -2.21657960e-13 -2.90737991e-12
1.99711832e-12 -2.48846951e-13 -3.87999469e-12
2.49286589e-12 -2.64248717e-13 -4.83297022e-12
2.93691134e-12 -2.63143213e-13 -5.68269246e-12
3.27814641e-12 -2.40759112e-13 -6.32982817e-12
3.45906056e-12 -1.92626219e-13 -6.66280091e-12
3.41845378e-12 -1.14996814e-13 -6.56311879e-12
3.09513338e-12 -5.32173396e-15 -5.91261430e-12
2.43256225e-12 1.37240320e-13 -4.60252878e-12
1.38434897e-12 3.11309249e-13 -2.54422309e-12
-7.96162901e-14 5.12801809e-13 3.18873444e-13
-1.96666814e-12 7.34523756e-13 3.99864280e-12
-4.25489420e-12 9.65882415e-13 8.44973249e-12
-6.88714991e-12 1.19276840e-12 1.35579952e-11
-9.76609584e-12 1.39765454e-12 1.91309633e-11
-1.27508438e-11 1.55995591e-12 2.48915025e-11
-1.56558186e-11 1.65668707e-12 3.04758295e-11
-1.82524265e-11 1.66344039e-12 3.54370418e-11
-2.02740641e-11 1.55569344e-12 3.92551944e-11
-2.14248958e-11 1.31043327e-12 4.13547463e-11
-2.13926710e-11 9.08062297e-13 4.11298914e-11
-1.98656518e-11 3.34524381e-13 3.79778883e-11
-1.65534645e-11 -4.16436989e-13 3.13400036e-11
-1.12114060e-11 -1.34100398e-12 2.07491180e-11
-3.66740996e-12 -2.42313358e-12 5.88241679e-12
6.14944989e-12 -3.63269277e-12 -1.33830653e-11
1.81803746e-11 -4.92405725e-12 -3.69149185e-11
3.22099330e-11 -6.23535978e-12 -6.42733193e-11
4.78428520e-11 -7.48857177e-12 -9.46664476e-11
6.44867101e-11 -8.59058937e-12 -1.26917687e-10
8.13428366e-11 -9.43546936e-12 -1.59449110e-10
9.74076879e-11 -9.90792100e-12 -1.90285672e-10
1.11486818e-10 -9.88810757e-12 -2.17084240e-10
1.22223240e-10 -9.25774582e-12 -2.37190891e-10
1.28141497e-10 -7.90741432e-12 -2.47729021e-10
1.27708128e-10 -5.74489606e-12 -2.45719483e-10
1.19408414e-10 -2.70428829e-12 -2.28232427e-10
1.01838335e-10 1.24448095e-12 -1.92568627e-10
7.38096627e-11 6.08618083e-12 -1.36466042e-10
3.44649293e-11 1.17513837e-11 -5.83251289e-11
-1.66020824e-11 1.81087500e-11 4.25558296e-11
-7.92258438e-11 2.49591411e-11 1.65746320e-10
-1.52555103e-10 3.20322291e-11 3.09463030e-10
-2.34952821e-10 3.89862625e-11 4.70377717e-10
-3.23918049e-10 4.54115998e-11 6.43469310e-10
-4.16038084e-10 5.08385366e-11 8.21936594e-10
-5.06979203e-10 5.47498214e-11 9.97187706e-10
-5.91523799e-10 5.65980885e-11 1.15892162e-09
-6.63660761e-10 5.58282222e-11 1.29531485e-09
-7.16734507e-10 5.19044257e-11 1.39332366e-09
-7.43656100e-10 4.43414882e-11 1.43910813e-09
-7.37177390e-10 3.27394550e-11 1.41857936e-09
-6.90226220e-10 1.68205965e-11 1.31806548e-09
-5.96297426e-10 -3.53271996e-12 1.12508548e-09
-4.49890739e-10 -2.82409366e-11 8.29212594e-10
-2.46982967e-10 -5.69929090e-11 4.23001892e-10
1.44819657e-11 -8.92163205e-11 -9.70509462e-11
3.34105131e-10 -1.24055138e-10 -7.29559634e-10
7.08570165e-10 -1.60356385e-10 -1.46735236e-09
1.13123228e-09 -1.96668425e-10 -2.29668349e-09
1.59178673e-09 -2.31252820e-10 -3.19660702e-09
2.07604559e-09 -2.62111478e-10 -4.13856894e-09
2.56585194e-09 -2.87030446e-10 -5.08627472e-09
3.03915866e-09 -3.03641157e-10 -5.99588566e-09
3.47029666e-09 -3.09499275e-10 -6.81659146e-09
3.83045283e-09 -3.02180559e-10 -7.49159775e-09
4.08837212e-09 -2.79392341e-10 -7.95955567e-09
4.21129112e-09 -2.39098299e-10 -8.15644540e-09
4.16610142e-09 -1.79653313e-10 -8.01790867e-09
3.92073145e-09 -9.99442695e-11 -7.48200487e-09
3.44572446e-09 4.68178415e-13 -6.49234439e-09
2.71597865e-09 1.21212685e-10 -5.00152923e-09
1.71260383e-09 2.60981544e-10 -2.97480826e-09
4.24837156e-10 4.17423199e-10 -3.93831052e-10
-1.14805058e-09 5.87060107e-10 2.73963706e-09
-2.99493651e-09 7.65239152e-10 6.40019528e-09
-5.09120161e-09 9.46121538e-10 1.05356552e-08
-7.39735387e-09 1.12271852e-09 1.50644396e-08
-9.85801422e-09 1.28697843e-09 1.98737213e-08
-1.24013615e-08 1.42992921e-09 2.48184898e-08
-1.49391288e-08 1.54187916e-09 2.97217258e-08
-1.73672353e-08 1.61267674e-09 3.43758479e-08
-1.95671284e-08 1.63202809e-09 3.85455697e-08
-2.14078912e-08 1.58986872e-09 4.19722763e-08
-2.27491541e-08 1.47678324e-09 4.43799843e-08
-2.34448231e-08 1.28446436e-09 4.54829035e-08
-2.33476092e-08 1.00619996e-09 4.49945614e-08
-2.23143149e-08 6.37374504e-10 4.26383911e-08
-2.02117977e-08 1.75968484e-10 3.81596161e-08
-1.69234986e-08 -3.76961908e-10 3.13381982e-08
-1.23563867e-08 -1.01684482e-09 2.20025445e-08
-6.44813746e-09 -1.73521326e-09 1.00436033e-08
8.25670395e-10 -2.51940743e-09 -4.57108471e-09
9.44458311e-09 -3.35238021e-09 -2.17838706e-08
1.93367947e-08 -4.21262612e-09 -4.14345524e-08
3.03734515e-08 -5.07425249e-09 -6.32495727e-08
4.23640374e-08 -5.90720911e-09 -8.68334504e-08
5.50531427e-08 -6.67768934e-09 -1.11663039e-07
6.81189121e-08 -7.34871162e-09 -1.37085194e-07
8.11734525e-08 -7.88088541e-09 -1.62318383e-07
9.37654531e-08 -8.23336028e-09 -1.86458737e-07
1.05385233e-07 -8.36495069e-09 -2.08490939e-07
1.15472383e-07 -8.23542278e-09 -2.27304246e-07
1.23426106e-07 -7.80692245e-09 -2.41713858e-07
1.28618292e-07 -7.04551780e-09 -2.50487633e-07
1.30409291e-07 -5.92282181e-09 -2.52378064e-07
1.28166245e-07 -4.41765529e-09 -2.46159211e-07
1.21283770e-07 -2.51770437e-09 -2.30668123e-07
1.09206663e-07 -2.21121656e-10 -2.04850074e-07
9.14542260e-08 2.46198323e-09 -1.67806777e-07
6.76456985e-08 5.50822116e-09 -1.18846528e-07
3.75261993e-08 8.87982722e-09 -5.75350530e-08
9.92496806e-10 1.25238489e-08 1.62542920e-08
-4.18821496e-08 1.63716746e-08 1.02292513e-07
-9.08248895e-08 2.03389547e-08 1.99950765e-07
-1.45342783e-07 2.43259615e-08 3.08161659e-07
-2.04705787e-07 2.82184272e-08 4.25387807e-07
-2.67934109e-07 3.18888892e-08 5.49599368e-07
-3.33790800e-07 3.51985616e-08 6.78262270e-07
-4.00780406e-07 3.79997392e-08 8.08338688e-07
-4.67154420e-07 4.01387258e-08 9.36301227e-07
-5.30924202e-07 4.14592648e-08 1.05816202e-06
-5.89881878e-07 4.18064343e-08 1.16951774e-06
-6.41629619e-07 4.10309528e-08 1.26561113e-06
-6.83617480e-07 3.89938251e-08 1.34140944e-06
-7.13189845e-07 3.55712451e-08 1.39169967e-06
-7.27640243e-07 3.06596546e-08 1.41120004e-06
-7.24274143e-07 2.41808466e-08 1.39468686e-06
-7.00479042e-07 1.60869884e-08 1.33713523e-06
-6.53800950e-07 6.36543224e-09 1.23387180e-06
-5.82026128e-07 -4.95682650e-09 1.08073705e-06
-4.83266688e-07 -1.78091873e-08 8.74254417e-07
-3.56048451e-07 -3.20741217e-08 6.11802857e-07
-1.99399250e-07 -4.75846308e-08 2.91789207e-07
-1.29356824e-08 -6.41226181e-08 -8.61836251e-08
2.03053843e-07 -8.14183004e-08 -5.21156989e-07
4.47532023e-07 -9.91507670e-08 -1.01066983e-06
7.18643887e-07 -1.16949781e-07 -1.55062966e-06
1.01365869e-06 -1.34398893e-07 -2.13520579e-06
1.32892487e-06 -1.51039912e-07 -2.75674951e-06
1.65984023e-06 -1.66378761e-07 -3.40574548e-06
2.00083971e-06 -1.79892698e-07 -4.07079858e-06
2.34540245e-06 -1.91038872e-07 -4.73865997e-06
2.68608010e-06 -1.99264137e-07 -5.39429548e-06
3.01454771e-06 -2.04016016e-07 -6.02099909e-06
3.32167835e-06 -2.04754682e-07 -6.60055338e-06
3.59764206e-06 -2.00965783e-07 -7.11343802e-06
3.83202958e-06 -1.92173913e-07 -7.53908672e-06
4.01400055e-06 -1.77956494e-07 -7.85619183e-06
4.13245548e-06 -1.57957824e-07 -8.04305487e-06
4.17623037e-06 -1.31903013e-07 -8.07798049e-06
4.13431215e-06 -9.96115132e-08 -7.93970985e-06
3.99607276e-06 -6.10099450e-08 -7.60788890e-06
3.75151900e-06 -1.61439084e-08 -7.06356545e-06
3.39155489e-06 3.48115302e-08 -6.28970853e-06
2.90825280e-06 9.15429779e-08 -5.27174216e-06
2.29512905e-06 1.53591772e-07 -3.99808506e-06
1.54741956e-06 2.20349226e-07 -2.46068711e-06
6.62350378e-07 2.91054310e-07 -6.55552710e-07
-3.60601743e-07 3.64793982e-07 1.41675927e-06
-1.51946438e-06 4.40506349e-07 3.75066943e-06
-2.80954531e-06 5.16986783e-07 6.33515638e-06
-4.22323472e-06 5.92897099e-07 9.15339054e-06
-5.74983916e-06 6.66777812e-07 1.21824335e-05
-7.37545222e-06 7.37063462e-07 1.53930129e-05
-9.08286704e-06 8.02100940e-07 1.87493822e-05
-1.08515349e-05 8.60170668e-07 2.22092734e-05
-1.26575740e-05 9.09510453e-07 2.57239512e-05
-1.44738320e-05 9.48341756e-07 2.92383732e-05
-1.62700049e-05 9.74898092e-07 3.26914633e-05
-1.80128140e-05 9.87455171e-07 3.60164990e-05
-1.96662434e-05 9.84362415e-07 3.91416181e-05
-2.11918369e-05 9.64075366e-07 4.19904404e-05
-2.25490550e-05 9.25188534e-07 4.44828078e-05
-2.36956898e-05 8.66468146e-07 4.65356347e-05
-2.45883361e-05 7.86884265e-07 4.80638669e-05
-2.51829149e-05 6.85641745e-07 4.89815401e-05
-2.54352457e-05 5.62209445e-07 4.92029293e-05
-2.53016614e-05 4.16347163e-07 4.86437790e-05
-2.47396611e-05 2.48129758e-07 4.72226012e-05
-2.37085934e-05 5.79679354e-08 4.48620279e-05
-2.21703628e-05 -1.53374774e-07 4.14902031e-05
-2.00901507e-05 -3.84769281e-07 3.70421973e-05
-1.74371432e-05 -6.34712840e-07 3.14614277e-05
-1.41852561e-05 -9.01325918e-07 2.47010667e-05
-1.03138479e-05 -1.18235429e-06 1.67254186e-05
-5.80841069e-06 -1.47517653e-06 7.51124769e-06
-6.61230548e-07 -1.77681708e-06 -2.95096258e-06
5.12799329e-06 -2.08396485e-06 -1.46558368e-05
1.15515790e-05 -2.39299733e-06 -2.75820395e-05
1.85933514e-05 -2.70001011e-06 -4.16913284e-05
2.62281992e-05 -3.00085153e-06 -5.69277456e-05
3.44217060e-05 -3.29116224e-06 -7.32169606e-05
4.31298646e-05 -3.56641914e-06 -9.04657784e-05
5.22988787e-05 -3.82198343e-06 -1.08561825e-04
6.18650580e-05 -4.05315205e-06 -1.27373417e-04
7.17548113e-05 -4.25521208e-06 -1.46749626e-04
8.18847392e-05 -4.42349730e-06 -1.66520540e-04
9.21618297e-05 -4.55344627e-06 -1.86497726e-04
1.02483757e-04 -4.64066122e-06 -2.06474889e-04
1.12739279e-04 -4.68096692e-06 -2.26228736e-04
1.22808743e-04 -4.67046875e-06 -2.45520030e-04
1.32564678e-04 -4.60560923e-06 -2.64094824e-04
1.41872483e-04 -4.48322209e-06 -2.81685883e-04
1.50591211e-04 -4.30058330e-06 -2.98014256e-04
1.58574413e-04 -4.05545815e-06 -3.12791012e-04
1.65671078e-04 -3.74614369e-06 -3.25719096e-04
1.71726613e-04 -3.37150604e-06 -3.36495311e-04
1.76583891e-04 -2.93101171e-06 -3.44812389e-04
1.80084341e-04 -2.42475266e-06 -3.50361140e-04
1.82069057e-04 -1.85346450e-06 -3.52832649e-04
1.82379944e-04 -1.21853747e-06 -3.51920511e-04
1.80860861e-04 -5.22020060e-07 -3.47323067e-04
1.77358760e-04 2.33385073e-07 -3.38745616e-04
1.71724816e-04 1.04433287e-06 -3.25902599e-04
1.63815519e-04 1.90685530e-06 -3.08519709e-04
1.53493735e-04 2.81638838e-06 -2.86335913e-04
1.40629707e-04 3.76780647e-06 -2.59105371e-04
1.25102000e-04 4.75546364e-06 -2.26599219e-04
1.06798369e-04 5.77324161e-06 -1.88607202e-04
8.56165453e-05 6.81460377e-06 -1.44939149e-04
6.14649359e-05 7.87265469e-06 -9.54262507e-05
3.42632187e-05 8.94020456e-06 -3.99221532e-05
3.94283738e-06 1.00098377e-05 2.16961629e-05
-2.95526151e-05 1.10739843e-05 8.95277195e-05
-6.62671265e-05 1.21249950e-05 1.63647102e-04
-1.06232112e-04 1.31552168e-05 2.44104247e-04
-1.49466381e-04 1.41570700e-05 3.30924468e-04
-1.95976215e-04 1.51231248e-05 4.24108696e-04
-2.45755574e-04 1.60461769e-05 5.23633962e-04
-2.98786407e-04 1.69193218e-05 6.29454094e-04
-3.55039079e-04 1.77360252e-05 7.41500620e-04
-4.14472903e-04 1.84901912e-05 8.59683886e-04
-4.77036774e-04 1.91762248e-05 9.83894356e-04
-5.42669891e-04 1.97890906e-05 1.11400409e-03
-6.11302573e-04 2.03243645e-05 1.24986838e-03
-6.82857142e-04 2.07782805e-05 1.39132754e-03
-7.57248886e-04 2.11477690e-05 1.53820881e-03
-8.34387066e-04 2.14304896e-05 1.69032833e-03
-9.14175979e-04 2.16248547e-05 1.84749330e-03
-9.96516057e-04 2.17300463e-05 2.00950409e-03
-1.08130498e-03 2.17460246e-05 2.17615643e-03
-1.16843884e-03 2.16735283e-05 2.34724366e-03
-1.25781324e-03 2.15140667e-05 2.52255892e-03
-1.34932444e-03 2.12699047e-05 2.70189735e-03
-1.44287050e-03 2.09440396e-05 2.88505821e-03
-1.53835234e-03 2.05401703e-05 3.07184704e-03
-1.63567475e-03 2.00626603e-05 3.26207755e-03
-1.73474748e-03 1.95164934e-05 3.45557364e-03
-1.83548607e-03 1.89072241e-05 3.65217109e-03
-1.93781283e-03 1.82409227e-05 3.85171929e-03
-2.04165758e-03 1.75241145e-05 4.05408271e-03
-2.14695839e-03 1.67637170e-05 4.25914230e-03
-2.25366227e-03 1.59669720e-05 4.46679665e-03
-2.36172566e-03 1.51413764e-05 4.67696306e-03
-2.47111497e-03 1.42946103e-05 4.88957837e-03
-2.58180693e-03 1.34344655e-05 5.10459964e-03
-2.69378884e-03 1.25687722e-05 5.32200463e-03
-2.80705884e-03 1.17053273e-05 5.54179214e-03
-2.92162594e-03 1.08518244e-05 5.76398213e-03
-3.03751005e-03 1.00157843e-05 5.98861565e-03
-3.15474193e-03 9.20449022e-06 6.21575466e-03
-3.27336296e-03 8.42492452e-06 6.44548162e-03
-3.39342494e-03 7.68371082e-06 6.67789898e-03
-3.51498974e-03 6.98705978e-06 6.91312846e-03
-3.63812891e-03 6.34072003e-06 7.15131027e-03
-3.76292318e-03 5.74993451e-06 7.39260213e-03
-3.88946197e-03 5.21940242e-06 7.63717820e-03
-4.01784281e-03 4.75324706e-06 7.88522795e-03
-4.14817065e-03 4.35498990e-06 8.13695487e-03
-4.28055726e-03 4.02753079e-06 8.39257517e-03
-4.41512046e-03 3.77313450e-06 8.65231638e-03
-4.55198343e-03 3.59342353e-06 8.91641590e-03
-4.69127395e-03 3.48937708e-06 9.18511957e-03
-4.83312361e-03 3.46133602e-06 9.45868012e-03
-4.97766706e-03 3.50901367e-06 9.73735574e-03
-5.12504123e-03 3.63151216e-06 1.00214085e-02
-5.27538458e-03 3.82734389e-06 1.03111030e-02
-5.42883631e-03 4.09445791e-06 1.06067047e-02
-5.58553566e-03 4.43027068e-06 1.09084788e-02
-5.74562119e-03 4.83170082e-06 1.12166887e-02
-5.90923010e-03 5.29520737e-06 1.15315946e-02
-6.07649754e-03 5.81683098e-06 1.18534525e-02
-6.24755607e-03 6.39223774e-06 1.21825128e-02
-6.42253499e-03 7.01676481e-06 1.25190193e-02
-6.60155988e-03 7.68546763e-06 1.28632082e-02
-6.78475204e-03 8.39316797e-06 1.32153072e-02
-6.97222809e-03 9.13450242e-06 1.35755344e-02
-7.16409954e-03 9.90397081e-06 1.39440978e-02
-7.36047243e-03 1.06959840e-05 1.43211946e-02
-7.56144701e-03 1.15049109e-05 1.47070105e-02
-7.76711750e-03 1.23251233e-05 1.51017192e-02
-7.97757180e-03 1.31510401e-05 1.55054821e-02
-8.19289140e-03 1.39771680e-05 1.59184478e-02
-8.41315116e-03 1.47981406e-05 1.63407520e-02
-8.63841922e-03 1.56087543e-05 1.67725172e-02
-8.86875699e-03 1.64040013e-05 1.72138526e-02
-9.10421906e-03 1.71790990e-05 1.76648543e-02
-9.34485323e-03 1.79295164e-05 1.81256048e-02
-9.59070052e-03 1.86509968e-05 1.85961735e-02
-9.84179527e-03 1.93395772e-05 1.90766168e-02
-1.00981652e-02 1.99916034e-05 1.95669779e-02
-1.03598314e-02 2.06037421e-05 2.00672875e-02
-1.06268088e-02 2.11729893e-05 2.05775636e-02
-1.08991059e-02 2.16966750e-05 2.10978120e-02
-1.11767249e-02 2.21724650e-05 2.16280264e-02
-1.14596625e-02 2.25983589e-05 2.21681890e-02
-1.17479092e-02 2.29726858e-05 2.27182705e-02
-1.20414499e-02 2.32940961e-05 2.32782306e-02
-1.23402643e-02 2.35615519e-05 2.38480180e-02
-1.26443266e-02 2.37743145e-05 2.44275713e-02
-1.29536057e-02 2.39319293e-05 2.50168186e-02
-1.32680659e-02 2.40342096e-05 2.56156784e-02
-1.35876662e-02 2.40812187e-05 2.62240595e-02
-1.39123613e-02 2.40732501e-05 2.68418613e-02
-1.42421011e-02 2.40108076e-05 2.74689745e-02
-1.45768311e-02 2.38945836e-05 2.81052804e-02
-1.49164926e-02 2.37254379e-05 2.87506522e-02
-1.52610224e-02 2.35043758e-05 2.94049543e-02
-1.56103533e-02 2.32325259e-05 3.00680429e-02
-1.59644141e-02 2.29111187e-05 3.07397662e-02
-1.63231295e-02 2.25414658e-05 3.14199641e-02
-1.66864200e-02 2.21249389e-05 3.21084689e-02
-1.70542026e-02 2.16629504e-05 3.28051048e-02
-1.74263900e-02 2.11569351e-05 3.35096882e-02
-1.78028912e-02 2.06083327e-05 3.42220279e-02
-1.81836112e-02 2.00185713e-05 3.49419248e-02
-1.85684513e-02 1.93890535e-05 3.56691722e-02
-1.89573085e-02 1.87211426e-05 3.64035553e-02
-1.93500761e-02 1.80161510e-05 3.71448520e-02
-1.97466435e-02 1.72753305e-05 3.78928321e-02
-2.01468959e-02 1.64998635e-05 3.86472575e-02
-2.05507145e-02 1.56908562e-05 3.94078822e-02
-2.09579763e-02 1.48493335e-05 4.01744524e-02
-2.13685544e-02 1.39762350e-05 4.09467061e-02
-2.17823175e-02 1.30724130e-05 4.17243732e-02
-2.21991300e-02 1.21386316e-05 4.25071755e-02
-2.26188523e-02 1.11755675e-05 4.32948267e-02
-2.30413401e-02 1.01838114e-05 4.40870320e-02
-2.34664450e-02 9.16387138e-06 4.48834885e-02
-2.38940140e-02 8.11617673e-06 4.56838849e-02
-2.43238897e-02 7.04108312e-06 4.64879015e-02
-2.47559103e-02 5.93887834e-06 4.72952102e-02
-2.51899094e-02 4.80978886e-06 4.81054746e-02
-2.56257163e-02 3.65398694e-06 4.89183499e-02
-2.60631554e-02 2.47159824e-06 4.97334828e-02
-2.65020469e-02 1.26270973e-06 5.05505119e-02
-2.69422065e-02 2.73778304e-08 5.13690673e-02
-2.73834453e-02 -1.23436330e-06 5.21887711e-02
-2.78255700e-02 -2.52249354e-06 5.30092372e-02
-2.82683830e-02 -3.83699861e-06 5.38300714e-02
-2.87116822e-02 -5.17786211e-06 5.46508718e-02
-2.91552613e-02 -6.54505785e-06 5.54712284e-02
-2.95989098e-02 -7.93854249e-06 5.62907239e-02
-3.00424132e-02 -9.35824865e-06 5.71089334e-02
-3.04855528e-02 -1.08040785e-05 5.79254248e-02
-3.09281060e-02 -1.22758977e-05 5.87397587e-02
-3.13698466e-02 -1.37735304e-05 5.95514893e-02
-3.18105446e-02 -1.52967541e-05 6.03601637e-02
-3.22499665e-02 -1.68452961e-05 6.11653230e-02
-3.26878753e-02 -1.84188292e-05 6.19665020e-02
-3.31240310e-02 -2.00169698e-05 6.27632298e-02
-3.35581904e-02 -2.16392748e-05 6.35550297e-02
-3.39901074e-02 -2.32852405e-05 6.43414203e-02
-3.44195334e-02 -2.49543016e-05 6.51219148e-02
-3.48462170e-02 -2.66458302e-05 6.58960221e-02
-3.52699048e-02 -2.83591362e-05 6.66632469e-02
-3.56903409e-02 -3.00934681e-05 6.74230900e-02
-3.61072680e-02 -3.18480131e-05 6.81750487e-02
-3.65204266e-02 -3.36218993e-05 6.89186174e-02
-3.69295563e-02 -3.54141968e-05 6.96532877e-02
-3.73343949e-02 -3.72239198e-05 7.03785489e-02
-3.77346796e-02 -3.90500290e-05 7.10938886e-02
-3.81301467e-02 -4.08914335e-05 7.17987929e-02
-3.85205319e-02 -4.27469939e-05 7.24927470e-02
-3.89055708e-02 -4.46155244e-05 7.31752356e-02
-3.92849987e-02 -4.64957956e-05 7.38457432e-02
-3.96585514e-02 -4.83865371e-05 7.45037549e-02
-4.00259648e-02 -5.02864400e-05 7.51487567e-02
-4.03869759e-02 -5.21941596e-05 7.57802359e-02
-4.07413222e-02 -5.41083173e-05 7.63976817e-02
-4.10887428e-02 -5.60275035e-05 7.70005858e-02
-4.14289779e-02 -5.79502788e-05 7.75884426e-02
-4.17617697e-02 -5.98751768e-05 7.81607501e-02
-4.20868620e-02 -6.18007049e-05 7.87170100e-02
-4.24040012e-02 -6.37253465e-05 7.92567287e-02
-4.27129356e-02 -6.56475619e-05 7.97794172e-02
-4.30134168e-02 -6.75657894e-05 8.02845923e-02
-4.33051988e-02 -6.94784462e-05 8.07717767e-02
-4.35880390e-02 -7.13839295e-05 8.12404997e-02
-4.38616982e-02 -7.32806164e-05 8.16902975e-02
-4.41259408e-02 -7.51668650e-05 8.21207140e-02
-4.43805351e-02 -7.70410143e-05 8.25313012e-02
-4.46252535e-02 -7.89013848e-05 8.29216198e-02
-4.48598726e-02 -8.07462783e-05 8.32912396e-02
-4.50841740e-02 -8.25739786e-05 8.36397401e-02
-4.52979435e-02 -8.43827514e-05 8.39667110e-02
-4.55009724e-02 -8.61708445e-05 8.42717527e-02
-4.56930570e-02 -8.79364884e-05 8.45544768e-02
-4.58739992e-02 -8.96778966e-05 8.48145064e-02
-4.60436063e-02 -9.13932665e-05 8.50514771e-02
-4.62016917e-02 -9.30807798e-05 8.52650367e-02
-4.63480750e-02 -9.47386038e-05 8.54548466e-02
-4.64825816e-02 -9.63648926e-05 8.56205813e-02
-4.66050440e-02 -9.79577886e-05 8.57619295e-02
-4.67153009e-02 -9.95154243e-05 8.58785941e-02
-4.68131980e-02 -1.01035924e-04 8.59702930e-02
-4.68985881e-02 -1.02517408e-04 8.60367592e-02
-4.69713313e-02 -1.03957992e-04 8.60777412e-02
-4.70312949e-02 -1.05355792e-04 8.60930035e-02
-4.70783539e-02 -1.06708930e-04 8.60823268e-02
-4.71123911e-02 -1.08015533e-04 8.60455085e-02
-4.71332971e-02 -1.09273739e-04 8.59823627e-02
-4.71409707e-02 -1.10481701e-04 8.58927208e-02
-4.71353187e-02 -1.11637595e-04 8.57764316e-02
-4.71162564e-02 -1.12739616e-04 8.56333615e-02
-4.70837076e-02 -1.13785993e-04 8.54633951e-02
-4.70376047e-02 -1.14774987e-04 8.52664346e-02
-4.69778889e-02 -1.15704897e-04 8.50424011e-02
-4.69045101e-02 -1.16574069e-04 8.47912337e-02
-4.68174273e-02 -1.17380897e-04 8.45128904e-02
-4.67166086e-02 -1.18123831e-04 8.42073476e-02
-4.66020312e-02 -1.18801382e-04 8.38746010e-02
-4.64736816e-02 -1.19412125e-04 8.35146647e-02
-4.63315556e-02 -1.19954707e-04 8.31275721e-02
-4.61756583e-02 -1.20427848e-04 8.27133757e-02
-4.60060046e-02 -1.20830353e-04 8.22721466e-02
-4.58226184e-02 -1.21161107e-04 8.18039753e-02
-4.56255334e-02 -1.21419086e-04 8.13089712e-02
-4.54147931e-02 -1.21603360e-04 8.07872627e-02
-4.51904501e-02 -1.21713093e-04 8.02389969e-02
-4.49525669e-02 -1.21747552e-04 7.96643400e-02
-4.47012155e-02 -1.21706102e-04 7.90634766e-02
-4.44364776e-02 -1.21588216e-04 7.84366103e-02
-4.41584442e-02 -1.21393474e-04 7.77839627e-02
-4.38672161e-02 -1.21121563e-04 7.71057741e-02
-4.35629032e-02 -1.20772279e-04 7.64023026e-02
-4.32456252e-02 -1.20345530e-04 7.56738245e-02
-4.29155108e-02 -1.19841334e-04 7.49206335e-02
-4.25726982e-02 -1.19259816e-04 7.41430412e-02
-4.22173345e-02 -1.18601215e-04 7.33413760e-02
-4.18495762e-02 -1.17865875e-04 7.25159837e-02
-4.14695883e-02 -1.17054249e-04 7.16672264e-02
-4.10775449e-02 -1.16166892e-04 7.07954830e-02
-4.06736287e-02 -1.15204465e-04 6.99011482e-02
-4.02580308e-02 -1.14167727e-04 6.89846327e-02
-3.98309509e-02 -1.13057537e-04 6.80463625e-02
-3.93925967e-02 -1.11874847e-04 6.70867786e-02
-3.89431838e-02 -1.10620700e-04 6.61063371e-02
-3.84829358e-02 -1.09296229e-04 6.51055080e-02
-3.80120839e-02 -1.07902649e-04 6.40847754e-02
-3.75308665e-02 -1.06441258e-04 6.30446372e-02
-3.70395294e-02 -1.04913430e-04 6.19856039e-02
-3.65383253e-02 -1.03320613e-04 6.09081991e-02
-3.60275134e-02 -1.01664325e-04 5.98129584e-02
-3.55073596e-02 -9.99461510e-05 5.87004294e-02
-3.49781359e-02 -9.81677371e-05 5.75711707e-02
-3.44401203e-02 -9.63307896e-05 5.64257520e-02
-3.38935965e-02 -9.44370708e-05 5.52647531e-02
-3.33388536e-02 -9.24883956e-05 5.40887639e-02
-3.27761857e-02 -9.04866285e-05 5.28983834e-02
-3.22058920e-02 -8.84336812e-05 5.16942194e-02
-3.16282761e-02 -8.63315093e-05 5.04768881e-02
-3.10436459e-02 -8.41821104e-05 4.92470133e-02
-3.04523132e-02 -8.19875214e-05 4.80052261e-02
-2.98545937e-02 -7.97498167e-05 4.67521640e-02
-2.92508062e-02 -7.74711061e-05 4.54884710e-02
-2.86412728e-02 -7.51535330e-05 4.42147961e-02
-2.80263183e-02 -7.27992731e-05 4.29317937e-02
-2.74062699e-02 -7.04105325e-05 4.16401221e-02
-2.67814569e-02 -6.79895467e-05 4.03404437e-02
-2.61522107e-02 -6.55385792e-05 3.90334240e-02
-2.55188638e-02 -6.30599202e-05 3.77197310e-02
-2.48817504e-02 -6.05558858e-05 3.64000350e-02
-2.42412053e-02 -5.80288162e-05 3.50750074e-02
-2.35975640e-02 -5.54810752e-05 3.37453206e-02
-2.29511623e-02 -5.29150487e-05 3.24116473e-02
-2.23023360e-02 -5.03331431e-05 3.10746598e-02
-2.16514206e-02 -4.77377845e-05 2.97350294e-02
-2.09987509e-02 -4.51314166e-05 2.83934259e-02
-2.03446610e-02 -4.25164994e-05 2.70505173e-02
-1.96894836e-02 -3.98955069e-05 2.57069685e-02
-1.90335501e-02 -3.72709255e-05 2.43634414e-02
-1.83771901e-02 -3.46452512e-05 2.30205942e-02
-1.77207310e-02 -3.20209875e-05 2.16790805e-02
-1.70644981e-02 -2.94006422e-05 2.03395491e-02
-1.64088140e-02 -2.67867248e-05 1.90026435e-02
-1.57539983e-02 -2.41817428e-05 1.76690009e-02
-1.51003679e-02 -2.15881985e-05 1.63392523e-02
-1.44482359e-02 -1.90085850e-05 1.50140215e-02
-1.37979121e-02 -1.64453825e-05 1.36939248e-02
-1.31497021e-02 -1.39010536e-05 1.23795706e-02
-1.25039078e-02 -1.13780396e-05 1.10715586e-02
-1.18608264e-02 -8.87875516e-06 9.77047976e-03
-1.12207509e-02 -6.40558420e-06 8.47691543e-03
-1.05839692e-02 -3.96087479e-06 7.19143726e-03
-9.95076444e-03 -1.54693435e-06 5.91460655e-03
-9.32141455e-03 8.33975324e-07 4.64697394e-03
-8.69619204e-03 3.17964292e-06 3.38907899e-03
-8.07536387e-03 5.48791252e-06 2.14144981e-03
-7.45919126e-03 7.75668843e-06 9.04602700e-04
-6.84792952e-03 9.98393978e-06 -3.20958214e-04
-6.24182787e-03 1.21677051e-05 -1.53474128e-03
-5.64112931e-03 1.43060964e-05 -2.73626766e-03
-5.04607044e-03 1.63973035e-05 -3.92507158e-03
-4.45688133e-03 1.84395976e-05 -5.10070064e-03
-3.87378540e-03 2.04313346e-05 -6.26271608e-03
-3.29699928e-03 2.23709583e-05 -7.41069298e-03
-2.72673271e-03 2.42570029e-05 -8.54422052e-03
-2.16318840e-03 2.60880951e-05 -9.66290214e-03
-1.60656197e-03 2.78629562e-05 -1.07663558e-02
-1.05704182e-03 2.95804033e-05 -1.18542140e-02
-5.14809095e-04 3.12393496e-05 -1.29261241e-02
1.99624469e-05 3.28388055e-05 -1.39817484e-02
5.47106456e-04 3.43778778e-05 -1.50207641e-02
1.06646407e-03 3.58557693e-05 -1.60428636e-02
1.57788395e-03 3.72717775e-05 -1.70477546e-02
2.08122234e-03 3.86252930e-05 -1.80351598e-02
2.57634310e-03 3.99157976e-05 -1.90048174e-02
3.06311768e-03 4.11428615e-05 -1.99564808e-02
3.54142521e-03 4.23061401e-05 -2.08899188e-02
4.01115248e-03 4.34053715e-05 -2.18049153e-02
4.47219390e-03 4.44403721e-05 -2.27012697e-02
4.92445155e-03 4.54110327e-05 -2.35787965e-02
5.36783515e-03 4.63173149e-05 -2.44373254e-02
5.80226200e-03 4.71592459e-05 -2.52767013e-02
6.22765699e-03 4.79369146e-05 -2.60967838e-02
6.64395254e-03 4.86504664e-05 -2.68974477e-02
7.05108856e-03 4.93000989e-05 -2.76785824e-02
7.44901242e-03 4.98860569e-05 -2.84400919e-02
7.83767882e-03 5.04086279e-05 -2.91818947e-02
8.21704980e-03 5.08681376e-05 -2.99039237e-02
8.58709463e-03 5.12649454e-05 -3.06061259e-02
8.94778971e-03 5.15994401e-05 -3.12884620e-02
9.29911852e-03 5.18720366e-05 -3.19509068e-02
9.64107151e-03 5.20831714e-05 -3.25934485e-02
9.97364600e-03 5.22333001e-05 -3.32160885e-02
1.02968460e-02 5.23228942e-05 -3.38188413e-02
1.06106824e-02 5.23524386e-05 -3.44017344e-02
1.09151723e-02 5.23224297e-05 -3.49648076e-02
1.12103394e-02 5.22333737e-05 -3.55081133e-02
1.14962136e-02 5.20857856e-05 -3.60317157e-02
1.17728312e-02 5.18801883e-05 -3.65356909e-02
1.20402340e-02 5.16171131e-05 -3.70201265e-02
1.22984703e-02 5.12970992e-05 -3.74851212e-02
1.25475935e-02 5.09206951e-05 -3.79307846e-02
1.27876631e-02 5.04884596e-05 -3.83572370e-02
1.30187437e-02 5.00009638e-05 -3.87646088e-02
1.32409052e-02 4.94587926e-05 -3.91530407e-02
1.34542228e-02 4.88625477e-05 -3.95226826e-02
1.36587764e-02 4.82128502e-05 -3.98736941e-02
1.38546508e-02 4.75103437e-05 -4.02062437e-02
1.40419354e-02 4.67556978e-05 -4.05205087e-02
1.42207240e-02 4.59496112e-05 -4.08166746e-02
1.43911147e-02 4.50928159e-05 -4.10949350e-02
1.45532097e-02 4.41860806e-05 -4.13554913e-02
1.47071150e-02 4.32302148e-05 -4.15985524e-02
1.48529405e-02 4.22260721e-05 -4.18243339e-02
1.49907996e-02 4.11745545e-05 -4.20330585e-02
1.51208091e-02 4.00766153e-05 -4.22249552e-02
1.52430890e-02 3.89332630e-05 -4.24002591e-02
1.53577622e-02 3.77455640e-05 -4.25592110e-02
1.54649546e-02 3.65146454e-05 -4.27020573e-02
1.55647948e-02 3.52416977e-05 -4.28290495e-02
1.56574138e-02 3.39279763e-05 -4.29404438e-02
1.57429449e-02 3.25748035e-05 -4.30365011e-02
1.58215237e-02 3.11835695e-05 -4.31174863e-02
1.58932876e-02 2.97557326e-05 -4.31836685e-02
1.59583759e-02 2.82928194e-05 -4.32353201e-02
1.60169294e-02 2.67964244e-05 -4.32727169e-02
1.60690904e-02 2.52682084e-05 -4.32961379e-02
1.61150026e-02 2.37098972e-05 -4.33058645e-02
1.61548107e-02 2.21232788e-05 -4.33021809e-02
1.61886605e-02 2.05102007e-05 -4.32853731e-02
1.62166983e-02 1.88725663e-05 -4.32557293e-02
1.62390714e-02 1.72123308e-05 -4.32135391e-02
1.62559274e-02 1.55314964e-05 -4.31590936e-02
1.62674141e-02 1.38321074e-05 -4.30926850e-02
1.62736798e-02 1.21162441e-05 -4.30146062e-02
1.62748726e-02 1.03860173e-05 -4.29251508e-02
1.62711405e-02 8.64356126e-06 -4.28246128e-02
1.62626315e-02 6.89102711e-06 -4.27132863e-02
1.62494929e-02 5.13057575e-06 -4.25914651e-02
1.62318717e-02 3.36437041e-06 -4.24594430e-02
1.62099141e-02 1.59456918e-06 -4.23175129e-02
1.61837659e-02 -1.76682680e-07 -4.21659671e-02
1.61535715e-02 -1.94726040e-06 -4.20050970e-02
1.61194747e-02 -3.71506737e-06 -4.18351926e-02
1.60816181e-02 -5.47804267e-06 -4.16565426e-02
1.60401430e-02 -7.23416856e-06 -4.14694343e-02
1.59951894e-02 -8.98147761e-06 -4.12741529e-02
1.59468960e-02 -1.07180597e-05 -4.10709819e-02
1.58954000e-02 -1.24420685e-05 -4.08602026e-02
1.58408368e-02 -1.41517277e-05 -4.06420942e-02
1.57833402e-02 -1.58453368e-05 -4.04169331e-02
1.57230424e-02 -1.75212762e-05 -4.01849933e-02
1.56600737e-02 -1.91780119e-05 -3.99465461e-02
1.55945622e-02 -2.08140997e-05 -3.97018598e-02
1.55266344e-02 -2.24281885e-05 -3.94511997e-02
1.54564145e-02 -2.40190231e-05 -3.91948280e-02
1.53840247e-02 -2.55854466e-05 -3.89330035e-02
1.53095850e-02 -2.71264014e-05 -3.86659816e-02
1.52332133e-02 -2.86409302e-05 -3.83940142e-02
1.51550249e-02 -3.01281758e-05 -3.81173496e-02
1.50751332e-02 -3.15873806e-05 -3.78362323e-02
1.49936490e-02 -3.30178851e-05 -3.75509031e-02
1.49106807e-02 -3.44191258e-05 -3.72615987e-02
1.48263345e-02 -3.57906324e-05 -3.69685519e-02
1.47407138e-02 -3.71320246e-05 -3.66719916e-02
1.46539198e-02 -3.84430077e-05 -3.63721421e-02
1.45660512e-02 -3.97233684e-05 -3.60692241e-02
1.44772040e-02 -4.09729696e-05 -3.57634534e-02
1.43874718e-02 -4.21917448e-05 -3.54550421e-02
1.42969455e-02 -4.33796922e-05 -3.51441974e-02
1.42057137e-02 -4.45368682e-05 -3.48311226e-02
1.41138622e-02 -4.56633807e-05 -3.45160161e-02
1.40214745e-02 -4.67593826e-05 -3.41990722e-02
1.39286311e-02 -4.78250640e-05 -3.38804806e-02
1.38354104e-02 -4.88606457e-05 -3.35604265e-02
1.37418880e-02 -4.98663716e-05 -3.32390907e-02
1.36481369e-02 -5.08425012e-05 -3.29166492e-02
1.35542278e-02 -5.17893030e-05 -3.25932739e-02
1.34602286e-02 -5.27070468e-05 -3.22691320e-02
1.33662049e-02 -5.35959975e-05 -3.19443862e-02
1.32722197e-02 -5.44564081e-05 -3.16191947e-02
1.31783335e-02 -5.52885134e-05 -3.12937115e-02
1.30846045e-02 -5.60925246e-05 -3.09680860e-02
1.29910882e-02 -5.68686232e-05 -3.06424631e-02
1.28978381e-02 -5.76169564e-05 -3.03169837e-02
1.28049049e-02 -5.83376326e-05 -2.99917839e-02
1.27123372e-02 -5.90307176e-05 -2.96669961e-02
1.26201812e-02 -5.96962306e-05 -2.93427480e-02
1.25284809e-02 -6.03341424e-05 -2.90191634e-02
1.24372779e-02 -6.09443725e-05 -2.86963618e-02
1.23466117e-02 -6.15267881e-05 -2.83744589e-02
1.22565197e-02 -6.20812031e-05 -2.80535660e-02
1.21670369e-02 -6.26073780e-05 -2.77337908e-02
1.20781965e-02 -6.31050203e-05 -2.74152371e-02
1.19900293e-02 -6.35737857e-05 -2.70980045e-02
1.19025644e-02 -6.40132800e-05 -2.67821893e-02
1.18158288e-02 -6.44230612e-05 -2.64678839e-02
1.17298476e-02 -6.48026427e-05 -2.61551771e-02
1.16446437e-02 -6.51514967e-05 -2.58441541e-02
1.15602387e-02 -6.54690585e-05 -2.55348967e-02
1.14766519e-02 -6.57547308e-05 -2.52274832e-02
1.13939011e-02 -6.60078886e-05 -2.49219888e-02
1.13120024e-02 -6.62278848e-05 -2.46184851e-02
1.12309701e-02 -6.64140559e-05 -2.43170407e-02
1.11508170e-02 -6.65657282e-05 -2.40177210e-02
1.10715542e-02 -6.66822235e-05 -2.37205884e-02
1.09931913e-02 -6.67628661e-05 -2.34257024e-02
1.09157366e-02 -6.68069894e-05 -2.31331193e-02
1.08391968e-02 -6.68139421e-05 -2.28428929e-02
1.07635772e-02 -6.67830954e-05 -2.25550740e-02
1.06888819e-02 -6.67138493e-05 -2.22697107e-02
1.06151135e-02 -6.66056393e-05 -2.19868486e-02
1.05422737e-02 -6.64579428e-05 -2.17065307e-02
1.04703627e-02 -6.62702850e-05 -2.14287973e-02
1.03993797e-02 -6.60422453e-05 -2.11536865e-02
1.03293227e-02 -6.57734624e-05 -2.08812338e-02
1.02601887e-02 -6.54636399e-05 -2.06114726e-02
1.01919739e-02 -6.51125510e-05 -2.03444339e-02
1.01246732e-02 -6.47200429e-05 -2.00801465e-02
1.00582809e-02 -6.42860409e-05 -1.98186371e-02
9.99279010e-03 -6.38105516e-05 -1.95599303e-02
9.92819341e-03 -6.32936658e-05 -1.93040487e-02
9.86448248e-03 -6.27355612e-05 -1.90510129e-02
9.80164829e-03 -6.21365038e-05 -1.88008415e-02
9.73968109e-03 -6.14968493e-05 -1.85535514e-02
9.67857052e-03 -6.08170435e-05 -1.83091575e-02
9.61830559e-03 -6.00976226e-05 -1.80676731e-02
9.55887475e-03 -5.93392125e-05 -1.78291096e-02
9.50026595e-03 -5.85425274e-05 -1.75934770e-02
9.44246660e-03 -5.77083686e-05 -1.73607834e-02
9.38546372e-03 -5.68376217e-05 -1.71310355e-02
9.32924387e-03 -5.59312541e-05 -1.69042384e-02
9.27379327e-03 -5.49903115e-05 -1.66803958e-02
9.21909779e-03 -5.40159141e-05 -1.64595098e-02
9.16514299e-03 -5.30092527e-05 -1.62415813e-02
9.11191417e-03 -5.19715834e-05 -1.60266097e-02
9.05939637e-03 -5.09042233e-05 -1.58145932e-02
9.00757446e-03 -4.98085445e-05 -1.56055286e-02
8.95643311e-03 -4.86859688e-05 -1.53994117e-02
8.90595683e-03 -4.75379618e-05 -1.51962369e-02
8.85613006e-03 -4.63660269e-05 -1.49959975e-02
8.80693710e-03 -4.51716988e-05 -1.47986859e-02
8.75836222e-03 -4.39565373e-05 -1.46042930e-02
8.71038964e-03 -4.27221211e-05 -1.44128092e-02
8.66300357e-03 -4.14700414e-05 -1.42242236e-02
8.61618825e-03 -4.02018953e-05 -1.40385243e-02
8.56992792e-03 -3.89192801e-05 -1.38556987e-02
8.52420691e-03 -3.76237867e-05 -1.36757332e-02
8.47900961e-03 -3.63169942e-05 -1.34986132e-02
8.43432052e-03 -3.50004638e-05 -1.33243237e-02
8.39012423e-03 -3.36757337e-05 -1.31528485e-02
8.34640551e-03 -3.23443140e-05 -1.29841708e-02
8.30314924e-03 -3.10076818e-05 -1.28182733e-02
8.26034049e-03 -2.96672771e-05 -1.26551376e-02
8.21796451e-03 -2.83244984e-05 -1.24947451e-02
8.17600676e-03 -2.69806995e-05 -1.23370762e-02
8.13445290e-03 -2.56371859e-05 -1.21821108e-02
8.09328881e-03 -2.42952126e-05 -1.20298285e-02
8.05250062e-03 -2.29559816e-05 -1.18802080e-02
8.01207471e-03 -2.16206399e-05 -1.17332277e-02
7.97199772e-03 -2.02902786e-05 -1.15888654e-02
7.93225656e-03 -1.89659315e-05 -1.14470985e-02
7.89283840e-03 -1.76485750e-05 -1.13079039e-02
7.85373072e-03 -1.63391280e-05 -1.11712581e-02
7.81492129e-03 -1.50384524e-05 -1.10371372e-02
7.77639819e-03 -1.37473538e-05 -1.09055170e-02
7.73814979e-03 -1.24665824e-05 -1.07763727e-02
7.70016479e-03 -1.11968354e-05 -1.06496794e-02
7.66243221e-03 -9.93875776e-06 -1.05254117e-02
7.62494137e-03 -8.69294534e-06 -1.04035441e-02
7.58768196e-03 -7.45994673e-06 -1.02840506e-02
7.55064398e-03 -6.24026607e-06 -1.01669049e-02
7.51381775e-03 -5.03436589e-06 -1.00520806e-02
7.47719394e-03 -3.84267011e-06 -9.93955090e-03
7.44076359e-03 -2.66556704e-06 -9.82928885e-03
7.40451802e-03 -1.50341262e-06 -9.72126721e-03
7.36844894e-03 -3.56533573e-07 -9.61545854e-03
7.33254839e-03 7.74769404e-07 -9.51183518e-03
7.29680873e-03 1.89021852e-06 -9.41036927e-03
7.26122269e-03 2.98955584e-06 -9.31103278e-03
7.22578333e-03 4.07254033e-06 -9.21379748e-03
7.19048404e-03 5.13894511e-06 -9.11863499e-03
7.15531856e-03 6.18855485e-06 -9.02551674e-03
7.12028095e-03 7.22116334e-06 -8.93441403e-03
7.08536563e-03 8.23657141e-06 -8.84529803e-03
7.05056731e-03 9.23458498e-06 -8.75813975e-03
7.01588106e-03 1.02150134e-05 -8.67291009e-03
6.98130227e-03 1.11776684e-05 -8.58957984e-03
6.94682661e-03 1.21223624e-05 -8.50811969e-03
6.91245012e-03 1.30489087e-05 -8.42850022e-03
6.87816911e-03 1.39571202e-05 -8.35069193e-03
6.84398022e-03 1.48468099e-05 -8.27466527e-03
6.80988036e-03 1.57177908e-05 -8.20039059e-03
6.77586676e-03 1.65698762e-05 -8.12783821e-03
6.74193693e-03 1.74028811e-05 -8.05697841e-03
6.70808866e-03 1.82166225e-05 -7.98778143e-03
6.67432001e-03 1.90109210e-05 -7.92021750e-03
6.64062934e-03 1.97856024e-05 -7.85425684e-03
6.60701522e-03 2.05404988e-05 -7.78986968e-03
6.57347653e-03 2.12754512e-05 -7.72702626e-03
6.54001235e-03 2.19903107e-05 -7.66569687e-03
6.50662204e-03 2.26849408e-05 -7.60585183e-03
6.47330516e-03 2.33592194e-05 -7.54746153e-03
6.44006152e-03 2.40130411e-05 -7.49049642e-03
6.40689114e-03 2.46463187e-05 -7.43492705e-03
6.37379423e-03 2.52589857e-05 -7.38072406e-03
6.34077123e-03 2.58509976e-05 -7.32785823e-03
6.30782274e-03 2.64223341e-05 -7.27630042e-03
6.27494957e-03 2.69730001e-05 -7.22602169e-03
6.24215269e-03 2.75030274e-05 -7.17699321e-03
6.20943324e-03 2.80124753e-05 -7.12918635e-03
6.17679252e-03 2.85014316e-05 -7.08257266e-03
6.14423195e-03 2.89700128e-05 -7.03712389e-03
6.11175313e-03 2.94183641e-05 -6.99281198e-03
6.07935776e-03 2.98466592e-05 -6.94960913e-03
6.04704766e-03 3.02550994e-05 -6.90748774e-03
6.01482477e-03 3.06439125e-05 -6.86642050e-03
5.98269114e-03 3.10133512e-05 -6.82638032e-03
5.95064888e-03 3.13636913e-05 -6.78734042e-03
5.91870022e-03 3.16952289e-05 -6.74927428e-03
5.88684745e-03 3.20082780e-05 -6.71215569e-03
5.85509290e-03 3.23031671e-05 -6.67595873e-03
5.82343901e-03 3.25802356e-05 -6.64065779e-03
5.79188821e-03 3.28398298e-05 -6.60622760e-03
5.76044301e-03 3.30822989e-05 -6.57264320e-03
5.72910593e-03 3.33079901e-05 -6.53987999e-03
5.69787953e-03 3.35172440e-05 -6.50791368e-03
5.66676637e-03 3.37103895e-05 -6.47672036e-03
5.63576902e-03 3.38877385e-05 -6.44627647e-03
5.60489005e-03 3.40495810e-05 -6.41655878e-03
5.57413203e-03 3.41961792e-05 -6.38754447e-03
5.54349751e-03 3.43277625e-05 -6.35921104e-03
5.51298902e-03 3.44445223e-05 -6.33153641e-03
5.48260906e-03 3.45466066e-05 -6.30449884e-03
5.45236010e-03 3.46341152e-05 -6.27807696e-03
5.42224457e-03 3.47070950e-05 -6.25224981e-03
5.39226487e-03 3.47655357e-05 -6.22699679e-03
5.36242332e-03 3.48093658e-05 -6.20229767e-03
5.33272222e-03 3.48384491e-05 -6.17813262e-03
5.30316380e-03 3.48525819e-05 -6.15448218e-03
5.27375023e-03 3.48514902e-05 -6.13132729e-03
5.24448361e-03 3.48348284e-05 -6.10864924e-03
5.21536598e-03 3.48021782e-05 -6.08642973e-03
5.18639932e-03 3.47530481e-05 -6.06465083e-03
5.15758552e-03 3.46868737e-05 -6.04329500e-03
5.12892641e-03 3.46030195e-05 -6.02234507e-03
5.10042375e-03 3.45007807e-05 -6.00178427e-03
5.07207921e-03 3.43793861e-05 -5.98159619e-03
5.04389440e-03 3.42380024e-05 -5.96176481e-03
5.01587085e-03 3.40757385e-05 -5.94227452e-03
4.98801003e-03 3.38916513e-05 -5.92311004e-03
4.96031330e-03 3.36847524e-05 -5.90425652e-03
4.93278199e-03 3.34540155e-05 -5.88569949e-03
4.90541733e-03 3.31983844e-05 -5.86742483e-03
4.87822049e-03 3.29167822e-05 -5.84941884e-03
4.85119259e-03 3.26081210e-05 -5.83166821e-03
4.82433465e-03 3.22713126e-05 -5.81415999e-03
4.79764766e-03 3.19052792e-05 -5.79688167e-03
4.77113254e-03 3.15089656e-05 -5.77982108e-03
4.74479014e-03 3.10813511e-05 -5.76296648e-03
4.71862129e-03 3.06214622e-05 -5.74630653e-03
4.69262673e-03 3.01283853e-05 -5.72983027e-03
4.66680718e-03 2.96012804e-05 -5.71352717e-03
4.64116331e-03 2.90393936e-05 -5.69738707e-03
4.61569576e-03 2.84420711e-05 -5.68140027e-03
4.59040512e-03 2.78087721e-05 -5.66555743e-03
4.56529195e-03 2.71390819e-05 -5.64984965e-03
4.54035679e-03 2.64327243e-05 -5.63426845e-03
4.51560015e-03 2.56895745e-05 -5.61880576e-03
4.49102252e-03 2.49096702e-05 -5.60345393e-03
4.46662437e-03 2.40932231e-05 -5.58820574e-03
4.44240616e-03 2.32406289e-05 -5.57305439e-03
4.41836833e-03 2.23524773e-05 -5.55799350e-03
4.39451133e-03 2.14295599e-05 -5.54301714e-03
4.37083557e-03 2.04728781e-05 -5.52811977e-03
4.34734150e-03 1.94836490e-05 -5.51329630e-03
4.32402953e-03 1.84633109e-05 -5.49854208e-03
4.30090008e-03 1.74135267e-05 -5.48385286e-03
4.27795360e-03 1.63361864e-05 -5.46922482e-03
4.25519051e-03 1.52334079e-05 -5.45465459e-03
4.23261124e-03 1.41075369e-05 -5.44013918e-03
4.21021626e-03 1.29611443e-05 -5.42567604e-03
4.18800599e-03 1.17970229e-05 -5.41126304e-03
4.16598091e-03 1.06181822e-05 -5.39689844e-03
4.14414148e-03 9.42784164e-06 -5.38258092e-03
4.12248818e-03 8.22942264e-06 -5.36830955e-03
4.10102147e-03 7.02653847e-06 -5.35408380e-03
4.07974184e-03 5.82298328e-06 -5.33990352e-03
4.05864979e-03 4.62271932e-06 -5.32576893e-03
4.03774580e-03 3.42986297e-06 -5.31168064e-03
4.01703038e-03 2.24866939e-06 -5.29763962e-03
3.99650400e-03 1.08351595e-06 -5.28364718e-03
3.97616716e-03 -6.11153974e-08 -5.26970497e-03
3.95602036e-03 -1.18065684e-06 -5.25581499e-03
3.93606406e-03 -2.27047431e-06 -5.24197956e-03
3.91629874e-03 -3.32588781e-06 -5.22820131e-03
