0.00000000e+00 0.00000000e+00 0.00000000e+00
0.00000000e+00 0.00000000e+00 0.00000000e+00
0.00000000e+00 0.00000000e+00 0.00000000e+00
0.00000000e+00 0.00000000e+00 0.00000000e+00
0.00000000e+00 0.00000000e+00 0.00000000e+00
0.00000000e+00 0.00000000e+00 0.00000000e+00
0.00000000e+00 0.00000000e+00 0.00000000e+00
6.12961182e-40 1.02254412e-39 4.15726222e-40
1.48672363e-37 5.78928837e-37 5.28322712e-37
6.07655347e-36 5.98151370e-35 6.83611696e-35
2.10366207e-35 2.52711931e-33 3.23934958e-33
-3.30954685e-33 5.97669448e-32 8.23077681e-32
-9.48893181e-32 9.30483187e-31 1.34658330e-30
-1.44363849e-30 1.05059463e-29 1.57662572e-29
-1.51105495e-29 9.16570459e-29 1.41370393e-28
-1.20212457e-28 6.45721938e-28 1.01699353e-27
-7.67821660e-28 3.79293869e-27 6.06902853e-27
-4.07729345e-27 1.90266120e-26 3.07977784e-26
-1.84328685e-26 8.30130083e-26 1.35408197e-25
-7.21132541e-26 3.19485669e-25 5.23197224e-25
-2.46731391e-25 1.09641191e-24 1.79554058e-24
-7.42034715e-25 3.38234772e-24 5.51441918e-24
-1.95835997e-24 9.43190593e-24 1.52238242e-23
-4.47807696e-24 2.38453638e-23 3.78173858e-23
-8.54331452e-24 5.46454319e-23 8.41975780e-23
-1.20315641e-23 1.12977788e-22 1.65941186e-22
-4.93961838e-24 2.08053995e-22 2.80629037e-22
4.28340801e-23 3.31034363e-22 3.72891212e-22
2.04315662e-22 4.18666253e-22 2.53465239e-22
6.31247919e-22 2.87373858e-22 -5.39180856e-22
1.59854764e-21 -4.63816260e-22 -2.92993371e-21
3.53788079e-21 -2.56070429e-21 -8.49367803e-21
7.01464501e-21 -7.10738763e-21 -1.94838330e-20
1.25677886e-20 -1.54564512e-20 -3.84112478e-20
2.02997913e-20 -2.86935568e-20 -6.67376655e-20
2.90999150e-20 -4.64892407e-20 -1.02182677e-19
3.54474132e-20 -6.51174652e-20 -1.34300669e-19
3.19210230e-20 -7.46636944e-20 -1.38549825e-19
5.87521643e-21 -5.59274296e-20 -7.02167362e-20
-6.07703397e-20 2.17007636e-20 1.38679545e-19
-1.89128521e-19 1.99118938e-19 5.74230532e-19
-3.96414795e-19 5.19940083e-19 1.32006742e-18
-6.82638294e-19 1.01284794e-18 2.41374664e-18
-1.01004926e-18 1.66108432e-18 3.77500155e-18
-1.27682941e-18 2.35908799e-18 5.10801743e-18
-1.29047743e-18 2.86172239e-18 5.79303844e-18
-7.51721946e-19 2.73959899e-18 4.80147471e-18
7.34332069e-19 1.36379920e-18 6.90674954e-19
3.59859219e-18 -2.04745478e-18 -8.24608687e-18
8.17824880e-18 -8.28269348e-18 -2.35912170e-17
1.45022972e-17 -1.78585083e-17 -4.61085498e-17
2.19953380e-17 -3.05940238e-17 -7.47268530e-17
2.91328393e-17 -4.50618594e-17 -1.05279578e-16
3.31227951e-17 -5.79960631e-17 -1.29218181e-16
2.97369387e-17 -6.38097205e-17 -1.32685822e-16
1.34589806e-17 -5.44504333e-17 -9.65075011e-17
-2.18579344e-17 -1.98807836e-17 2.22801833e-18
-8.16468131e-17 5.05135568e-17 1.86314824e-16
-1.68491582e-16 1.65343533e-16 4.71807247e-16
-2.79246297e-16 3.27379045e-16 8.58559852e-16
-4.01683316e-16 5.28645679e-16 1.31857005e-15
-5.11241433e-16 7.45037652e-16 1.78372709e-15
-5.68772100e-16 9.31497258e-16 2.13569231e-15
-5.20476538e-16 1.01928738e-15 2.20172767e-15
-3.01401444e-16 9.17260100e-16 1.76108068e-15
1.56187309e-16 5.19164925e-16 5.66687130e-16
9.08608102e-16 -2.81204385e-16 -1.61388609e-15
1.98058091e-15 -1.56598744e-15 -4.93647177e-15
3.34011486e-15 -3.36068755e-15 -9.39912120e-15
4.87113350e-15 -5.59534719e-15 -1.47485301e-14
6.34836087e-15 -8.06420072e-15 -2.03869280e-14
7.42083203e-15 -1.03911790e-14 -2.52986206e-14
7.61184851e-15 -1.20110642e-14 -2.80209050e-14
6.34382546e-15 -1.21777459e-14 -2.66874027e-14
2.99579361e-15 -1.00112747e-14 -1.91714125e-14
-3.00110329e-15 -4.59363355e-15 -3.35119622e-15
-1.20292267e-14 4.88116726e-15 2.24929835e-14
-2.41168178e-14 1.89041694e-14 5.91591939e-14
-3.87510856e-14 3.74069889e-14 1.05915921e-13
-5.46953755e-14 5.94988883e-14 1.59870118e-13
-6.98431550e-14 8.32212494e-14 2.15406620e-13
-8.11493606e-14 1.05367235e-13 2.63822401e-13
-8.46840622e-14 1.21423406e-13 2.93298593e-13
-7.58525048e-14 1.25693612e-13 2.89357720e-13
-4.98175825e-14 1.11661192e-13 2.35937455e-13
-2.14437644e-15 7.26312744e-14 1.17170342e-13
7.03389949e-14 2.66950026e-15 -8.01112550e-14
1.68503734e-13 -1.02183355e-13 -3.63223788e-13
2.89785681e-13 -2.42488200e-13 -7.30035078e-13
4.27076587e-13 -4.13896782e-13 -1.16525690e-12
5.67805772e-13 -6.05729272e-13 -1.63710014e-12
6.93410002e-13 -7.99866479e-13 -2.09488393e-12
7.79408013e-13 -9.70219689e-13 -2.46827094e-12
7.96292705e-13 -1.08305593e-12 -2.66882082e-12
7.11422496e-13 -1.09844072e-12 -2.59449271e-12
4.92028834e-13 -9.73007198e-13 -2.13756786e-12
1.09357663e-13 -6.64164857e-13 -1.19619653e-12
-4.56169748e-13 -1.35723360e-13 3.10600930e-13
-1.20905064e-12 6.35270287e-13 2.42511650e-12
-2.13249912e-12 1.65088856e-12 5.13149141e-12
-3.18257570e-12 2.88450124e-12 8.33633525e-12
-4.28343258e-12 4.27361339e-12 1.18516792e-11
-5.32457631e-12 5.71438269e-12 1.53829401e-11
-6.16110125e-12 7.05895433e-12 1.85248264e-11
-6.61781115e-12 8.11678212e-12 2.07681260e-11
-6.49800310e-12 8.66101925e-12 2.15200178e-11
-5.59742461e-12 8.44084187e-12 2.01398957e-11
-3.72352742e-12 7.20020049e-12 1.59916588e-11
-7.19637100e-13 4.70297957e-12 8.51201594e-12
3.50694189e-12 7.63898897e-13 -2.70737529e-12
8.95452757e-12 -4.71625794e-12 -1.78280789e-11
1.54966843e-11 -1.17133045e-11 -3.66695735e-11
2.28548115e-11 -2.00432117e-11 -5.86186823e-11
3.05771493e-11 -2.93302845e-11 -8.25536901e-11
3.80279732e-11 -3.89842158e-11 -1.06794345e-10
4.43908039e-11 -4.81905568e-11 -1.29089482e-10
4.86891865e-11 -5.59190985e-11 -1.46653624e-10
4.98279435e-11 -6.09541898e-11 -1.56262446e-10
4.66567458e-11 -6.19501076e-11 -1.54414319e-10
3.80563853e-11 -5.75131940e-11 -1.37561234e-10
2.30462963e-11 -4.63106193e-11 -1.02407333e-10
9.09739903e-13 -2.72033655e-11 -4.62671594e-11
-2.86692617e-11 6.01552117e-13 3.25310512e-11
-6.54655179e-11 3.73873423e-11 1.34218879e-10
-1.08579304e-10 8.27626130e-11 2.57166840e-10
-1.56322445e-10 1.35508392e-10 3.97504161e-10
-2.06137609e-10 1.93451937e-10 5.48819092e-10
-2.54565160e-10 2.53383572e-10 7.01982513e-10
-2.97271534e-10 3.11033156e-10 8.45137789e-10
-3.29151664e-10 3.61121955e-10 9.63896927e-10
-3.44515222e-10 3.97503566e-10 1.04177665e-09
-3.37362546e-10 4.13404004e-10 1.06089782e-09
-3.01750892e-10 4.01766056e-10 1.00295776e-09
-2.32245439e-10 3.55696740e-10 8.50467693e-10
-1.24442333e-10 2.69009164e-10 5.88227426e-10
2.44565439e-11 1.36841852e-10 2.04987074e-10
2.15045153e-10 -4.36702268e-11 -3.04777308e-10
4.45126625e-10 -2.72707352e-10 -9.39069974e-10
7.09180163e-10 -5.47101936e-10 -1.68667992e-09
9.97928245e-10 -8.59749903e-10 -2.52571665e-09
1.29805370e-09 -1.19915067e-09 -3.42252180e-09
1.59211641e-09 -1.54913224e-09 -4.33110551e-09
1.85871662e-09 -1.88881708e-09 -5.19325241e-09
2.07294554e-09 -2.19288015e-09 -5.93942799e-09
2.20715413e-09 -2.43214220e-09 -6.49059253e-09
2.23205767e-09 -2.57452912e-09 -6.76099425e-09
2.11817679e-09 -2.58641226e-09 -6.66196907e-09
1.83759627e-09 -2.43432424e-09 -6.10671934e-09
1.36600063e-09 -2.08702272e-09 -5.01598236e-09
6.84922611e-10 -1.51784880e-09 -3.32443217e-09
-2.15883173e-10 -7.07301199e-10 -9.87588268e-10
-1.33605156e-09 3.54279207e-10 2.01106326e-09
-2.66233365e-09 1.66404394e-09 5.65309443e-09
-4.16658601e-09 3.20414168e-09 9.87871831e-09
-5.80418037e-09 4.93956081e-09 1.45813835e-08
-7.51299680e-09 6.81648773e-09 1.96038569e-08
-9.21316002e-09 8.76136158e-09 2.47362738e-08
-1.08076672e-08 1.06807999e-08 2.97166121e-08
-1.21840338e-08 1.24625538e-08 3.42339992e-08
-1.32170552e-08 1.39776237e-08 3.79351824e-08
-1.37727388e-08 1.50836328e-08 4.04343922e-08
-1.37134169e-08 1.56295039e-08 4.13266927e-08
-1.29039903e-08 1.54614333e-08 4.02047628e-08
-1.12191940e-08 1.44300900e-08 3.66788746e-08
-8.55170928e-09 1.23988980e-08 3.03996492e-08
-4.82087877e-09 9.25318834e-09 2.10829725e-08
1.82817651e-11 4.90993417e-09 8.53626090e-09
5.96614297e-09 -6.72287998e-10 -7.31491889e-09
1.29700124e-08 -7.48353137e-09 -2.64010364e-08
2.09166357e-08 -1.54533794e-08 -4.84848884e-08
2.96261346e-08 -2.44430268e-08 -7.31413884e-08
3.88478754e-08 -3.42390770e-08 -9.97423018e-08
4.82587508e-08 -4.45495944e-08 -1.27447367e-07
5.74643237e-08 -5.50029289e-08 -1.55203177e-07
6.60032258e-08 -6.51497889e-08 -1.81751070e-07
7.33551237e-08 -7.44689670e-08 -2.05645062e-07
7.89524624e-08 -8.23770293e-08 -2.25280612e-07
8.21960741e-08 -8.82421610e-08 -2.38934652e-07
8.24745953e-08 -9.14022217e-08 -2.44816942e-07
7.91874808e-08 -9.11868997e-08 -2.41132364e-07
7.17712332e-08 -8.69436856e-08 -2.26153286e-07
5.97282933e-08 -7.80671978e-08 -1.98300632e-07
4.26578647e-08 -6.40312050e-08 -1.56231788e-07
2.02877801e-08 -4.44225051e-08 -9.89329493e-08
-7.49363758e-09 -1.89756468e-08 -2.58130974e-08
-4.06068943e-08 1.23926818e-08 6.32036904e-08
-7.87531049e-08 4.95509032e-08 1.67591181e-07
-1.21389585e-07 9.21228472e-08 2.86143059e-07
-1.67710637e-07 1.39462567e-07 4.16908135e-07
-2.16634889e-07 1.90635161e-07 5.57142756e-07
-2.66800507e-07 2.44405065e-07 7.03284328e-07
-3.16569454e-07 2.99233179e-07 8.50949643e-07
-3.64041836e-07 3.53284082e-07 9.94961295e-07
-4.07081141e-07 4.04444355e-07 1.12940489e-06
-4.43350919e-07 4.50352828e-07 1.24771908e-06
-4.70363159e-07 4.88443244e-07 1.34281963e-06
-4.85538234e-07 5.15999482e-07 1.40725768e-06
-4.86275963e-07 5.30223131e-07 1.43341150e-06
-4.70036899e-07 5.28312774e-07 1.41370962e-06
-4.34432559e-07 5.07553900e-07 1.34088229e-06
-3.77322928e-07 4.65417972e-07 1.20823697e-06
-2.96919119e-07 3.99668682e-07 1.00995219e-06
-1.91888773e-07 3.08473071e-07 7.41383239e-07
-6.14614033e-08 1.90514771e-07 3.99371995e-07
9.44693856e-08 4.51063005e-08 -1.74476893e-08
2.75250053e-07 -1.27702924e-07 -5.08358360e-07
4.79381093e-07 -3.27026412e-07 -1.07029092e-06
7.04444280e-07 -5.51051941e-07 -1.69759030e-06
9.47046648e-07 -7.96968111e-07 -2.38182508e-06
1.20278451e-06 -1.06090978e-06 -3.11165097e-06
1.46623063e-06 -1.33792581e-06 -3.87273763e-06
1.73094729e-06 -1.62197239e-06 -4.64776747e-06
1.98952762e-06 -1.90593471e-06 -5.41651403e-06
2.23366701e-06 -2.18167930e-06 -6.15600605e-06
2.45426585e-06 -2.44013890e-06 -6.84078174e-06
2.64156414e-06 -2.67143080e-06 -7.44323605e-06
2.78530775e-06 -2.86500919e-06 -7.93406140e-06
2.87494550e-06 -3.00985086e-06 -8.28278012e-06
2.89985502e-06 -3.09467315e-06 -8.45836483e-06
2.84959508e-06 -3.10818184e-06 -8.42993998e-06
2.71418069e-06 -3.03934596e-06 -8.16755585e-06
2.48437684e-06 -2.87769570e-06 -7.64302358e-06
2.15200593e-06 -2.61363844e-06 -6.83079769e-06
1.71026312e-06 -2.23878763e-06 -5.70889034e-06
1.15403341e-06 -1.74629805e-06 -4.25979971e-06
4.80203565e-07 -1.13120090e-06 -2.47143324e-06
-3.12038104e-07 -3.90731066e-07 -3.38005231e-07
-1.22092159e-06 4.75360755e-07 2.13911264e-06
-2.24184215e-06 1.46451919e-06 4.95060981e-06
-3.36714172e-06 2.57112633e-06 8.07854639e-06
-4.58593210e-06 3.78628280e-06 1.14957752e-05
-5.88396657e-06 5.09763505e-06 1.51654971e-05
-7.24356642e-06 6.48925624e-06 1.90409689e-05
-8.64360777e-06 7.94158669e-06 2.30653812e-05
-1.00595736e-05 9.43143999e-06 2.71719217e-05
-1.14636746e-05 1.09320790e-05 3.12840360e-05
-1.28250417e-05 1.24133656e-05 3.53158953e-05
-1.41099919e-05 1.38419869e-05 3.91730782e-05
-1.52823665e-05 1.51817581e-05 4.27534670e-05
-1.63039429e-05 1.63940026e-05 4.59483586e-05
-1.71349150e-05 1.74380080e-05 4.86437840e-05
-1.77344401e-05 1.82715533e-05 5.07220267e-05
-1.80612460e-05 1.88515046e-05 5.20633269e-05
-1.80742932e-05 1.91344723e-05 5.25477532e-05
-1.77334828e-05 1.90775229e-05 5.20572217e-05
-1.70004025e-05 1.86389361e-05 5.04776370e-05
-1.58391009e-05 1.77789994e-05 4.77011281e-05
-1.42168786e-05 1.64608270e-05 4.36283469e-05
-1.21050849e-05 1.46511935e-05 3.81707994e-05
-9.47990990e-06 1.23213692e-05 3.12531717e-05
-6.32315678e-06 9.44794443e-06 2.28156176e-05
-2.62298466e-06 6.01363065e-06 1.28159703e-05
1.62539165e-06 2.00802410e-06 1.23184108e-06
6.41905652e-06 -2.57167953e-06 -1.19374292e-05
1.17468145e-05 -7.72003263e-06 -2.66690018e-05
1.75886882e-05 -1.34227569e-05 -4.29149874e-05
2.39155027e-05 -1.96562492e-05 -6.06011381e-05
3.06885658e-05 -2.63871826e-05 -7.96258141e-05
3.78594513e-05 -3.35722102e-05 -9.98592457e-05
4.53698908e-05 -4.11577805e-05 -1.21143113e-04
5.31517805e-05 -4.90800694e-05 -1.43290459e-04
6.11273041e-05 -5.72650334e-05 -1.66085941e-04
6.92091749e-05 -6.56285863e-05 -1.89286440e-04
7.73009955e-05 -7.40769012e-05 -2.12622013e-04
8.52977338e-05 -8.25068354e-05 -2.35797194e-04
9.30863121e-05 -9.08064764e-05 -2.58492635e-04
1.00546303e-04 -9.88558047e-05 -2.80367063e-04
1.07550725e-04 -1.06527466e-04 -3.01059551e-04
1.13966931e-04 -1.13687645e-04 -3.20192060e-04
1.19657581e-04 -1.20197035e-04 -3.37372235e-04
1.24481679e-04 -1.25911883e-04 -3.52196430e-04
1.28295676e-04 -1.30685114e-04 -3.64252908e-04
1.30954618e-04 -1.34367502e-04 -3.73125193e-04
1.32313321e-04 -1.36808890e-04 -3.78395534e-04
1.32227572e-04 -1.37859435e-04 -3.79648424e-04
1.30555325e-04 -1.37370868e-04 -3.76474150e-04
1.27157896e-04 -1.35197752e-04 -3.68472321e-04
1.21901121e-04 -1.31198716e-04 -3.55255326e-04
1.14656486e-04 -1.25237663e-04 -3.36451687e-04
1.05302191e-04 -1.17184927e-04 -3.11709268e-04
9.37241636e-05 -1.06918370e-04 -2.80698286e-04
7.98169761e-05 -9.43243994e-05 -2.43114109e-04
6.34846886e-05 -7.92989008e-05 -1.98679785e-04
4.46415840e-05 -6.17480743e-05 -1.47148285e-04
2.32127985e-05 -4.15891581e-05 -8.83044376e-05
-8.65163253e-07 -1.87510377e-05 -2.19665123e-05
-2.76440337e-05 6.82526919e-06 5.20125396e-05
-5.71635116e-05 3.51862566e-05 1.33744221e-04
-8.94511191e-05 6.63657064e-05 2.23304001e-04
-1.24522186e-04 1.00384599e-04 3.20731203e-04
-1.62379961e-04 1.37251159e-04 4.26029279e-04
-2.03015847e-04 1.76961033e-04 5.39166456e-04
-2.46409760e-04 2.19497595e-04 6.60076740e-04
-2.92530600e-04 2.64832386e-04 7.88661276e-04
-3.41336833e-04 3.12925659e-04 9.24790036e-04
-3.92777177e-04 3.63727049e-04 1.06830381e-03
-4.46791374e-04 4.17176336e-04 1.21901648e-03
-5.03311051e-04 4.73204307e-04 1.37671755e-03
-5.62260650e-04 5.31733698e-04 1.54117490e-03
-6.23558422e-04 5.92680208e-04 1.71213771e-03
-6.87117465e-04 6.55953572e-04 1.88933954e-03
-7.52846807e-04 7.21458676e-04 2.07250156e-03
-8.20652504e-04 7.89096714e-04 2.26133581e-03
-8.90438759e-04 8.58766354e-04 2.45554854e-03
-9.62109041e-04 9.30364924e-04 2.65484354e-03
-1.03556719e-03 1.00378958e-03 2.85892541e-03
-1.11071848e-03 1.07893847e-03 3.06750284e-03
-1.18747072e-03 1.15571185e-03 3.28029174e-03
-1.26573520e-03 1.23401318e-03 3.49701824e-03
-1.34542768e-03 1.31375017e-03 3.71742152e-03
-1.42646927e-03 1.39483571e-03 3.94125656e-03
-1.50878725e-03 1.47718885e-03 4.16829653e-03
-1.59231584e-03 1.56073555e-03 4.39833506e-03
-1.67699684e-03 1.64540950e-03 4.63118826e-03
-1.76278021e-03 1.73115270e-03 4.86669641e-03
-1.84962457e-03 1.81791611e-03 5.10472549e-03
-1.93749763e-03 1.90566004e-03 5.34516836e-03
-2.02637644e-03 1.99435460e-03 5.58794568e-03
-2.11624765e-03 2.08397990e-03 5.83300655e-03
-2.20710761e-03 2.17452627e-03 6.08032890e-03
-2.29896243e-03 2.26599434e-03 6.32991959e-03
-2.39182791e-03 2.35839500e-03 6.58181421e-03
-2.48572941e-03 2.45174933e-03 6.83607671e-03
-2.58070162e-03 2.54608838e-03 7.09279874e-03
-2.67678830e-03 2.64145291e-03 7.35209876e-03
-2.77404191e-03 2.73789304e-03 7.61412096e-03
-2.87252319e-03 2.83546784e-03 7.87903401e-03
-2.97230066e-03 2.93424481e-03 8.14702957e-03
-3.07345014e-03 3.03429942e-03 8.41832076e-03
-3.17605415e-03 3.13571444e-03 8.69314043e-03
-3.28020133e-03 3.23857937e-03 8.97173929e-03
-3.38598577e-03 3.34298974e-03 9.25438408e-03
-3.49350641e-03 3.44904645e-03 9.54135552e-03
-3.60286631e-03 3.55685507e-03 9.83294636e-03
-3.71417203e-03 3.66652508e-03 1.01294593e-02
-3.82753293e-03 3.77816920e-03 1.04312050e-02
-3.94306049e-03 3.89190262e-03 1.07385001e-02
-4.06086766e-03 4.00784235e-03 1.10516649e-02
-4.18106821e-03 4.12610644e-03 1.13710220e-02
-4.30377608e-03 4.24681339e-03 1.16968939e-02
-4.42910484e-03 4.37008144e-03 1.20296015e-02
-4.55716703e-03 4.49602796e-03 1.23694623e-02
-4.68807371e-03 4.62476887e-03 1.27167888e-02
-4.82193387e-03 4.75641809e-03 1.30718867e-02
-4.95885400e-03 4.89108698e-03 1.34350542e-02
-5.09893767e-03 5.02888393e-03 1.38065801e-02
-5.24228509e-03 5.16991388e-03 1.41867429e-02
-5.38899282e-03 5.31427795e-03 1.45758095e-02
-5.53915339e-03 5.46207307e-03 1.49740349e-02
-5.69285507e-03 5.61339172e-03 1.53816608e-02
-5.85018161e-03 5.76832162e-03 1.57989151e-02
-6.01121208e-03 5.92694558e-03 1.62260115e-02
-6.17602067e-03 6.08934123e-03 1.66631491e-02
-6.34467660e-03 6.25558098e-03 1.71105119e-02
-6.51724398e-03 6.42573185e-03 1.75682684e-02
-6.69378184e-03 6.59985544e-03 1.80365721e-02
-6.87434400e-03 6.77800788e-03 1.85155608e-02
-7.05897913e-03 6.96023983e-03 1.90053569e-02
-7.24773075e-03 7.14659654e-03 1.95060678e-02
-7.44063729e-03 7.33711782e-03 2.00177854e-02
-7.63773210e-03 7.53183820e-03 2.05405871e-02
-7.83904359e-03 7.73078696e-03 2.10745354e-02
-8.04459528e-03 7.93398824e-03 2.16196788e-02
-8.25440592e-03 8.14146118e-03 2.21760517e-02
-8.46848957e-03 8.35322004e-03 2.27436751e-02
-8.68685574e-03 8.56927430e-03 2.33225566e-02
-8.90950951e-03 8.78962886e-03 2.39126913e-02
-9.13645164e-03 9.01428413e-03 2.45140618e-02
-9.36767869e-03 9.24323617e-03 2.51266389e-02
-9.60318313e-03 9.47647689e-03 2.57503817e-02
-9.84295348e-03 9.71399411e-03 2.63852382e-02
-1.00869744e-02 9.95577173e-03 2.70311455e-02
-1.03352268e-02 1.02017899e-02 2.76880305e-02
-1.05876878e-02 1.04520249e-02 2.83558096e-02
-1.08443313e-02 1.07064497e-02 2.90343896e-02
-1.11051272e-02 1.09650336e-02 2.97236675e-02
-1.13700425e-02 1.12277426e-02 3.04235313e-02
-1.16390405e-02 1.14945393e-02 3.11338595e-02
-1.19120813e-02 1.17653830e-02 3.18545218e-02
-1.21891216e-02 1.20402300e-02 3.25853791e-02
-1.24701151e-02 1.23190333e-02 3.33262834e-02
-1.27550122e-02 1.26017428e-02 3.40770784e-02
-1.30437599e-02 1.28883053e-02 3.48375989e-02
-1.33363023e-02 1.31786645e-02 3.56076714e-02
-1.36325801e-02 1.34727609e-02 3.63871138e-02
-1.39325310e-02 1.37705322e-02 3.71757353e-02
-1.42360891e-02 1.40719128e-02 3.79733368e-02
-1.45431857e-02 1.43768338e-02 3.87797103e-02
-1.48537485e-02 1.46852235e-02 3.95946393e-02
-1.51677020e-02 1.49970069e-02 4.04178983e-02
-1.54849675e-02 1.53121055e-02 4.12492532e-02
-1.58054628e-02 1.56304379e-02 4.20884605e-02
-1.61291023e-02 1.59519193e-02 4.29352680e-02
-1.64557968e-02 1.62764613e-02 4.37894140e-02
-1.67854539e-02 1.66039724e-02 4.46506277e-02
-1.71179775e-02 1.69343576e-02 4.55186286e-02
-1.74532679e-02 1.72675183e-02 4.63931269e-02
-1.77912219e-02 1.76033524e-02 4.72738230e-02
-1.81317326e-02 1.79417543e-02 4.81604078e-02
-1.84746895e-02 1.82826147e-02 4.90525619e-02
-1.88199784e-02 1.86258207e-02 4.99499566e-02
-1.91674811e-02 1.89712558e-02 5.08522528e-02
-1.95170762e-02 1.93187998e-02 5.17591017e-02
-1.98686381e-02 1.96683285e-02 5.26701442e-02
-2.02220377e-02 2.00197143e-02 5.35850113e-02
-2.05771420e-02 2.03728258e-02 5.45033242e-02
-2.09338144e-02 2.07275277e-02 5.54246937e-02
-2.12919145e-02 2.10836812e-02 5.63487209e-02
-2.16512982e-02 2.14411437e-02 5.72749969e-02
-2.20118177e-02 2.17997688e-02 5.82031030e-02
-2.23733215e-02 2.21594065e-02 5.91326109e-02
-2.27356546e-02 2.25199032e-02 6.00630824e-02
-2.30986584e-02 2.28811017e-02 6.09940703e-02
-2.34621708e-02 2.32428413e-02 6.19251178e-02
-2.38260262e-02 2.36049576e-02 6.28557591e-02
-2.41900556e-02 2.39672832e-02 6.37855194e-02
-2.45540867e-02 2.43296469e-02 6.47139155e-02
-2.49179442e-02 2.46918746e-02 6.56404556e-02
-2.52814494e-02 2.50537887e-02 6.65646396e-02
-2.56444205e-02 2.54152088e-02 6.74859598e-02
-2.60066730e-02 2.57759513e-02 6.84039007e-02
-2.63680196e-02 2.61358299e-02 6.93179397e-02
-2.67282699e-02 2.64946553e-02 7.02275471e-02
-2.70872312e-02 2.68522359e-02 7.11321867e-02
-2.74447084e-02 2.72083771e-02 7.20313161e-02
-2.78005038e-02 2.75628824e-02 7.29243870e-02
-2.81544176e-02 2.79155528e-02 7.38108457e-02
-2.85062479e-02 2.82661870e-02 7.46901334e-02
-2.88557911e-02 2.86145822e-02 7.55616868e-02
-2.92028414e-02 2.89605333e-02 7.64249384e-02
-2.95471918e-02 2.93038338e-02 7.72793167e-02
-2.98886336e-02 2.96442757e-02 7.81242473e-02
-3.02269570e-02 2.99816496e-02 7.89591529e-02
-3.05619507e-02 3.03157449e-02 7.97834537e-02
-3.08934029e-02 3.06463501e-02 8.05965682e-02
-3.12211008e-02 3.09732528e-02 8.13979136e-02
-3.15448310e-02 3.12962400e-02 8.21869062e-02
-3.18643797e-02 3.16150982e-02 8.29629621e-02
-3.21795328e-02 3.19296136e-02 8.37254975e-02
-3.24900764e-02 3.22395725e-02 8.44739295e-02
-3.27957965e-02 3.25447612e-02 8.52076762e-02
-3.30964794e-02 3.28449661e-02 8.59261577e-02
-3.33919122e-02 3.31399744e-02 8.66287967e-02
-3.36818826e-02 3.34295739e-02 8.73150185e-02
-3.39661791e-02 3.37135532e-02 8.79842520e-02
-3.42445915e-02 3.39917020e-02 8.86359302e-02
-3.45169109e-02 3.42638115e-02 8.92694905e-02
-3.47829298e-02 3.45296741e-02 8.98843758e-02
-3.50424426e-02 3.47890841e-02 9.04800345e-02
-3.52952456e-02 3.50418376e-02 9.10559214e-02
-3.55411371e-02 3.52877330e-02 9.16114981e-02
-3.57799179e-02 3.55265706e-02 9.21462336e-02
-3.60113914e-02 3.57581537e-02 9.26596050e-02
-3.62353635e-02 3.59822881e-02 9.31510979e-02
-3.64516434e-02 3.61987823e-02 9.36202071e-02
-3.66600430e-02 3.64074483e-02 9.40664370e-02
-3.68603780e-02 3.66081012e-02 9.44893021e-02
-3.70524675e-02 3.68005597e-02 9.48883279e-02
-3.72361341e-02 3.69846462e-02 9.52630511e-02
-3.74112048e-02 3.71601870e-02 9.56130202e-02
-3.75775103e-02 3.73270125e-02 9.59377960e-02
-3.77348860e-02 3.74849575e-02 9.62369525e-02
-3.78831716e-02 3.76338611e-02 9.65100768e-02
-3.80222114e-02 3.77735673e-02 9.67567699e-02
-3.81518549e-02 3.79039247e-02 9.69766474e-02
-3.82719563e-02 3.80247871e-02 9.71693396e-02
-3.83823754e-02 3.81360136e-02 9.73344922e-02
-3.84829771e-02 3.82374684e-02 9.74717666e-02
-3.85736320e-02 3.83290215e-02 9.75808407e-02
-3.86542165e-02 3.84105484e-02 9.76614087e-02
-3.87246126e-02 3.84819307e-02 9.77131822e-02
-3.87847086e-02 3.85430558e-02 9.77358900e-02
-3.88343990e-02 3.85938173e-02 9.77292792e-02
-3.88735845e-02 3.86341152e-02 9.76931146e-02
-3.89021722e-02 3.86638558e-02 9.76271800e-02
-3.89200759e-02 3.86829523e-02 9.75312779e-02
-3.89272161e-02 3.86913241e-02 9.74052303e-02
-3.89235202e-02 3.86888977e-02 9.72488785e-02
-3.89089222e-02 3.86756066e-02 9.70620837e-02
-3.88833635e-02 3.86513911e-02 9.68447272e-02
-3.88467925e-02 3.86161987e-02 9.65967107e-02
-3.87991648e-02 3.85699843e-02 9.63179563e-02
-3.87404433e-02 3.85127098e-02 9.60084070e-02
-3.86705983e-02 3.84443446e-02 9.56680266e-02
-3.85896076e-02 3.83648656e-02 9.52968001e-02
-3.84974563e-02 3.82742571e-02 9.48947337e-02
-3.83941374e-02 3.81725111e-02 9.44618548e-02
-3.82796511e-02 3.80596270e-02 9.39982123e-02
-3.81540056e-02 3.79356120e-02 9.35038768e-02
-3.80172164e-02 3.78004809e-02 9.29789401e-02
-3.78693071e-02 3.76542561e-02 9.24235157e-02
-3.77103085e-02 3.74969678e-02 9.18377387e-02
-3.75402595e-02 3.73286539e-02 9.12217658e-02
-3.73592066e-02 3.71493600e-02 9.05757750e-02
-3.71672038e-02 3.69591394e-02 8.98999658e-02
-3.69643130e-02 3.67580529e-02 8.91945591e-02
-3.67506035e-02 3.65461691e-02 8.84597968e-02
-3.65261523e-02 3.63235642e-02 8.76959421e-02
-3.62910439e-02 3.60903218e-02 8.69032790e-02
-3.60453705e-02 3.58465333e-02 8.60821122e-02
-3.57892314e-02 3.55922972e-02 8.52327668e-02
-3.55227333e-02 3.53277196e-02 8.43555883e-02
-3.52459905e-02 3.50529137e-02 8.34509423e-02
-3.49591240e-02 3.47680000e-02 8.25192139e-02
-3.46622624e-02 3.44731062e-02 8.15608079e-02
-3.43555408e-02 3.41683669e-02 8.05761478e-02
-3.40391015e-02 3.38539236e-02 7.95656764e-02
-3.37130936e-02 3.35299245e-02 7.85298545e-02
-3.33776725e-02 3.31965246e-02 7.74691612e-02
-3.30330004e-02 3.28538854e-02 7.63840930e-02
-3.26792457e-02 3.25021747e-02 7.52751638e-02
-3.23165833e-02 3.21415666e-02 7.41429041e-02
-3.19451937e-02 3.17722413e-02 7.29878608e-02
-3.15652637e-02 3.13943848e-02 7.18105966e-02
-3.11769857e-02 3.10081890e-02 7.06116895e-02
-3.07805576e-02 3.06138514e-02 6.93917323e-02
-3.03761828e-02 3.02115748e-02 6.81513323e-02
-2.99640699e-02 2.98015672e-02 6.68911103e-02
-2.95444325e-02 2.93840419e-02 6.56117004e-02
-2.91174889e-02 2.89592166e-02 6.43137493e-02
-2.86834622e-02 2.85273142e-02 6.29979158e-02
-2.82425798e-02 2.80885615e-02 6.16648701e-02
-2.77950735e-02 2.76431899e-02 6.03152933e-02
-2.73411788e-02 2.71914346e-02 5.89498767e-02
-2.68811352e-02 2.67335348e-02 5.75693210e-02
-2.64151858e-02 2.62697331e-02 5.61743363e-02
-2.59435770e-02 2.58002757e-02 5.47656405e-02
-2.54665581e-02 2.53254116e-02 5.33439596e-02
-2.49843816e-02 2.48453930e-02 5.19100264e-02
-2.44973026e-02 2.43604747e-02 5.04645801e-02
-2.40055784e-02 2.38709138e-02 4.90083655e-02
-2.35094687e-02 2.33769697e-02 4.75421324e-02
-2.30092352e-02 2.28789039e-02 4.60666350e-02
-2.25051411e-02 2.23769794e-02 4.45826311e-02
-2.19974512e-02 2.18714609e-02 4.30908816e-02
-2.14864317e-02 2.13626143e-02 4.15921494e-02
-2.09723495e-02 2.08507064e-02 4.00871993e-02
-2.04554725e-02 2.03360048e-02 3.85767968e-02
-1.99360690e-02 1.98187778e-02 3.70617077e-02
-1.94144075e-02 1.92992938e-02 3.55426975e-02
-1.88907569e-02 1.87778214e-02 3.40205304e-02
-1.83653855e-02 1.82546290e-02 3.24959691e-02
-1.78385615e-02 1.77299844e-02 3.09697735e-02
-1.73105522e-02 1.72041550e-02 2.94427008e-02
-1.67816241e-02 1.66774073e-02 2.79155043e-02
-1.62520427e-02 1.61500064e-02 2.63889329e-02
-1.57220720e-02 1.56222165e-02 2.48637305e-02
-1.51919746e-02 1.50942999e-02 2.33406355e-02
-1.46620111e-02 1.45665173e-02 2.18203799e-02
-1.41324404e-02 1.40391273e-02 2.03036890e-02
-1.36035188e-02 1.35123863e-02 1.87912806e-02
-1.30755006e-02 1.29865485e-02 1.72838646e-02
-1.25486371e-02 1.24618651e-02 1.57821421e-02
-1.20231772e-02 1.19385848e-02 1.42868054e-02
-1.14993663e-02 1.14169531e-02 1.27985368e-02
-1.09774469e-02 1.08972123e-02 1.13180086e-02
-1.04576581e-02 1.03796015e-02 9.84588257e-03
-9.94023531e-03 9.86435588e-03 8.38280895e-03
-9.42541026e-03 9.35170719e-03 6.92942654e-03
-8.91341073e-03 8.84188307e-03 5.48636194e-03
-8.40446045e-03 8.33510712e-03 4.05422922e-03
-7.89877887e-03 7.83159870e-03 2.63362942e-03
-7.39658106e-03 7.33157276e-03 1.22515022e-03
-6.89807758e-03 6.83523968e-03 -1.70634529e-04
-6.40347427e-03 6.34280521e-03 -1.55316512e-03
-5.91297219e-03 5.85447022e-03 -2.92189638e-03
-5.42676743e-03 5.37043068e-03 -4.27629798e-03
-4.94505106e-03 4.89087745e-03 -5.61585474e-03
-4.46800896e-03 4.41599624e-03 -6.94006697e-03
-3.99582172e-03 3.94596746e-03 -8.24845072e-03
-3.52866457e-03 3.48096614e-03 -9.54053801e-03
-3.06670726e-03 3.02116180e-03 -1.08158771e-02
-2.61011400e-03 2.56671842e-03 -1.20740327e-02
-2.15904334e-03 2.11779434e-03 -1.33145863e-02
-1.71364813e-03 1.67454213e-03 -1.45371359e-02
-1.27407547e-03 1.23710864e-03 -1.57412967e-02
-8.40466588e-04 8.05634828e-04 -1.69267010e-02
-4.12956859e-04 3.80255777e-04 -1.80929984e-02
8.32427914e-06 -3.88993726e-05 -1.92398557e-02
4.23253353e-04 -4.51707457e-04 -2.03669570e-02
8.31712885e-04 -8.58051320e-04 -2.14740042e-02
1.23359141e-03 -1.25781984e-03 -2.25607164e-02
1.62878352e-03 -1.65090793e-03 -2.36268304e-02
2.01718982e-03 -2.03721658e-03 -2.46721005e-02
2.39871700e-03 -2.41665282e-03 -2.56962983e-02
2.77327778e-03 -2.78912977e-03 -2.66992132e-02
3.14079092e-03 -3.15456656e-03 -2.76806517e-02
3.50118120e-03 -3.51288838e-03 -2.86404379e-02
3.85437942e-03 -3.86402643e-03 -2.95784130e-02
4.20032233e-03 -4.20791788e-03 -3.04944354e-02
4.53895264e-03 -4.54450585e-03 -3.13883803e-02
4.87021895e-03 -4.87373938e-03 -3.22601402e-02
5.19407573e-03 -5.19557338e-03 -3.31096240e-02
5.51048323e-03 -5.50996853e-03 -3.39367572e-02
5.81940747e-03 -5.81689132e-03 -3.47414817e-02
6.12082015e-03 -6.11631390e-03 -3.55237556e-02
6.41469859e-03 -6.40821404e-03 -3.62835529e-02
6.70102567e-03 -6.69257509e-03 -3.70208632e-02
6.97978972e-03 -6.96938585e-03 -3.77356917e-02
7.25098449e-03 -7.23864054e-03 -3.84280588e-02
7.51460901e-03 -7.50033867e-03 -3.90979999e-02
7.77066755e-03 -7.75448498e-03 -3.97455650e-02
8.01916948e-03 -8.00108934e-03 -4.03708184e-02
8.26012923e-03 -8.24016663e-03 -4.09738385e-02
8.49356611e-03 -8.47173668e-03 -4.15547177e-02
8.71950429e-03 -8.69582411e-03 -4.21135615e-02
8.93797263e-03 -8.91245829e-03 -4.26504888e-02
9.14900460e-03 -9.12167316e-03 -4.31656311e-02
9.35263815e-03 -9.32350716e-03 -4.36591323e-02
9.54891561e-03 -9.51800311e-03 -4.41311486e-02
9.73788355e-03 -9.70520806e-03 -4.45818478e-02
9.91959268e-03 -9.88517321e-03 -4.50114090e-02
1.00940977e-02 -1.00579537e-02 -4.54200224e-02
1.02614572e-02 -1.02236087e-02 -4.58078887e-02
1.04217336e-02 -1.03822010e-02 -4.61752190e-02
1.05749927e-02 -1.05337970e-02 -4.65222341e-02
1.07213041e-02 -1.06784667e-02 -4.68491643e-02
1.08607406e-02 -1.08162834e-02 -4.71562491e-02
1.09933783e-02 -1.09473236e-02 -4.74437366e-02
1.11192962e-02 -1.10716668e-02 -4.77118831e-02
1.12385765e-02 -1.11893958e-02 -4.79609531e-02
1.13513042e-02 -1.13005959e-02 -4.81912182e-02
1.14575668e-02 -1.14053552e-02 -4.84029577e-02
1.15574547e-02 -1.15037643e-02 -4.85964570e-02
1.16510603e-02 -1.15959163e-02 -4.87720083e-02
1.17384787e-02 -1.16819066e-02 -4.89299097e-02
1.18198068e-02 -1.17618326e-02 -4.90704646e-02
1.18951439e-02 -1.18357940e-02 -4.91939819e-02
1.19645909e-02 -1.19038920e-02 -4.93007751e-02
1.20282505e-02 -1.19662299e-02 -4.93911623e-02
1.20862272e-02 -1.20229124e-02 -4.94654656e-02
1.21386268e-02 -1.20740458e-02 -4.95240106e-02
1.21855567e-02 -1.21197376e-02 -4.95671265e-02
1.22271253e-02 -1.21600968e-02 -4.95951452e-02
1.22634424e-02 -1.21952333e-02 -4.96084015e-02
1.22946185e-02 -1.22252581e-02 -4.96072323e-02
1.23207653e-02 -1.22502829e-02 -4.95919764e-02
1.23419949e-02 -1.22704203e-02 -4.95629740e-02
1.23584205e-02 -1.22857834e-02 -4.95205670e-02
1.23701554e-02 -1.22964858e-02 -4.94650979e-02
1.23773136e-02 -1.23026418e-02 -4.93969097e-02
1.23800093e-02 -1.23043655e-02 -4.93163460e-02
1.23783570e-02 -1.23017714e-02 -4.92237502e-02
1.23724711e-02 -1.22949741e-02 -4.91194653e-02
1.23624661e-02 -1.22840882e-02 -4.90038340e-02
1.23484566e-02 -1.22692279e-02 -4.88771978e-02
1.23305567e-02 -1.22505074e-02 -4.87398972e-02
1.23088804e-02 -1.22280405e-02 -4.85922713e-02
1.22835411e-02 -1.22019405e-02 -4.84346574e-02
1.22546519e-02 -1.21723203e-02 -4.82673909e-02
1.22223253e-02 -1.21392922e-02 -4.80908052e-02
1.21866732e-02 -1.21029675e-02 -4.79052310e-02
1.21478066e-02 -1.20634572e-02 -4.77109965e-02
1.21058359e-02 -1.20208712e-02 -4.75084272e-02
1.20608704e-02 -1.19753184e-02 -4.72978452e-02
1.20130187e-02 -1.19269069e-02 -4.70795697e-02
1.19623882e-02 -1.18757436e-02 -4.68539162e-02
1.19090852e-02 -1.18219344e-02 -4.66211965e-02
1.18532149e-02 -1.17655841e-02 -4.63817188e-02
1.17948813e-02 -1.17067959e-02 -4.61357872e-02
1.17341871e-02 -1.16456721e-02 -4.58837017e-02
1.16712336e-02 -1.15823134e-02 -4.56257578e-02
1.16061209e-02 -1.15168194e-02 -4.53622470e-02
1.15389475e-02 -1.14492880e-02 -4.50934557e-02
1.14698105e-02 -1.13798156e-02 -4.48196659e-02
1.13988054e-02 -1.13084974e-02 -4.45411548e-02
1.13260262e-02 -1.12354268e-02 -4.42581946e-02
1.12515652e-02 -1.11606958e-02 -4.39710524e-02
1.11755134e-02 -1.10843944e-02 -4.36799903e-02
1.10979596e-02 -1.10066116e-02 -4.33852651e-02
1.10189913e-02 -1.09274342e-02 -4.30871284e-02
1.09386942e-02 -1.08469475e-02 -4.27858264e-02
1.08571520e-02 -1.07652353e-02 -4.24815999e-02
1.07744470e-02 -1.06823794e-02 -4.21746842e-02
1.06906594e-02 -1.05984599e-02 -4.18653093e-02
1.06058677e-02 -1.05135554e-02 -4.15536992e-02
1.05201487e-02 -1.04277426e-02 -4.12400729e-02
1.04335770e-02 -1.03410962e-02 -4.09246433e-02
1.03462258e-02 -1.02536897e-02 -4.06076180e-02
1.02581661e-02 -1.01655942e-02 -4.02891988e-02
1.01694672e-02 -1.00768794e-02 -3.99695821e-02
1.00801965e-02 -9.98761317e-03 -3.96489586e-02
9.99041959e-03 -9.89786152e-03 -3.93275132e-02
9.90020007e-03 -9.80768874e-03 -3.90054254e-02
9.80959979e-03 -9.71715729e-03 -3.86828693e-02
9.71867875e-03 -9.62632788e-03 -3.83600132e-02
9.62749507e-03 -9.53525946e-03 -3.80370202e-02
9.53610506e-03 -9.44400917e-03 -3.77140477e-02
9.44456324e-03 -9.35263242e-03 -3.73912478e-02
9.35292230e-03 -9.26118284e-03 -3.70687675e-02
9.26123315e-03 -9.16971232e-03 -3.67467482e-02
9.16954497e-03 -9.07827099e-03 -3.64253263e-02
9.07790517e-03 -8.98690726e-03 -3.61046331e-02
8.98635945e-03 -8.89566779e-03 -3.57847948e-02
8.89495183e-03 -8.80459756e-03 -3.54659325e-02
8.80372464e-03 -8.71373980e-03 -3.51481625e-02
8.71271858e-03 -8.62313606e-03 -3.48315964e-02
8.62197275e-03 -8.53282621e-03 -3.45163410e-02
8.53152464e-03 -8.44284845e-03 -3.42024984e-02
8.44141021e-03 -8.35323930e-03 -3.38901662e-02
8.35166387e-03 -8.26403367e-03 -3.35794376e-02
8.26231858e-03 -8.17526480e-03 -3.32704015e-02
8.17340581e-03 -8.08696435e-03 -3.29631424e-02
8.08495562e-03 -7.99916236e-03 -3.26577408e-02
7.99699668e-03 -7.91188730e-03 -3.23542730e-02
7.90955628e-03 -7.82516608e-03 -3.20528116e-02
7.82266043e-03 -7.73902406e-03 -3.17534251e-02
7.73633382e-03 -7.65348509e-03 -3.14561783e-02
7.65059990e-03 -7.56857151e-03 -3.11611326e-02
7.56548088e-03 -7.48430421e-03 -3.08683456e-02
7.48099780e-03 -7.40070259e-03 -3.05778716e-02
7.39717055e-03 -7.31778465e-03 -3.02897614e-02
7.31401789e-03 -7.23556699e-03 -3.00040628e-02
7.23155749e-03 -7.15406484e-03 -2.97208202e-02
7.14980596e-03 -7.07329209e-03 -2.94400751e-02
7.06877889e-03 -6.99326130e-03 -2.91618661e-02
6.98849087e-03 -6.91398378e-03 -2.88862289e-02
6.90895552e-03 -6.83546958e-03 -2.86131962e-02
6.83018551e-03 -6.75772755e-03 -2.83427984e-02
6.75219261e-03 -6.68076536e-03 -2.80750631e-02
6.67498769e-03 -6.60458954e-03 -2.78100154e-02
6.59858076e-03 -6.52920554e-03 -2.75476780e-02
6.52298099e-03 -6.45461773e-03 -2.72880713e-02
6.44819673e-03 -6.38082947e-03 -2.70312133e-02
6.37423551e-03 -6.30784314e-03 -2.67771201e-02
6.30110413e-03 -6.23566021e-03 -2.65258053e-02
6.22880858e-03 -6.16428123e-03 -2.62772808e-02
6.15735413e-03 -6.09370591e-03 -2.60315564e-02
6.08674534e-03 -6.02393317e-03 -2.57886401e-02
6.01698603e-03 -5.95496116e-03 -2.55485378e-02
5.94807935e-03 -5.88678732e-03 -2.53112540e-02
5.88002775e-03 -5.81940843e-03 -2.50767913e-02
5.81283303e-03 -5.75282062e-03 -2.48451507e-02
5.74649633e-03 -5.68701948e-03 -2.46163317e-02
5.68101815e-03 -5.62200004e-03 -2.43903321e-02
5.61639834e-03 -5.55775685e-03 -2.41671485e-02
5.55263615e-03 -5.49428402e-03 -2.39467759e-02
5.48973021e-03 -5.43157525e-03 -2.37292081e-02
5.42767857e-03 -5.36962387e-03 -2.35144374e-02
5.36647866e-03 -5.30842292e-03 -2.33024552e-02
5.30612736e-03 -5.24796512e-03 -2.30932513e-02
5.24662097e-03 -5.18824299e-03 -2.28868148e-02
5.18795524e-03 -5.12924880e-03 -2.26831334e-02
5.13012535e-03 -5.07097468e-03 -2.24821938e-02
5.07312600e-03 -5.01341262e-03 -2.22839819e-02
5.01695131e-03 -4.95655450e-03 -2.20884824e-02
4.96159493e-03 -4.90039211e-03 -2.18956793e-02
4.90705000e-03 -4.84491721e-03 -2.17055558e-02
4.85330918e-03 -4.79012154e-03 -2.15180940e-02
4.80036467e-03 -4.73599682e-03 -2.13332755e-02
4.74820822e-03 -4.68253482e-03 -2.11510811e-02
4.69683113e-03 -4.62972731e-03 -2.09714910e-02
4.64622431e-03 -4.57756617e-03 -2.07944846e-02
4.59637825e-03 -4.52604330e-03 -2.06200407e-02
4.54728309e-03 -4.47515071e-03 -2.04481379e-02
4.49892858e-03 -4.42488050e-03 -2.02787538e-02
4.45130417e-03 -4.37522488e-03 -2.01118659e-02
4.40439896e-03 -4.32617615e-03 -1.99474511e-02
4.35820178e-03 -4.27772673e-03 -1.97854859e-02
4.31270120e-03 -4.22986914e-03 -1.96259465e-02
4.26788555e-03 -4.18259604e-03 -1.94688087e-02
4.22374292e-03 -4.13590015e-03 -1.93140481e-02
4.18026124e-03 -4.08977435e-03 -1.91616400e-02
4.13742826e-03 -4.04421159e-03 -1.90115594e-02
4.09523160e-03 -3.99920490e-03 -1.88637812e-02
4.05365877e-03 -3.95474742e-03 -1.87182802e-02
4.01269720e-03 -3.91083236e-03 -1.85750309e-02
3.97233427e-03 -3.86745299e-03 -1.84340079e-02
3.93255733e-03 -3.82460262e-03 -1.82951855e-02
3.89335374e-03 -3.78227461e-03 -1.81585382e-02
3.85471088e-03 -3.74046237e-03 -1.80240402e-02
3.81661619e-03 -3.69915928e-03 -1.78916661e-02
3.77905718e-03 -3.65835875e-03 -1.77613902e-02
3.74202149e-03 -3.61805418e-03 -1.76331870e-02
3.70549687e-03 -3.57823894e-03 -1.75070311e-02
3.66947125e-03 -3.53890634e-03 -1.73828970e-02
3.63393271e-03 -3.50004967e-03 -1.72607596e-02
3.59886955e-03 -3.46166213e-03 -1.71405938e-02
3.56427029e-03 -3.42373685e-03 -1.70223747e-02
3.53012367e-03 -3.38626689e-03 -1.69060775e-02
3.49641871e-03 -3.34924518e-03 -1.67916778e-02
3.46314468e-03 -3.31266457e-03 -1.66791512e-02
3.43029116e-03 -3.27651777e-03 -1.65684737e-02
3.39784800e-03 -3.24079740e-03 -1.64596213e-02
3.36580538e-03 -3.20549590e-03 -1.63525706e-02
3.33415379e-03 -3.17060563e-03 -1.62472981e-02
3.30288405e-03 -3.13611878e-03 -1.61437810e-02
3.27198730e-03 -3.10202740e-03 -1.60419964e-02
3.24145503e-03 -3.06832340e-03 -1.59419220e-02
3.21127905e-03 -3.03499857e-03 -1.58435357e-02
3.18145150e-03 -3.00204452e-03 -1.57468158e-02
3.15196486e-03 -2.96945276e-03 -1.56517408e-02
3.12281196e-03 -2.93721465e-03 -1.55582896e-02
3.09398591e-03 -2.90532143e-03 -1.54664416e-02
3.06548017e-03 -2.87376422e-03 -1.53761764e-02
3.03728849e-03 -2.84253401e-03 -1.52874742e-02
3.00940492e-03 -2.81162172e-03 -1.52003152e-02
2.98182379e-03 -2.78101816e-03 -1.51146803e-02
2.95453971e-03 -2.75071405e-03 -1.50305507e-02
2.92754754e-03 -2.72070005e-03 -1.49479080e-02
2.90084239e-03 -2.69096678e-03 -1.48667342e-02
2.87441958e-03 -2.66150480e-03 -1.47870118e-02
2.84827465e-03 -2.63230463e-03 -1.47087235e-02
2.82240334e-03 -2.60335682e-03 -1.46318526e-02
2.79680154e-03 -2.57465188e-03 -1.45563828e-02
2.77146531e-03 -2.54618037e-03 -1.44822980e-02
2.74639084e-03 -2.51793286e-03 -1.44095829e-02
2.72157442e-03 -2.48989998e-03 -1.43382222e-02
2.69701247e-03 -2.46207245e-03 -1.42682013e-02
2.67270145e-03 -2.43444105e-03 -1.41995059e-02
2.64863789e-03 -2.40699666e-03 -1.41321221e-02
2.62481837e-03 -2.37973029e-03 -1.40660365e-02
2.60123947e-03 -2.35263307e-03 -1.40012360e-02
2.57789780e-03 -2.32569628e-03 -1.39377080e-02
2.55478992e-03 -2.29891137e-03 -1.38754401e-02
2.53191239e-03 -2.27226997e-03 -1.38144204e-02
2.50926170e-03 -2.24576389e-03 -1.37546374e-02
2.48683430e-03 -2.21938513e-03 -1.36960799e-02
2.46462655e-03 -2.19312595e-03 -1.36387370e-02
2.44263473e-03 -2.16697879e-03 -1.35825983e-02
2.42085502e-03 -2.14093637e-03 -1.35276535e-02
2.39928348e-03 -2.11499163e-03 -1.34738928e-02
2.37791608e-03 -2.08913778e-03 -1.34213066e-02
2.35674865e-03 -2.06336830e-03 -1.33698855e-02
2.33577687e-03 -2.03767694e-03 -1.33196205e-02
2.31499631e-03 -2.01205774e-03 -1.32705027e-02
2.29440239e-03 -1.98650501e-03 -1.32225236e-02
2.27399039e-03 -1.96101338e-03 -1.31756747e-02
2.25375544e-03 -1.93557776e-03 -1.31299477e-02
2.23369252e-03 -1.91019335e-03 -1.30853346e-02
2.21379649e-03 -1.88485568e-03 -1.30418274e-02
2.19406203e-03 -1.85956058e-03 -1.29994182e-02
2.17448372e-03 -1.83430416e-03 -1.29580992e-02
2.15505599e-03 -1.80908287e-03 -1.29178627e-02
2.13577314e-03 -1.78389345e-03 -1.28787009e-02
2.11662935e-03 -1.75873295e-03 -1.28406062e-02
2.09761869e-03 -1.73359874e-03 -1.28035709e-02
2.07873510e-03 -1.70848845e-03 -1.27675870e-02
2.05997247e-03 -1.68340007e-03 -1.27326469e-02
2.04132454e-03 -1.65833183e-03 -1.26987425e-02
2.02278503e-03 -1.63328230e-03 -1.26658656e-02
2.00434755e-03 -1.60825032e-03 -1.26340082e-02
1.98600567e-03 -1.58323502e-03 -1.26031616e-02
1.96775292e-03 -1.55823580e-03 -1.25733173e-02
1.94958277e-03 -1.53325237e-03 -1.25444664e-02
1.93148870e-03 -1.50828468e-03 -1.25165997e-02
1.91346416e-03 -1.48333298e-03 -1.24897079e-02
1.89550261e-03 -1.45839775e-03 -1.24637810e-02
1.87759750e-03 -1.43347977e-03 -1.24388092e-02
1.85974234e-03 -1.40858003e-03 -1.24147818e-02
1.84193066e-03 -1.38369980e-03 -1.23916882e-02
1.82415604e-03 -1.35884058e-03 -1.23695171e-02
1.80641211e-03 -1.33400413e-03 -1.23482568e-02
1.78869260e-03 -1.30919241e-03 -1.23278953e-02
1.77099128e-03 -1.28440764e-03 -1.23084201e-02
1.75330205e-03 -1.25965224e-03 -1.22898180e-02
1.73561889e-03 -1.23492887e-03 -1.22720758e-02
1.71793591e-03 -1.21024040e-03 -1.22551792e-02
1.70024734e-03 -1.18558989e-03 -1.22391138e-02
1.68254751e-03 -1.16098063e-03 -1.22238646e-02
1.66483093e-03 -1.13641610e-03 -1.22094158e-02
1.64709223e-03 -1.11189998e-03 -1.21957514e-02
1.62932622e-03 -1.08743614e-03 -1.21828546e-02
1.61152783e-03 -1.06302864e-03 -1.21707081e-02
1.59369220e-03 -1.03868173e-03 -1.21592939e-02
1.57581462e-03 -1.01439982e-03 -1.21485937e-02
1.55789056e-03 -9.90187516e-04 -1.21385882e-02
1.53991569e-03 -9.66049592e-04 -1.21292580e-02
1.52188585e-03 -9.41990983e-04 -1.21205826e-02
1.50379708e-03 -9.18016794e-04 -1.21125411e-02
1.48564561e-03 -8.94132286e-04 -1.21051122e-02
1.46742789e-03 -8.70342878e-04 -1.20982737e-02
1.44914055e-03 -8.46654139e-04 -1.20920029e-02
1.43078044e-03 -8.23071789e-04 -1.20862765e-02
1.41234461e-03 -7.99601687e-04 -1.20810706e-02
1.39383033e-03 -7.76249833e-04 -1.20763608e-02
1.37523506e-03 -7.53022363e-04 -1.20721219e-02
1.35655651e-03 -7.29925541e-04 -1.20683283e-02
1.33779257e-03 -7.06965757e-04 -1.20649537e-02
1.31894136e-03 -6.84149522e-04 -1.20619714e-02
1.30000123e-03 -6.61483463e-04 -1.20593539e-02
1.28097071e-03 -6.38974318e-04 -1.20570733e-02
1.26184859e-03 -6.16628930e-04 -1.20551011e-02
1.24263386e-03 -5.94454241e-04 -1.20534084e-02
1.22332573e-03 -5.72457289e-04 -1.20519656e-02
1.20392362e-03 -5.50645201e-04 -1.20507427e-02
1.18442719e-03 -5.29025186e-04 -1.20497090e-02
1.16483631e-03 -5.07604529e-04 -1.20488336e-02
1.14515107e-03 -4.86390588e-04 -1.20480850e-02
1.12537177e-03 -4.65390782e-04 -1.20474312e-02
1.10549895e-03 -4.44612590e-04 -1.20468398e-02
1.08553336e-03 -4.24063541e-04 -1.20462780e-02
1.06547596e-03 -4.03751205e-04 -1.20457126e-02
1.04532795e-03 -3.83683191e-04 -1.20451099e-02
1.02509073e-03 -3.63867138e-04 -1.20444359e-02
1.00476594e-03 -3.44310704e-04 -1.20436563e-02
9.84355414e-04 -3.25021562e-04 -1.20427363e-02
9.63861230e-04 -3.06007394e-04 -1.20416411e-02
9.43285668e-04 -2.87275876e-04 -1.20403352e-02
9.22631231e-04 -2.68834679e-04 -1.20387832e-02
9.01900640e-04 -2.50691454e-04 -1.20369492e-02
8.81096830e-04 -2.32853826e-04 -1.20347972e-02
8.60222954e-04 -2.15329389e-04 -1.20322909e-02
8.39282381e-04 -1.98125692e-04 -1.20293939e-02
8.18278693e-04 -1.81250234e-04 -1.20260697e-02
7.97215684e-04 -1.64710458e-04 -1.20222816e-02
7.76097363e-04 -1.48513736e-04 -1.20179928e-02
7.54927947e-04 -1.32667365e-04 -1.20131664e-02
7.33711864e-04 -1.17178560e-04 -1.20077655e-02
7.12453748e-04 -1.02054441e-04 -1.20017532e-02
6.91158440e-04 -8.73020278e-05 -1.19950926e-02
6.69830984e-04 -7.29282302e-05 -1.19877469e-02
6.48476626e-04 -5.89398403e-05 -1.19796793e-02
6.27100810e-04 -4.53435236e-05 -1.19708530e-02
6.05709180e-04 -3.21458114e-05 -1.19612317e-02
5.84307569e-04 -1.93530918e-05 -1.19507788e-02
5.62902006e-04 -6.97160200e-06 -1.19394582e-02
5.41498703e-04 4.99257955e-06 -1.19272341e-02
5.20104060e-04 1.65335414e-05 -1.19140707e-02
4.98724655e-04 2.76455469e-05 -1.18999326e-02
4.77367246e-04 3.83230416e-05 -1.18847849e-02
4.56038762e-04 4.85606608e-05 -1.18685928e-02
4.34746300e-04 5.83532372e-05 -1.18513221e-02
4.13497122e-04 6.76958080e-05 -1.18329390e-02
3.92298651e-04 7.65836216e-05 -1.18134100e-02
3.71158462e-04 8.50121450e-05 -1.17927023e-02
3.50084281e-04 9.29770699e-05 -1.17707836e-02
3.29083977e-04 1.00474319e-04 -1.17476220e-02
3.08165560e-04 1.07500054e-04 -1.17231865e-02
2.87337172e-04 1.14050679e-04 -1.16974464e-02
2.66607080e-04 1.20122848e-04 -1.16703719e-02
2.45983676e-04 1.25713469e-04 -1.16419338e-02
2.25475462e-04 1.30819711e-04 -1.16121036e-02
2.05091053e-04 1.35439008e-04 -1.15808536e-02
1.84839163e-04 1.39569065e-04 -1.15481570e-02
1.64728601e-04 1.43207859e-04 -1.15139876e-02
1.44768264e-04 1.46353647e-04 -1.14783202e-02
1.24967133e-04 1.49004969e-04 -1.14411304e-02
1.05334257e-04 1.51160650e-04 -1.14023949e-02
8.58787565e-05 1.52819804e-04 -1.13620909e-02
6.66098076e-05 1.53981839e-04 -1.13201971e-02
4.75366388e-05 1.54646457e-04 -1.12766927e-02
2.86685215e-05 1.54813657e-04 -1.12315583e-02
1.00147627e-05 1.54483737e-04 -1.11847753e-02
-8.41530329e-06 1.53657298e-04 -1.11363263e-02
-2.66123230e-05 1.52335243e-04 -1.10861948e-02
-4.45669319e-05 1.50518776e-04 -1.10343656e-02
-6.22697627e-05 1.48209409e-04 -1.09808245e-02
-7.97114539e-05 1.45408956e-04 -1.09255585e-02
-9.68826583e-05 1.42119539e-04 -1.08685557e-02
-1.13774052e-04 1.38343582e-04 -1.08098055e-02
-1.30376341e-04 1.34083814e-04 -1.07492983e-02
-1.46680274e-04 1.29343267e-04 -1.06870259e-02
-1.62676648e-04 1.24125278e-04 -1.06229813e-02
-1.78356316e-04 1.18433480e-04 -1.05571586e-02
-1.93710202e-04 1.12271810e-04 -1.04895533e-02
-2.08729302e-04 1.05644500e-04 -1.04201620e-02
-2.23404700e-04 9.85560750e-05 -1.03489828e-02
-2.37727572e-04 9.10113550e-05 -1.02760150e-02
-2.51689198e-04 8.30154480e-05 -1.02012590e-02
-2.65280970e-04 7.45737482e-05 -1.01247167e-02
-2.78494403e-04 6.56919327e-05 -1.00463913e-02
-2.91321140e-04 5.63759577e-05 -9.96628722e-03
-3.03752966e-04 4.66320544e-05 -9.88441022e-03
-3.15781814e-04 3.64667252e-05 -9.80076737e-03
-3.27399774e-04 2.58867393e-05 -9.71536708e-03
-3.38599104e-04 1.48991279e-05 -9.62821903e-03
-3.49372239e-04 3.51117931e-06 -9.53933425e-03
-3.59711796e-04 -8.26956558e-06 -9.44872505e-03
-3.69610589e-04 -2.04353190e-05 -9.35640507e-03
-3.79061633e-04 -3.29780515e-05 -9.26238925e-03
-3.88058156e-04 -4.58894975e-05 -9.16669380e-03
-3.96593604e-04 -5.91611612e-05 -9.06933625e-03
-4.04661653e-04 -7.27843225e-05 -8.97033539e-03
-4.12256216e-04 -8.67500432e-05 -8.86971129e-03
-4.19371450e-04 -1.01049173e-04 -8.76748528e-03
-4.26001768e-04 -1.15672356e-04 -8.66367995e-03
-4.32141842e-04 -1.30610038e-04 -8.55831911e-03
-4.37786614e-04 -1.45852473e-04 -8.45142781e-03
-4.42931303e-04 -1.61389729e-04 -8.34303230e-03
-4.47571411e-04 -1.77211696e-04 -8.23316001e-03
-4.51702732e-04 -1.93308094e-04 -8.12183958e-03
-4.55321359e-04 -2.09668478e-04 -8.00910077e-03
-4.58423689e-04 -2.26282249e-04 -7.89497451e-03
-4.61006430e-04 -2.43138659e-04 -7.77949284e-03
-4.63066607e-04 -2.60226819e-04 -7.66268888e-03
-4.64601571e-04 -2.77535707e-04 -7.54459684e-03
-4.65609000e-04 -2.95054178e-04 -7.42525199e-03
-4.66086905e-04 -3.12770969e-04 -7.30469060e-03
-4.66033641e-04 -3.30674710e-04 -7.18294997e-03
-4.65447901e-04 -3.48753932e-04 -7.06006837e-03
-4.64328732e-04 -3.66997074e-04 -6.93608501e-03
-4.62675530e-04 -3.85392494e-04 -6.81104003e-03
-4.60488048e-04 -4.03928475e-04 -6.68497444e-03
-4.57766400e-04 -4.22593237e-04 -6.55793015e-03
-4.54511060e-04 -4.41374945e-04 -6.42994987e-03
-4.50722870e-04 -4.60261716e-04 -6.30107713e-03
-4.46403036e-04 -4.79241634e-04 -6.17135622e-03
-4.41553137e-04 -4.98302753e-04 -6.04083216e-03
-4.36175119e-04 -5.17433110e-04 -5.90955070e-03
