1.31091295e-07 2.85038916e-09 -2.26201284e-07
9.77975318e-07 4.00734867e-08 -1.67865368e-06
3.06767190e-06 1.84095415e-07 -5.23188173e-06
6.73600311e-06 5.29862355e-07 -1.14003087e-05
1.21450076e-05 1.17990243e-06 -2.03700345e-05
1.93022427e-05 2.23425324e-06 -3.20364028e-05
2.80810227e-05 3.78397623e-06 -4.60445360e-05
3.82408241e-05 5.90728280e-06 -6.18306754e-05
4.94472462e-05 8.66753376e-06 -7.86627146e-05
6.12910664e-05 1.21125571e-05 -9.56787584e-05
7.33060517e-05 1.62748707e-05 -1.11922902e-04
8.49852963e-05 2.11725048e-05 -1.26377717e-04
9.57959454e-05 2.68102020e-05 -1.37993157e-04
1.05192238e-04 3.31808341e-05 -1.45711772e-04
1.12626857e-04 4.02669222e-05 -1.48490267e-04
1.17560630e-04 4.80421817e-05 -1.45317516e-04
1.19470644e-04 5.64730378e-05 -1.35229244e-04
1.17856874e-04 6.55200773e-05 -1.17319615e-04
1.12247431e-04 7.51394139e-05 -9.07499956e-05
1.02202567e-04 8.52839548e-05 -5.47552009e-05
8.73175473e-05 9.59045628e-05 -8.64749322e-06
6.72245210e-05 1.06951111e-04 4.81813600e-05
4.15935255e-05 1.18373431e-04 1.16259702e-04
1.01327330e-05 1.30122162e-04 1.96037015e-04
-2.74119439e-05 1.42149490e-04 2.87886115e-04
-7.12577800e-05 1.54409808e-04 3.92106296e-04
-1.21586607e-04 1.66860268e-04 5.08927224e-04
-1.78546530e-04 1.79461262e-04 6.38513398e-04
-2.42253927e-04 1.92176811e-04 7.80969026e-04
-3.12795635e-04 2.04974885e-04 9.36343180e-04
-3.90231301e-04 2.17827650e-04 1.10463510e-03
-4.74595801e-04 2.30711642e-04 1.28579955e-03
-5.65901720e-04 2.43607885e-04 1.47975218e-03
-6.64141824e-04 2.56501950e-04 1.68637474e-03
-7.69291521e-04 2.69383959e-04 1.90552020e-03
-8.81311253e-04 2.82248538e-04 2.13701760e-03
-1.00014882e-03 2.95094730e-04 2.38067673e-03
-1.12574163e-03 3.07925861e-04 2.63629254e-03
-1.25801878e-03 3.20749382e-04 2.90364922e-03
-1.39690315e-03 3.33576665e-04 3.18252408e-03
-1.54231322e-03 3.46422780e-04 3.47269109e-03
-1.69416487e-03 3.59306254e-04 3.77392410e-03
-1.85237301e-03 3.72248796e-04 4.08599984e-03
-2.01685313e-03 3.85275025e-04 4.40870057e-03
-2.18752263e-03 3.98412175e-04 4.74181652e-03
-2.36430211e-03 4.11689793e-04 5.08514797e-03
-2.54711654e-03 4.25139444e-04 5.43850720e-03
-2.73589621e-03 4.38794402e-04 5.80172012e-03
-2.93057772e-03 4.52689348e-04 6.17462765e-03
-3.13110474e-03 4.66860081e-04 6.55708699e-03
-3.33742873e-03 4.81343225e-04 6.94897257e-03
-3.54950952e-03 4.96175950e-04 7.35017693e-03
-3.76731586e-03 5.11395710e-04 7.76061131e-03
-3.99082581e-03 5.27039988e-04 8.18020619e-03
-4.22002713e-03 5.43146059e-04 8.60891163e-03
-4.45491750e-03 5.59750770e-04 9.04669743e-03
-4.69550475e-03 5.76890336e-04 9.49355328e-03
-4.94180700e-03 5.94600155e-04 9.94948870e-03
-5.19385271e-03 6.12914640e-04 1.04145329e-02
-5.45168071e-03 6.31867075e-04 1.08887346e-02
-5.71534018e-03 6.51489482e-04 1.13721617e-02
-5.98489054e-03 6.71812514e-04 1.18649008e-02
-6.26040132e-03 6.92865365e-04 1.23670569e-02
-6.54195203e-03 7.14675693e-04 1.28787529e-02
-6.82963193e-03 7.37269571e-04 1.34001287e-02
-7.12353978e-03 7.60671445e-04 1.39313412e-02
-7.42378362e-03 7.84904112e-04 1.44725629e-02
-7.73048040e-03 8.09988718e-04 1.50239818e-02
-8.04375575e-03 8.35944760e-04 1.55858003e-02
-8.36374355e-03 8.62790113e-04 1.61582347e-02
-8.69058562e-03 8.90541058e-04 1.67415140e-02
-9.02443136e-03 9.19212333e-04 1.73358796e-02
-9.36543727e-03 9.48817180e-04 1.79415841e-02
-9.71376665e-03 9.79367415e-04 1.85588908e-02
-1.00695891e-02 1.01087349e-03 1.91880722e-02
-1.04330801e-02 1.04334459e-03 1.98294100e-02
-1.08044206e-02 1.07678869e-03 2.04831935e-02
-1.11837966e-02 1.11121264e-03 2.11497191e-02
-1.15713987e-02 1.14662230e-03 2.18292892e-02
-1.19674214e-02 1.18302258e-03 2.25222115e-02
-1.23720632e-02 1.22041756e-03 2.32287982e-02
-1.27855255e-02 1.25881055e-03 2.39493647e-02
-1.32080126e-02 1.29820426e-03 2.46842292e-02
-1.36397310e-02 1.33860079e-03 2.54337115e-02
-1.40808891e-02 1.38000180e-03 2.61981322e-02
-1.45316966e-02 1.42240855e-03 2.69778122e-02
-1.49923643e-02 1.46582199e-03 2.77730713e-02
-1.54631033e-02 1.51024287e-03 2.85842275e-02
-1.59441247e-02 1.55567176e-03 2.94115967e-02
-1.64356393e-02 1.60210917e-03 3.02554911e-02
-1.69378572e-02 1.64955558e-03 3.11162191e-02
-1.74509869e-02 1.69801152e-03 3.19940838e-02
-1.79752356e-02 1.74747759e-03 3.28893831e-02
-1.85108080e-02 1.79795455e-03 3.38024080e-02
-1.90579067e-02 1.84944333e-03 3.47334427e-02
-1.96167310e-02 1.90194508e-03 3.56827632e-02
-2.01874773e-02 1.95546118e-03 3.66506370e-02
-2.07703381e-02 2.00999328e-03 3.76373224e-02
-2.13655018e-02 2.06554332e-03 3.86430673e-02
-2.19731524e-02 2.12211351e-03 3.96681095e-02
-2.25934693e-02 2.17970638e-03 4.07126749e-02
-2.32266265e-02 2.23832475e-03 4.17769778e-02
-2.38727926e-02 2.29797172e-03 4.28612200e-02
-2.45321305e-02 2.35865070e-03 4.39655897e-02
-2.52047967e-02 2.42036533e-03 4.50902618e-02
-2.58909415e-02 2.48311954e-03 4.62353967e-02
-2.65907082e-02 2.54691746e-03 4.74011400e-02
-2.73042330e-02 2.61176343e-03 4.85876218e-02
-2.80316448e-02 2.67766197e-03 4.97949563e-02
-2.87730649e-02 2.74461773e-03 5.10232415e-02
-2.95286064e-02 2.81263548e-03 5.22725583e-02
-3.02983744e-02 2.88172005e-03 5.35429704e-02
-3.10824652e-02 2.95187631e-03 5.48345236e-02
-3.18809665e-02 3.02310911e-03 5.61472455e-02
-3.26939571e-02 3.09542327e-03 5.74811453e-02
-3.35215063e-02 3.16882352e-03 5.88362128e-02
-3.43636740e-02 3.24331445e-03 6.02124187e-02
-3.52205103e-02 3.31890048e-03 6.16097138e-02
-3.60920555e-02 3.39558583e-03 6.30280289e-02
-3.69783396e-02 3.47337446e-03 6.44672743e-02
-3.78793821e-02 3.55227003e-03 6.59273394e-02
-3.87951921e-02 3.63227587e-03 6.74080929e-02
-3.97257678e-02 3.71339494e-03 6.89093820e-02
-4.06710966e-02 3.79562981e-03 7.04310322e-02
-4.16311544e-02 3.87898257e-03 7.19728476e-02
-4.26059061e-02 3.96345487e-03 7.35346097e-02
-4.35953049e-02 4.04904784e-03 7.51160783e-02
-4.45992925e-02 4.13576207e-03 7.67169903e-02
-4.56177985e-02 4.22359760e-03 7.83370604e-02
-4.66507409e-02 4.31255388e-03 7.99759801e-02
-4.76980253e-02 4.40262974e-03 8.16334185e-02
-4.87595452e-02 4.49382338e-03 8.33090212e-02
-4.98351817e-02 4.58613238e-03 8.50024109e-02
-5.09248035e-02 4.67955363e-03 8.67131872e-02
-5.20282665e-02 4.77408335e-03 8.84409262e-02
-5.31454142e-02 4.86971710e-03 9.01851808e-02
-5.42760770e-02 4.96644970e-03 9.19454805e-02
-5.54200728e-02 5.06427532e-03 9.37213315e-02
-5.65772062e-02 5.16318741e-03 9.55122166e-02
-5.77472690e-02 5.26317870e-03 9.73175954e-02
-5.89300398e-02 5.36424125e-03 9.91369042e-02
-6.01252842e-02 5.46636639e-03 1.00969556e-01
-6.13327545e-02 5.56954479e-03 1.02814941e-01
-6.25521899e-02 5.67376642e-03 1.04672425e-01
-6.37833164e-02 5.77902056e-03 1.06541354e-01
-6.50258467e-02 5.88529583e-03 1.08421049e-01
-6.62794803e-02 5.99258022e-03 1.10310808e-01
-6.75439035e-02 6.10086104e-03 1.12209909e-01
-6.88187892e-02 6.21012501e-03 1.14117606e-01
-7.01037975e-02 6.32035821e-03 1.16033131e-01
-7.13985751e-02 6.43154614e-03 1.17955696e-01
-7.27027557e-02 6.54367373e-03 1.19884491e-01
-7.40159600e-02 6.65672534e-03 1.21818684e-01
-7.53377957e-02 6.77068479e-03 1.23757425e-01
-7.66678578e-02 6.88553540e-03 1.25699840e-01
-7.80057284e-02 7.00125997e-03 1.27645039e-01
-7.93509771e-02 7.11784085e-03 1.29592109e-01
-8.07031609e-02 7.23525990e-03 1.31540122e-01
-8.20618247e-02 7.35349857e-03 1.33488127e-01
-8.34265008e-02 7.47253788e-03 1.35435157e-01
-8.47967097e-02 7.59235848e-03 1.37380229e-01
-8.61719601e-02 7.71294061e-03 1.39322339e-01
-8.75517490e-02 7.83426419e-03 1.41260472e-01
-8.89355618e-02 7.95630880e-03 1.43193591e-01
-9.03228729e-02 8.07905369e-03 1.45120647e-01
-9.17131456e-02 8.20247784e-03 1.47040578e-01
-9.31058325e-02 8.32655995e-03 1.48952303e-01
-9.45003756e-02 8.45127846e-03 1.50854733e-01
-9.58962070e-02 8.57661157e-03 1.52746762e-01
-9.72927485e-02 8.70253728e-03 1.54627274e-01
-9.86894126e-02 8.82903336e-03 1.56495142e-01
-1.00085603e-01 8.95607742e-03 1.58349228e-01
-1.01480712e-01 9.08364687e-03 1.60188385e-01
-1.02874128e-01 9.21171899e-03 1.62011456e-01
-1.04265226e-01 9.34027091e-03 1.63817277e-01
-1.05653378e-01 9.46927962e-03 1.65604675e-01
-1.07037943e-01 9.59872200e-03 1.67372475e-01
-1.08418279e-01 9.72857484e-03 1.69119491e-01
-1.09793732e-01 9.85881483e-03 1.70844536e-01
-1.11163646e-01 9.98941857e-03 1.72546419e-01
-1.12527357e-01 1.01203626e-02 1.74223947e-01
-1.13884195e-01 1.02516234e-02 1.75875922e-01
-1.15233488e-01 1.03831774e-02 1.77501149e-01
-1.16574556e-01 1.05150010e-02 1.79098433e-01
-1.17906719e-01 1.06470705e-02 1.80666577e-01
-1.19229289e-01 1.07793623e-02 1.82204390e-01
-1.20541581e-01 1.09118527e-02 1.83710683e-01
-1.21842902e-01 1.10445179e-02 1.85184271e-01
-1.23132560e-01 1.11773344e-02 1.86623975e-01
-1.24409861e-01 1.13102783e-02 1.88028623e-01
-1.25674111e-01 1.14433260e-02 1.89397048e-01
-1.26924616e-01 1.15764539e-02 1.90728096e-01
-1.28160680e-01 1.17096382e-02 1.92020619e-01
-1.29381611e-01 1.18428555e-02 1.93273482e-01
-1.30586717e-01 1.19760820e-02 1.94485560e-01
-1.31775307e-01 1.21092943e-02 1.95655743e-01
-1.32946695e-01 1.22424689e-02 1.96782935e-01
-1.34100196e-01 1.23755823e-02 1.97866054e-01
-1.35235131e-01 1.25086112e-02 1.98904035e-01
-1.36350825e-01 1.26415323e-02 1.99895829e-01
-1.37446606e-01 1.27743223e-02 2.00840409e-01
-1.38521809e-01 1.29069580e-02 2.01736764e-01
-1.39575777e-01 1.30394165e-02 2.02583905e-01
-1.40607857e-01 1.31716747e-02 2.03380866e-01
-1.41617404e-01 1.33037096e-02 2.04126700e-01
-1.42603784e-01 1.34354986e-02 2.04820489e-01
-1.43566367e-01 1.35670190e-02 2.05461335e-01
-1.44504536e-01 1.36982482e-02 2.06048369e-01
-1.45417681e-01 1.38291637e-02 2.06580748e-01
-1.46305205e-01 1.39597433e-02 2.07057656e-01
-1.47166521e-01 1.40899647e-02 2.07478307e-01
-1.48001053e-01 1.42198061e-02 2.07841944e-01
-1.48808236e-01 1.43492454e-02 2.08147840e-01
-1.49587522e-01 1.44782611e-02 2.08395302e-01
-1.50338371e-01 1.46068315e-02 2.08583667e-01
-1.51060260e-01 1.47349353e-02 2.08712306e-01
-1.51752680e-01 1.48625514e-02 2.08780624e-01
-1.52415136e-01 1.49896587e-02 2.08788063e-01
-1.53047149e-01 1.51162364e-02 2.08734097e-01
-1.53648255e-01 1.52422640e-02 2.08618239e-01
-1.54218008e-01 1.53677211e-02 2.08440039e-01
-1.54755977e-01 1.54925876e-02 2.08199084e-01
-1.55261750e-01 1.56168435e-02 2.07895000e-01
-1.55734931e-01 1.57404693e-02 2.07527452e-01
-1.56175144e-01 1.58634453e-02 2.07096145e-01
-1.56582030e-01 1.59857526e-02 2.06600822e-01
-1.56955250e-01 1.61073722e-02 2.06041271e-01
-1.57294483e-01 1.62282854e-02 2.05417317e-01
-1.57599430e-01 1.63484739e-02 2.04728829e-01
-1.57869811e-01 1.64679196e-02 2.03975717e-01
-1.58105366e-01 1.65866047e-02 2.03157934e-01
-1.58305856e-01 1.67045117e-02 2.02275474e-01
-1.58471064e-01 1.68216234e-02 2.01328376e-01
-1.58600792e-01 1.69379230e-02 2.00316722e-01
-1.58694866e-01 1.70533938e-02 1.99240635e-01
-1.58753133e-01 1.71680196e-02 1.98100283e-01
-1.58775461e-01 1.72817844e-02 1.96895878e-01
-1.58761742e-01 1.73946727e-02 1.95627674e-01
-1.58711889e-01 1.75066692e-02 1.94295970e-01
-1.58625837e-01 1.76177589e-02 1.92901109e-01
-1.58503547e-01 1.77279272e-02 1.91443474e-01
-1.58344998e-01 1.78371599e-02 1.89923495e-01
-1.58150196e-01 1.79454430e-02 1.88341643e-01
-1.57919166e-01 1.80527631e-02 1.86698433e-01
-1.57651960e-01 1.81591068e-02 1.84994422e-01
-1.57348649e-01 1.82644613e-02 1.83230209e-01
-1.57009331e-01 1.83688142e-02 1.81406436e-01
-1.56634122e-01 1.84721531e-02 1.79523784e-01
-1.56223166e-01 1.85744664e-02 1.77582979e-01
-1.55776626e-01 1.86757426e-02 1.75584783e-01
-1.55294688e-01 1.87759706e-02 1.73530003e-01
-1.54777563e-01 1.88751396e-02 1.71419480e-01
-1.54225481e-01 1.89732392e-02 1.69254099e-01
-1.53638697e-01 1.90702595e-02 1.67034779e-01
-1.53017486e-01 1.91661907e-02 1.64762480e-01
-1.52362147e-01 1.92610235e-02 1.62438195e-01
-1.51672998e-01 1.93547489e-02 1.60062956e-01
-1.50950378e-01 1.94473583e-02 1.57637830e-01
-1.50194651e-01 1.95388434e-02 1.55163915e-01
-1.49406197e-01 1.96291961e-02 1.52642346e-01
-1.48585420e-01 1.97184090e-02 1.50074290e-01
-1.47732740e-01 1.98064746e-02 1.47460943e-01
-1.46848600e-01 1.98933861e-02 1.44803533e-01
-1.45933462e-01 1.99791368e-02 1.42103319e-01
-1.44987805e-01 2.00637205e-02 1.39361586e-01
-1.44012127e-01 2.01471311e-02 1.36579647e-01
-1.43006945e-01 2.02293630e-02 1.33758842e-01
-1.41972793e-01 2.03104109e-02 1.30900536e-01
-1.40910221e-01 2.03902697e-02 1.28006117e-01
-1.39819797e-01 2.04689347e-02 1.25076995e-01
-1.38702105e-01 2.05464015e-02 1.22114605e-01
-1.37557742e-01 2.06226660e-02 1.19120398e-01
-1.36387324e-01 2.06977243e-02 1.16095846e-01
-1.35191479e-01 2.07715730e-02 1.13042440e-01
-1.33970848e-01 2.08442087e-02 1.09961686e-01
-1.32726088e-01 2.09156286e-02 1.06855105e-01
-1.31457866e-01 2.09858300e-02 1.03724231e-01
-1.30166862e-01 2.10548105e-02 1.00570613e-01
-1.28853769e-01 2.11225680e-02 9.73958106e-02
-1.27519289e-01 2.11891006e-02 9.42013914e-02
-1.26164135e-01 2.12544068e-02 9.09889329e-02
-1.24789028e-01 2.13184853e-02 8.77600198e-02
-1.23394702e-01 2.13813350e-02 8.45162423e-02
-1.21981895e-01 2.14429552e-02 8.12591950e-02
-1.20551355e-01 2.15033453e-02 7.79904758e-02
-1.19103837e-01 2.15625051e-02 7.47116841e-02
-1.17640100e-01 2.16204346e-02 7.14244199e-02
-1.16160912e-01 2.16771339e-02 6.81302821e-02
-1.14667045e-01 2.17326037e-02 6.48308672e-02
-1.13159273e-01 2.17868446e-02 6.15277683e-02
-1.11638376e-01 2.18398577e-02 5.82225733e-02
-1.10105138e-01 2.18916441e-02 5.49168639e-02
-1.08560343e-01 2.19422052e-02 5.16122144e-02
-1.07004777e-01 2.19915429e-02 4.83101898e-02
-1.05439229e-01 2.20396591e-02 4.50123455e-02
-1.03864486e-01 2.20865559e-02 4.17202251e-02
-1.02281336e-01 2.21322357e-02 3.84353598e-02
-1.00690565e-01 2.21767012e-02 3.51592670e-02
-9.90929596e-02 2.22199553e-02 3.18934489e-02
-9.74893021e-02 2.22620011e-02 2.86393916e-02
-9.58803727e-02 2.23028419e-02 2.53985639e-02
-9.42669481e-02 2.23424813e-02 2.21724162e-02
-9.26498010e-02 2.23809231e-02 1.89623792e-02
-9.10296992e-02 2.24181713e-02 1.57698631e-02
-8.94074055e-02 2.24542301e-02 1.25962564e-02
-8.77836765e-02 2.24891041e-02 9.44292502e-03
-8.61592628e-02 2.25227980e-02 6.31121113e-03
-8.45349075e-02 2.25553166e-02 3.20243241e-03
-8.29113465e-02 2.25866652e-02 1.17881008e-04
-8.12893076e-02 2.26168490e-02 -2.94117729e-03
-7.96695098e-02 2.26458737e-02 -5.97350391e-03
-7.80526632e-02 2.26737450e-02 -8.97788833e-03
-7.64394681e-02 2.27004691e-02 -1.19531488e-02
-7.48306148e-02 2.27260521e-02 -1.48981332e-02
-7.32267831e-02 2.27505005e-02 -1.78117195e-02
-7.16286416e-02 2.27738209e-02 -2.06928167e-02
-7.00368477e-02 2.27960203e-02 -2.35403653e-02
-6.84520468e-02 2.28171057e-02 -2.63533381e-02
-6.68748719e-02 2.28370844e-02 -2.91307403e-02
-6.53059437e-02 2.28559639e-02 -3.18716105e-02
-6.37458696e-02 2.28737519e-02 -3.45750208e-02
-6.21952437e-02 2.28904563e-02 -3.72400777e-02
-6.06546464e-02 2.29060853e-02 -3.98659218e-02
-5.91246442e-02 2.29206471e-02 -4.24517289e-02
-5.76057891e-02 2.29341502e-02 -4.49967099e-02
-5.60986187e-02 2.29466034e-02 -4.75001111e-02
-5.46036556e-02 2.29580154e-02 -4.99612144e-02
-5.31214075e-02 2.29683953e-02 -5.23793377e-02
-5.16523665e-02 2.29777524e-02 -5.47538351e-02
-5.01970094e-02 2.29860961e-02 -5.70840966e-02
-4.87557973e-02 2.29934360e-02 -5.93695486e-02
-4.73291753e-02 2.29997819e-02 -6.16096538e-02
-4.59175726e-02 2.30051436e-02 -6.38039113e-02
-4.45214021e-02 2.30095312e-02 -6.59518563e-02
-4.31410606e-02 2.30129551e-02 -6.80530605e-02
-4.17769284e-02 2.30154255e-02 -7.01071313e-02
-4.04293695e-02 2.30169532e-02 -7.21137126e-02
-3.90987312e-02 2.30175486e-02 -7.40724837e-02
-3.77853445e-02 2.30172228e-02 -7.59831596e-02
-3.64895236e-02 2.30159866e-02 -7.78454910e-02
-3.52115664e-02 2.30138511e-02 -7.96592632e-02
-3.39517538e-02 2.30108276e-02 -8.14242967e-02
-3.27103507e-02 2.30069274e-02 -8.31404462e-02
-3.14876051e-02 2.30021620e-02 -8.48076006e-02
-3.02837487e-02 2.29965428e-02 -8.64256826e-02
-2.90989970e-02 2.29900817e-02 -8.79946481e-02
-2.79335489e-02 2.29827903e-02 -8.95144856e-02
-2.67875873e-02 2.29746804e-02 -9.09852164e-02
-2.56612792e-02 2.29657641e-02 -9.24068933e-02
-2.45547755e-02 2.29560532e-02 -9.37796006e-02
-2.34682114e-02 2.29455600e-02 -9.51034532e-02
-2.24017064e-02 2.29342965e-02 -9.63785964e-02
-2.13553648e-02 2.29222750e-02 -9.76052050e-02
-2.03292755e-02 2.29095077e-02 -9.87834827e-02
-1.93235124e-02 2.28960069e-02 -9.99136617e-02
-1.83381344e-02 2.28817850e-02 -1.00996002e-01
-1.73731862e-02 2.28668543e-02 -1.02030790e-01
-1.64286977e-02 2.28512273e-02 -1.03018339e-01
-1.55046851e-02 2.28349164e-02 -1.03958987e-01
-1.46011502e-02 2.28179340e-02 -1.04853100e-01
-1.37180817e-02 2.28002927e-02 -1.05701063e-01
-1.28554548e-02 2.27820048e-02 -1.06503290e-01
-1.20132314e-02 2.27630829e-02 -1.07260213e-01
-1.11913610e-02 2.27435393e-02 -1.07972288e-01
-1.03897804e-02 2.27233866e-02 -1.08639993e-01
-9.60841439e-03 2.27026371e-02 -1.09263825e-01
-8.84717574e-03 2.26813033e-02 -1.09844301e-01
-8.10596581e-03 2.26593975e-02 -1.10381956e-01
-7.38467469e-03 2.26369320e-02 -1.10877344e-01
-6.68318160e-03 2.26139192e-02 -1.11331037e-01
-6.00135519e-03 2.25903711e-02 -1.11743621e-01
-5.33905389e-03 2.25663001e-02 -1.12115699e-01
-4.69612623e-03 2.25417182e-02 -1.12447889e-01
-4.07241122e-03 2.25166374e-02 -1.12740823e-01
-3.46773865e-03 2.24910699e-02 -1.12995145e-01
-2.88192946e-03 2.24650274e-02 -1.13211512e-01
-2.31479609e-03 2.24385217e-02 -1.13390593e-01
-1.76614280e-03 2.24115648e-02 -1.13533067e-01
-1.23576608e-03 2.23841680e-02 -1.13639624e-01
-7.23454927e-04 2.23563431e-02 -1.13710963e-01
-2.28991241e-04 2.23281015e-02 -1.13747790e-01
2.47849836e-04 2.22994546e-02 -1.13750821e-01
7.07299572e-04 2.22704135e-02 -1.13720776e-01
1.14959530e-03 2.22409895e-02 -1.13658385e-01
1.57498008e-03 2.22111935e-02 -1.13564379e-01
1.98370233e-03 2.21810365e-02 -1.13439497e-01
2.37601553e-03 2.21505292e-02 -1.13284480e-01
2.75217782e-03 2.21196824e-02 -1.13100074e-01
3.11245173e-03 2.20885064e-02 -1.12887027e-01
3.45710381e-03 2.20570118e-02 -1.12646088e-01
3.78640433e-03 2.20252089e-02 -1.12378007e-01
4.10062692e-03 2.19931076e-02 -1.12083536e-01
4.40004828e-03 2.19607181e-02 -1.11763427e-01
4.68494785e-03 2.19280501e-02 -1.11418430e-01
4.95560752e-03 2.18951135e-02 -1.11049293e-01
5.21231132e-03 2.18619177e-02 -1.10656765e-01
5.45534508e-03 2.18284722e-02 -1.10241590e-01
5.68499622e-03 2.17947862e-02 -1.09804510e-01
5.90155338e-03 2.17608689e-02 -1.09346262e-01
6.10530620e-03 2.17267292e-02 -1.08867582e-01
6.29654499e-03 2.16923760e-02 -1.08369198e-01
6.47556051e-03 2.16578178e-02 -1.07851834e-01
6.64264370e-03 2.16230633e-02 -1.07316209e-01
6.79808540e-03 2.15881207e-02 -1.06763036e-01
6.94217611e-03 2.15529983e-02 -1.06193020e-01
7.07520578e-03 2.15177040e-02 -1.05606861e-01
7.19746352e-03 2.14822458e-02 -1.05005250e-01
7.30923744e-03 2.14466314e-02 -1.04388870e-01
7.41081437e-03 2.14108683e-02 -1.03758399e-01
7.50247968e-03 2.13749640e-02 -1.03114502e-01
7.58451707e-03 2.13389257e-02 -1.02457839e-01
7.65720837e-03 2.13027605e-02 -1.01789059e-01
7.72083335e-03 2.12664753e-02 -1.01108802e-01
7.77566955e-03 2.12300769e-02 -1.00417697e-01
7.82199207e-03 2.11935720e-02 -9.97163655e-02
7.86007345e-03 2.11569669e-02 -9.90054171e-02
7.89018347e-03 2.11202681e-02 -9.82854513e-02
7.91258903e-03 2.10834817e-02 -9.75570570e-02
7.92755398e-03 2.10466136e-02 -9.68208121e-02
7.93533899e-03 2.10096698e-02 -9.60772834e-02
7.93620143e-03 2.09726560e-02 -9.53270266e-02
7.93039523e-03 2.09355777e-02 -9.45705861e-02
7.91817078e-03 2.08984404e-02 -9.38084946e-02
7.89977481e-03 2.08612493e-02 -9.30412733e-02
7.87545031e-03 2.08240096e-02 -9.22694316e-02
7.84543639e-03 2.07867262e-02 -9.14934671e-02
7.80996826e-03 2.07494041e-02 -9.07138657e-02
7.76927707e-03 2.07120478e-02 -8.99311010e-02
7.72358992e-03 2.06746621e-02 -8.91456348e-02
7.67312971e-03 2.06372512e-02 -8.83579170e-02
7.61811516e-03 2.05998197e-02 -8.75683853e-02
7.55876069e-03 2.05623716e-02 -8.67774652e-02
7.49527640e-03 2.05249110e-02 -8.59855706e-02
7.42786803e-03 2.04874418e-02 -8.51931029e-02
7.35673691e-03 2.04499679e-02 -8.44004518e-02
7.28207996e-03 2.04124929e-02 -8.36079950e-02
7.20408962e-03 2.03750203e-02 -8.28160983e-02
7.12295388e-03 2.03375538e-02 -8.20251155e-02
7.03885620e-03 2.03000966e-02 -8.12353889e-02
6.95197558e-03 2.02626518e-02 -8.04472490e-02
6.86248650e-03 2.02252228e-02 -7.96610147e-02
6.77055894e-03 2.01878124e-02 -7.88769933e-02
6.67635840e-03 2.01504236e-02 -7.80954811e-02
6.58004587e-03 2.01130592e-02 -7.73167627e-02
6.48177788e-03 2.00757220e-02 -7.65411118e-02
6.38170652e-03 2.00384144e-02 -7.57687911e-02
6.27997944e-03 2.00011392e-02 -7.50000524e-02
6.17673989e-03 1.99638986e-02 -7.42351369e-02
6.07212676e-03 1.99266951e-02 -7.34742749e-02
5.96627457e-03 1.98895309e-02 -7.27176868e-02
5.85931359e-03 1.98524081e-02 -7.19655823e-02
5.75136978e-03 1.98153290e-02 -7.12181613e-02
5.64256494e-03 1.97782954e-02 -7.04756138e-02
5.53301665e-03 1.97413094e-02 -6.97381200e-02
5.42283840e-03 1.97043729e-02 -6.90058505e-02
5.31213962e-03 1.96674875e-02 -6.82789666e-02
5.20102570e-03 1.96306551e-02 -6.75576206e-02
5.08959810e-03 1.95938772e-02 -6.68419556e-02
4.97795438e-03 1.95571556e-02 -6.61321061e-02
4.86618825e-03 1.95204917e-02 -6.54281978e-02
4.75438967e-03 1.94838871e-02 -6.47303482e-02
4.64264486e-03 1.94473430e-02 -6.40386666e-02
4.53103642e-03 1.94108610e-02 -6.33532542e-02
4.41964339e-03 1.93744422e-02 -6.26742045e-02
4.30854126e-03 1.93380881e-02 -6.20016036e-02
4.19780213e-03 1.93017997e-02 -6.13355297e-02
4.08749469e-03 1.92655782e-02 -6.06760545e-02
3.97768437e-03 1.92294248e-02 -6.00232421e-02
3.86843337e-03 1.91933406e-02 -5.93771503e-02
3.75980072e-03 1.91573264e-02 -5.87378301e-02
3.65184241e-03 1.91213835e-02 -5.81053263e-02
3.54461140e-03 1.90855126e-02 -5.74796772e-02
3.43815773e-03 1.90497148e-02 -5.68609155e-02
3.33252859e-03 1.90139909e-02 -5.62490681e-02
3.22776841e-03 1.89783417e-02 -5.56441560e-02
3.12391888e-03 1.89427681e-02 -5.50461953e-02
3.02101908e-03 1.89072708e-02 -5.44551965e-02
2.91910555e-03 1.88718507e-02 -5.38711654e-02
2.81821233e-03 1.88365084e-02 -5.32941028e-02
2.71837106e-03 1.88012447e-02 -5.27240050e-02
2.61961104e-03 1.87660602e-02 -5.21608640e-02
2.52195933e-03 1.87309556e-02 -5.16046671e-02
2.42544078e-03 1.86959315e-02 -5.10553981e-02
2.33007813e-03 1.86609885e-02 -5.05130365e-02
2.23589209e-03 1.86261273e-02 -4.99775583e-02
2.14290137e-03 1.85913483e-02 -4.94489358e-02
2.05112278e-03 1.85566522e-02 -4.89271379e-02
1.96057132e-03 1.85220394e-02 -4.84121305e-02
1.87126019e-03 1.84875106e-02 -4.79038762e-02
1.78320090e-03 1.84530661e-02 -4.74023349e-02
1.69640331e-03 1.84187065e-02 -4.69074635e-02
1.61087574e-03 1.83844323e-02 -4.64192165e-02
1.52662495e-03 1.83502438e-02 -4.59375459e-02
1.44365631e-03 1.83161417e-02 -4.54624013e-02
1.36197376e-03 1.82821262e-02 -4.49937303e-02
1.28157994e-03 1.82481978e-02 -4.45314783e-02
1.20247621e-03 1.82143569e-02 -4.40755889e-02
1.12466273e-03 1.81806039e-02 -4.36260039e-02
1.04813851e-03 1.81469391e-02 -4.31826635e-02
9.72901451e-04 1.81133631e-02 -4.27455061e-02
8.98948422e-04 1.80798760e-02 -4.23144691e-02
8.26275296e-04 1.80464783e-02 -4.18894883e-02
7.54877009e-04 1.80131704e-02 -4.14704984e-02
6.84747607e-04 1.79799524e-02 -4.10574332e-02
6.15880296e-04 1.79468249e-02 -4.06502252e-02
5.48267488e-04 1.79137880e-02 -4.02488063e-02
4.81900848e-04 1.78808421e-02 -3.98531075e-02
4.16771340e-04 1.78479875e-02 -3.94630590e-02
3.52869269e-04 1.78152245e-02 -3.90785908e-02
2.90184322e-04 1.77825533e-02 -3.86996319e-02
2.28705611e-04 1.77499743e-02 -3.83261112e-02
1.68421712e-04 1.77174876e-02 -3.79579571e-02
1.09320703e-04 1.76850936e-02 -3.75950979e-02
5.13902005e-05 1.76527924e-02 -3.72374615e-02
-5.38260413e-06 1.76205844e-02 -3.68849758e-02
-6.10109099e-05 1.75884697e-02 -3.65375686e-02
-1.15508273e-04 1.75564486e-02 -3.61951678e-02
-1.68888577e-04 1.75245212e-02 -3.58577013e-02
-2.21165997e-04 1.74926878e-02 -3.55250969e-02
-2.72354976e-04 1.74609486e-02 -3.51972830e-02
-3.22470191e-04 1.74293038e-02 -3.48741880e-02
-3.71526529e-04 1.73977534e-02 -3.45557406e-02
-4.19539061e-04 1.73662978e-02 -3.42418698e-02
-4.66523015e-04 1.73349370e-02 -3.39325051e-02
-5.12493751e-04 1.73036712e-02 -3.36275762e-02
-5.57466742e-04 1.72725006e-02 -3.33270136e-02
-6.01457549e-04 1.72414252e-02 -3.30307479e-02
-6.44481800e-04 1.72104452e-02 -3.27387105e-02
-6.86555173e-04 1.71795608e-02 -3.24508334e-02
-7.27693373e-04 1.71487719e-02 -3.21670489e-02
-7.67912117e-04 1.71180787e-02 -3.18872902e-02
-8.07227115e-04 1.70874813e-02 -3.16114910e-02
-8.45654056e-04 1.70569797e-02 -3.13395858e-02
-8.83208589e-04 1.70265740e-02 -3.10715097e-02
-9.19906314e-04 1.69962643e-02 -3.08071986e-02
-9.55762763e-04 1.69660506e-02 -3.05465889e-02
-9.90793390e-04 1.69359330e-02 -3.02896181e-02
-1.02501356e-03 1.69059114e-02 -3.00362242e-02
-1.05843853e-03 1.68759858e-02 -2.97863461e-02
-1.09108345e-03 1.68461564e-02 -2.95399236e-02
-1.12296336e-03 1.68164230e-02 -2.92968970e-02
-1.15409313e-03 1.67867856e-02 -2.90572077e-02
-1.18448753e-03 1.67572443e-02 -2.88207978e-02
-1.21416117e-03 1.67277989e-02 -2.85876103e-02
-1.24312849e-03 1.66984495e-02 -2.83575889e-02
-1.27140379e-03 1.66691960e-02 -2.81306783e-02
-1.29900118e-03 1.66400382e-02 -2.79068240e-02
-1.32593461e-03 1.66109762e-02 -2.76859723e-02
-1.35221785e-03 1.65820098e-02 -2.74680704e-02
-1.37786448e-03 1.65531390e-02 -2.72530662e-02
-1.40288791e-03 1.65243635e-02 -2.70409088e-02
-1.42730133e-03 1.64956834e-02 -2.68315477e-02
-1.45111775e-03 1.64670985e-02 -2.66249336e-02
-1.47434999e-03 1.64386086e-02 -2.64210179e-02
-1.49701067e-03 1.64102136e-02 -2.62197528e-02
-1.51911219e-03 1.63819133e-02 -2.60210914e-02
-1.54066676e-03 1.63537076e-02 -2.58249877e-02
-1.56168639e-03 1.63255963e-02 -2.56313962e-02
-1.58218287e-03 1.62975792e-02 -2.54402727e-02
-1.60216780e-03 1.62696561e-02 -2.52515734e-02
-1.62165256e-03 1.62418268e-02 -2.50652555e-02
-1.64064833e-03 1.62140911e-02 -2.48812771e-02
-1.65916607e-03 1.61864488e-02 -2.46995967e-02
-1.67721657e-03 1.61588997e-02 -2.45201740e-02
-1.69481037e-03 1.61314434e-02 -2.43429693e-02
-1.71195782e-03 1.61040799e-02 -2.41679435e-02
-1.72866909e-03 1.60768087e-02 -2.39950586e-02
-1.74495412e-03 1.60496297e-02 -2.38242771e-02
-1.76082265e-03 1.60225426e-02 -2.36555622e-02
-1.77628423e-03 1.59955471e-02 -2.34888780e-02
-1.79134821e-03 1.59686429e-02 -2.33241892e-02
-1.80602375e-03 1.59418298e-02 -2.31614612e-02
-1.82031981e-03 1.59151074e-02 -2.30006600e-02
-1.83424515e-03 1.58884755e-02 -2.28417526e-02
-1.84780835e-03 1.58619337e-02 -2.26847063e-02
-1.86101780e-03 1.58354817e-02 -2.25294893e-02
-1.87388172e-03 1.58091192e-02 -2.23760704e-02
-1.88640811e-03 1.57828459e-02 -2.22244188e-02
-1.89860484e-03 1.57566615e-02 -2.20745047e-02
-1.91047956e-03 1.57305656e-02 -2.19262987e-02
-1.92203976e-03 1.57045578e-02 -2.17797721e-02
-1.93329278e-03 1.56786378e-02 -2.16348966e-02
-1.94424575e-03 1.56528054e-02 -2.14916446e-02
-1.95490568e-03 1.56270600e-02 -2.13499892e-02
-1.96527937e-03 1.56014014e-02 -2.12099040e-02
-1.97537349e-03 1.55758293e-02 -2.10713628e-02
-1.98519456e-03 1.55503431e-02 -2.09343405e-02
-1.99474891e-03 1.55249426e-02 -2.07988122e-02
-2.00404275e-03 1.54996275e-02 -2.06647535e-02
-2.01308213e-03 1.54743972e-02 -2.05321405e-02
-2.02187296e-03 1.54492515e-02 -2.04009501e-02
-2.03042100e-03 1.54241900e-02 -2.02711592e-02
-2.03873186e-03 1.53992122e-02 -2.01427456e-02
-2.04681105e-03 1.53743179e-02 -2.00156872e-02
-2.05466390e-03 1.53495066e-02 -1.98899628e-02
-2.06229565e-03 1.53247779e-02 -1.97655512e-02
-2.06971138e-03 1.53001314e-02 -1.96424318e-02
-2.07691605e-03 1.52755668e-02 -1.95205846e-02
-2.08391453e-03 1.52510837e-02 -1.93999898e-02
-2.09071152e-03 1.52266816e-02 -1.92806279e-02
-2.09731164e-03 1.52023603e-02 -1.91624802e-02
-2.10371939e-03 1.51781192e-02 -1.90455281e-02
-2.10993914e-03 1.51539580e-02 -1.89297533e-02
-2.11597516e-03 1.51298764e-02 -1.88151381e-02
-2.12183162e-03 1.51058739e-02 -1.87016651e-02
-2.12751260e-03 1.50819501e-02 -1.85893171e-02
-2.13302203e-03 1.50581046e-02 -1.84780775e-02
-2.13836380e-03 1.50343371e-02 -1.83679298e-02
-2.14354165e-03 1.50106471e-02 -1.82588580e-02
-2.14855927e-03 1.49870344e-02 -1.81508463e-02
-2.15342024e-03 1.49634984e-02 -1.80438793e-02
-2.15812805e-03 1.49400388e-02 -1.79379419e-02
-2.16268609e-03 1.49166552e-02 -1.78330192e-02
-2.16709769e-03 1.48933473e-02 -1.77290967e-02
-2.17136608e-03 1.48701146e-02 -1.76261602e-02
-2.17549442e-03 1.48469568e-02 -1.75241956e-02
-2.17948579e-03 1.48238735e-02 -1.74231894e-02
-2.18334318e-03 1.48008644e-02 -1.73231281e-02
-2.18706952e-03 1.47779289e-02 -1.72239984e-02
-2.19066767e-03 1.47550669e-02 -1.71257876e-02
-2.19414041e-03 1.47322779e-02 -1.70284828e-02
-2.19749045e-03 1.47095615e-02 -1.69320718e-02
-2.20072044e-03 1.46869175e-02 -1.68365423e-02
-2.20383296e-03 1.46643453e-02 -1.67418823e-02
-2.20683053e-03 1.46418447e-02 -1.66480801e-02
-2.20971561e-03 1.46194153e-02 -1.65551242e-02
-2.21249060e-03 1.45970568e-02 -1.64630033e-02
-2.21515783e-03 1.45747688e-02 -1.63717063e-02
-2.21771959e-03 1.45525510e-02 -1.62812223e-02
-2.22017810e-03 1.45304029e-02 -1.61915406e-02
-2.22253554e-03 1.45083244e-02 -1.61026508e-02
-2.22479403e-03 1.44863150e-02 -1.60145424e-02
-2.22695563e-03 1.44643744e-02 -1.59272055e-02
-2.22902237e-03 1.44425022e-02 -1.58406300e-02
-2.23099623e-03 1.44206982e-02 -1.57548063e-02
-2.23287912e-03 1.43989621e-02 -1.56697246e-02
-2.23467292e-03 1.43772934e-02 -1.55853757e-02
-2.23637948e-03 1.43556919e-02 -1.55017502e-02
-2.23800057e-03 1.43341572e-02 -1.54188390e-02
-2.23953797e-03 1.43126891e-02 -1.53366333e-02
-2.24099336e-03 1.42912872e-02 -1.52551242e-02
-2.24236843e-03 1.42699512e-02 -1.51743031e-02
-2.24366481e-03 1.42486808e-02 -1.50941615e-02
-2.24488408e-03 1.42274758e-02 -1.50146911e-02
-2.24602780e-03 1.42063358e-02 -1.49358838e-02
-2.24709751e-03 1.41852604e-02 -1.48577313e-02
-2.24809467e-03 1.41642495e-02 -1.47802259e-02
-2.24902075e-03 1.41433027e-02 -1.47033597e-02
-2.24987716e-03 1.41224198e-02 -1.46271250e-02
-2.25066530e-03 1.41016004e-02 -1.45515144e-02
-2.25138652e-03 1.40808443e-02 -1.44765203e-02
-2.25204214e-03 1.40601512e-02 -1.44021356e-02
-2.25263347e-03 1.40395208e-02 -1.43283531e-02
-2.25316177e-03 1.40189528e-02 -1.42551656e-02
-2.25362828e-03 1.39984470e-02 -1.41825663e-02
-2.25403422e-03 1.39780031e-02 -1.41105482e-02
-2.25438077e-03 1.39576208e-02 -1.40391048e-02
-2.25466910e-03 1.39372998e-02 -1.39682294e-02
-2.25490033e-03 1.39170399e-02 -1.38979154e-02
-2.25507558e-03 1.38968409e-02 -1.38281565e-02
-2.25519594e-03 1.38767024e-02 -1.37589464e-02
-2.25526247e-03 1.38566242e-02 -1.36902789e-02
-2.25527622e-03 1.38366061e-02 -1.36221478e-02
-2.25523819e-03 1.38166478e-02 -1.35545471e-02
-2.25514939e-03 1.37967489e-02 -1.34874710e-02
-2.25501080e-03 1.37769094e-02 -1.34209136e-02
-2.25482337e-03 1.37571289e-02 -1.33548692e-02
-2.25458803e-03 1.37374072e-02 -1.32893321e-02
-2.25430571e-03 1.37177440e-02 -1.32242967e-02
-2.25397730e-03 1.36981391e-02 -1.31597577e-02
-2.25360368e-03 1.36785922e-02 -1.30957096e-02
-2.25318571e-03 1.36591032e-02 -1.30321471e-02
-2.25272423e-03 1.36396716e-02 -1.29690651e-02
-2.25222006e-03 1.36202974e-02 -1.29064583e-02
-2.25167403e-03 1.36009802e-02 -1.28443216e-02
-2.25108691e-03 1.35817198e-02 -1.27826502e-02
-2.25045949e-03 1.35625160e-02 -1.27214392e-02
-2.24979252e-03 1.35433685e-02 -1.26606836e-02
-2.24908675e-03 1.35242771e-02 -1.26003787e-02
-2.24834292e-03 1.35052416e-02 -1.25405199e-02
-2.24756173e-03 1.34862616e-02 -1.24811025e-02
-2.24674388e-03 1.34673370e-02 -1.24221220e-02
-2.24589007e-03 1.34484675e-02 -1.23635739e-02
-2.24500096e-03 1.34296529e-02 -1.23054539e-02
-2.24407722e-03 1.34108930e-02 -1.22477575e-02
-2.24311949e-03 1.33921874e-02 -1.21904806e-02
-2.24212841e-03 1.33735360e-02 -1.21336188e-02
-2.24110459e-03 1.33549384e-02 -1.20771682e-02
-2.24004865e-03 1.33363946e-02 -1.20211246e-02
-2.23896118e-03 1.33179042e-02 -1.19654840e-02
-2.23784277e-03 1.32994669e-02 -1.19102424e-02
-2.23669398e-03 1.32810826e-02 -1.18553959e-02
-2.23551540e-03 1.32627510e-02 -1.18009408e-02
-2.23430755e-03 1.32444718e-02 -1.17468733e-02
-2.23307098e-03 1.32262448e-02 -1.16931896e-02
-2.23180623e-03 1.32080697e-02 -1.16398860e-02
-2.23051381e-03 1.31899464e-02 -1.15869591e-02
-2.22919423e-03 1.31718745e-02 -1.15344052e-02
-2.22784799e-03 1.31538539e-02 -1.14822208e-02
-2.22647557e-03 1.31358841e-02 -1.14304025e-02
-2.22507746e-03 1.31179651e-02 -1.13789469e-02
-2.22365413e-03 1.31000965e-02 -1.13278507e-02
-2.22220603e-03 1.30822782e-02 -1.12771105e-02
-2.22073361e-03 1.30645098e-02 -1.12267232e-02
-2.21923732e-03 1.30467910e-02 -1.11766855e-02
-2.21771760e-03 1.30291217e-02 -1.11269944e-02
-2.21617486e-03 1.30115016e-02 -1.10776466e-02
-2.21460952e-03 1.29939304e-02 -1.10286392e-02
-2.21302199e-03 1.29764079e-02 -1.09799691e-02
-2.21141268e-03 1.29589338e-02 -1.09316333e-02
-2.20978196e-03 1.29415078e-02 -1.08836291e-02
-2.20813022e-03 1.29241297e-02 -1.08359533e-02
-2.20645784e-03 1.29067992e-02 -1.07886033e-02
-2.20476520e-03 1.28895160e-02 -1.07415762e-02
-2.20305264e-03 1.28722800e-02 -1.06948693e-02
-2.20132052e-03 1.28550908e-02 -1.06484798e-02
-2.19956918e-03 1.28379482e-02 -1.06024050e-02
-2.19779898e-03 1.28208518e-02 -1.05566423e-02
-2.19601023e-03 1.28038015e-02 -1.05111890e-02
-2.19420326e-03 1.27867970e-02 -1.04660426e-02
-2.19237839e-03 1.27698379e-02 -1.04212006e-02
-2.19053593e-03 1.27529241e-02 -1.03766603e-02
-2.18867620e-03 1.27360552e-02 -1.03324193e-02
-2.18679947e-03 1.27192311e-02 -1.02884752e-02
-2.18490605e-03 1.27024513e-02 -1.02448255e-02
-2.18299623e-03 1.26857157e-02 -1.02014677e-02
-2.18107028e-03 1.26690241e-02 -1.01583996e-02
-2.17912847e-03 1.26523760e-02 -1.01156188e-02
-2.17717108e-03 1.26357712e-02 -1.00731229e-02
-2.17519837e-03 1.26192096e-02 -1.00309097e-02
-2.17321059e-03 1.26026908e-02 -9.98897684e-03
-2.17120800e-03 1.25862145e-02 -9.94732210e-03
-2.16919083e-03 1.25697804e-02 -9.90594323e-03
-2.16715934e-03 1.25533884e-02 -9.86483803e-03
-2.16511375e-03 1.25370382e-02 -9.82400431e-03
-2.16305430e-03 1.25207294e-02 -9.78343989e-03
-2.16098120e-03 1.25044618e-02 -9.74314261e-03
-2.15889469e-03 1.24882351e-02 -9.70311034e-03
-2.15679497e-03 1.24720492e-02 -9.66334096e-03
-2.15468226e-03 1.24559036e-02 -9.62383237e-03
-2.15255676e-03 1.24397982e-02 -9.58458246e-03
-2.15041868e-03 1.24237327e-02 -9.54558917e-03
-2.14826820e-03 1.24077069e-02 -9.50685044e-03
-2.14610553e-03 1.23917204e-02 -9.46836422e-03
-2.14393085e-03 1.23757731e-02 -9.43012847e-03
-2.14174434e-03 1.23598646e-02 -9.39214117e-03
-2.13954620e-03 1.23439947e-02 -9.35440031e-03
-2.13733658e-03 1.23281632e-02 -9.31690388e-03
-2.13511568e-03 1.23123699e-02 -9.27964989e-03
-2.13288365e-03 1.22966144e-02 -9.24263636e-03
-2.13064066e-03 1.22808966e-02 -9.20586131e-03
-2.12838688e-03 1.22652161e-02 -9.16932278e-03
-2.12612247e-03 1.22495728e-02 -9.13301882e-03
-2.12384758e-03 1.22339665e-02 -9.09694746e-03
-2.12156236e-03 1.22183968e-02 -9.06110676e-03
-2.11926697e-03 1.22028635e-02 -9.02549480e-03
-2.11696155e-03 1.21873666e-02 -8.99010963e-03
-2.11464625e-03 1.21719056e-02 -8.95494934e-03
-2.11232121e-03 1.21564804e-02 -8.92001199e-03
-2.10998657e-03 1.21410907e-02 -8.88529569e-03
-2.10764247e-03 1.21257365e-02 -8.85079852e-03
-2.10528904e-03 1.21104173e-02 -8.81651857e-03
-2.10292643e-03 1.20951332e-02 -8.78245394e-03
-2.10055475e-03 1.20798837e-02 -8.74860275e-03
-2.09817414e-03 1.20646688e-02 -8.71496309e-03
-2.09578473e-03 1.20494882e-02 -8.68153308e-03
-2.09338664e-03 1.20343418e-02 -8.64831084e-03
-2.09098001e-03 1.20192293e-02 -8.61529449e-03
-2.08856495e-03 1.20041506e-02 -8.58248215e-03
-2.08614158e-03 1.19891055e-02 -8.54987195e-03
-2.08371003e-03 1.19740939e-02 -8.51746203e-03
-2.08127042e-03 1.19591155e-02 -8.48525051e-03
-2.07882287e-03 1.19441701e-02 -8.45323555e-03
-2.07636750e-03 1.19292577e-02 -8.42141528e-03
-2.07390442e-03 1.19143781e-02 -8.38978786e-03
-2.07143376e-03 1.18995311e-02 -8.35835144e-03
-2.06895563e-03 1.18847165e-02 -8.32710418e-03
-2.06647015e-03 1.18699343e-02 -8.29604424e-03
-2.06397743e-03 1.18551842e-02 -8.26516979e-03
-2.06147760e-03 1.18404662e-02 -8.23447901e-03
-2.05897078e-03 1.18257802e-02 -8.20397007e-03
-2.05645707e-03 1.18111259e-02 -8.17364117e-03
-2.05393660e-03 1.17965033e-02 -8.14349050e-03
-2.05140948e-03 1.17819122e-02 -8.11351624e-03
-2.04887584e-03 1.17673526e-02 -8.08371662e-03
-2.04633580e-03 1.17528244e-02 -8.05408985e-03
-2.04378947e-03 1.17383274e-02 -8.02463414e-03
-2.04123698e-03 1.17238615e-02 -7.99534774e-03
-2.03867845e-03 1.17094268e-02 -7.96622886e-03
-2.03611400e-03 1.16950229e-02 -7.93727578e-03
-2.03354376e-03 1.16806500e-02 -7.90848674e-03
-2.03096785e-03 1.16663079e-02 -7.87986001e-03
-2.02838640e-03 1.16519966e-02 -7.85139387e-03
-2.02579953e-03 1.16377159e-02 -7.82308661e-03
-2.02320739e-03 1.16234658e-02 -7.79493653e-03
-2.02061010e-03 1.16092464e-02 -7.76694196e-03
-2.01800779e-03 1.15950574e-02 -7.73910120e-03
-2.01540060e-03 1.15808989e-02 -7.71141261e-03
-2.01278866e-03 1.15667708e-02 -7.68387454e-03
-2.01017212e-03 1.15526731e-02 -7.65648535e-03
-2.00755111e-03 1.15386058e-02 -7.62924343e-03
-2.00492578e-03 1.15245687e-02 -7.60214718e-03
-2.00229627e-03 1.15105620e-02 -7.57519502e-03
-1.99966273e-03 1.14965856e-02 -7.54838537e-03
-1.99702531e-03 1.14826394e-02 -7.52171668e-03
-1.99438416e-03 1.14687234e-02 -7.49518742e-03
-1.99173943e-03 1.14548378e-02 -7.46879608e-03
-1.98909127e-03 1.14409823e-02 -7.44254116e-03
-1.98643986e-03 1.14271571e-02 -7.41642118e-03
-1.98378534e-03 1.14133622e-02 -7.39043469e-03
-1.98112788e-03 1.13995975e-02 -7.36458025e-03
-1.97846765e-03 1.13858631e-02 -7.33885644e-03
-1.97580481e-03 1.13721589e-02 -7.31326188e-03
-1.97313953e-03 1.13584851e-02 -7.28779520e-03
-1.97047200e-03 1.13448416e-02 -7.26245504e-03
-1.96780238e-03 1.13312285e-02 -7.23724009e-03
-1.96513085e-03 1.13176457e-02 -7.21214904e-03
-1.96245760e-03 1.13040934e-02 -7.18718062e-03
-1.95978280e-03 1.12905716e-02 -7.16233358e-03
-1.95710665e-03 1.12770802e-02 -7.13760669e-03
-1.95442933e-03 1.12636194e-02 -7.11299876e-03
-1.95175105e-03 1.12501892e-02 -7.08850862e-03
-1.94907198e-03 1.12367896e-02 -7.06413512e-03
-1.94639233e-03 1.12234207e-02 -7.03987715e-03
-1.94371231e-03 1.12100826e-02 -7.01573361e-03
-1.94103211e-03 1.11967753e-02 -6.99170345e-03
-1.93835194e-03 1.11834989e-02 -6.96778564e-03
-1.93567201e-03 1.11702533e-02 -6.94397918e-03
-1.93299253e-03 1.11570388e-02 -6.92028310e-03
-1.93031372e-03 1.11438554e-02 -6.89669646e-03
-1.92763580e-03 1.11307031e-02 -6.87321835e-03
-1.92495898e-03 1.11175820e-02 -6.84984790e-03
-1.92228349e-03 1.11044921e-02 -6.82658426e-03
-1.91960956e-03 1.10914337e-02 -6.80342662e-03
-1.91693742e-03 1.10784067e-02 -6.78037421e-03
-1.91426730e-03 1.10654112e-02 -6.75742627e-03
-1.91159944e-03 1.10524473e-02 -6.73458210e-03
-1.90893407e-03 1.10395151e-02 -6.71184101e-03
-1.90627145e-03 1.10266147e-02 -6.68920238e-03
-1.90361180e-03 1.10137461e-02 -6.66666560e-03
-1.90095539e-03 1.10009095e-02 -6.64423009e-03
-1.89830247e-03 1.09881050e-02 -6.62189531e-03
-1.89565328e-03 1.09753326e-02 -6.59966079e-03
-1.89300809e-03 1.09625924e-02 -6.57752604e-03
-1.89036717e-03 1.09498846e-02 -6.55549066e-03
-1.88773076e-03 1.09372093e-02 -6.53355425e-03
-1.88509915e-03 1.09245664e-02 -6.51171648e-03
-1.88247261e-03 1.09119562e-02 -6.48997703e-03
-1.87985141e-03 1.08993788e-02 -6.46833564e-03
-1.87723582e-03 1.08868343e-02 -6.44679209e-03
-1.87462614e-03 1.08743227e-02 -6.42534617e-03
-1.87202265e-03 1.08618441e-02 -6.40399776e-03
-1.86942564e-03 1.08493988e-02 -6.38274674e-03
-1.86683540e-03 1.08369868e-02 -6.36159306e-03
-1.86425223e-03 1.08246082e-02 -6.34053668e-03
-1.86167643e-03 1.08122632e-02 -6.31957764e-03
-1.85910830e-03 1.07999518e-02 -6.29871601e-03
-1.85654817e-03 1.07876742e-02 -6.27795188e-03
-1.85399633e-03 1.07754305e-02 -6.25728542e-03
-1.85145312e-03 1.07632209e-02 -6.23671682e-03
-1.84891884e-03 1.07510454e-02 -6.21624633e-03
-1.84639383e-03 1.07389043e-02 -6.19587423e-03
-1.84387842e-03 1.07267975e-02 -6.17560087e-03
-1.84137295e-03 1.07147254e-02 -6.15542663e-03
-1.83887775e-03 1.07026879e-02 -6.13535194e-03
-1.83639316e-03 1.06906853e-02 -6.11537728e-03
-1.83391955e-03 1.06787178e-02 -6.09550317e-03
-1.83145725e-03 1.06667853e-02 -6.07573019e-03
-1.82900664e-03 1.06548882e-02 -6.05605898e-03
-1.82656808e-03 1.06430265e-02 -6.03649019e-03
-1.82414193e-03 1.06312004e-02 -6.01702457e-03
-1.82172856e-03 1.06194100e-02 -5.99766289e-03
-1.81932837e-03 1.06076556e-02 -5.97840598e-03
-1.81694173e-03 1.05959373e-02 -5.95925472e-03
-1.81456904e-03 1.05842553e-02 -5.94021006e-03
-1.81221068e-03 1.05726097e-02 -5.92127297e-03
-1.80986707e-03 1.05610007e-02 -5.90244451e-03
-1.80753860e-03 1.05494285e-02 -5.88372576e-03
-1.80522569e-03 1.05378933e-02 -5.86511789e-03
-1.80292875e-03 1.05263952e-02 -5.84662211e-03
-1.80064822e-03 1.05149345e-02 -5.82823967e-03
-1.79838451e-03 1.05035113e-02 -5.80997190e-03
-1.79613806e-03 1.04921259e-02 -5.79182018e-03
-1.79390931e-03 1.04807784e-02 -5.77378595e-03
-1.79169871e-03 1.04694691e-02 -5.75587070e-03
-1.78950671e-03 1.04581982e-02 -5.73807599e-03
-1.78733376e-03 1.04469658e-02 -5.72040343e-03
-1.78518032e-03 1.04357723e-02 -5.70285468e-03
-1.78304687e-03 1.04246178e-02 -5.68543149e-03
-1.78093387e-03 1.04135025e-02 -5.66813565e-03
-1.77884180e-03 1.04024268e-02 -5.65096900e-03
-1.77677116e-03 1.03913907e-02 -5.63393347e-03
-1.77472241e-03 1.03803946e-02 -5.61703103e-03
-1.77269607e-03 1.03694388e-02 -5.60026371e-03
-1.77069262e-03 1.03585234e-02 -5.58363362e-03
-1.76871257e-03 1.03476487e-02 -5.56714291e-03
-1.76675643e-03 1.03368150e-02 -5.55079380e-03
-1.76482471e-03 1.03260225e-02 -5.53458859e-03
-1.76291792e-03 1.03152715e-02 -5.51852961e-03
-1.76103658e-03 1.03045623e-02 -5.50261927e-03
-1.75918122e-03 1.02938952e-02 -5.48686005e-03
-1.75735237e-03 1.02832704e-02 -5.47125447e-03
-1.75555055e-03 1.02726882e-02 -5.45580513e-03
-1.75377630e-03 1.02621488e-02 -5.44051469e-03
-1.75203015e-03 1.02516527e-02 -5.42538585e-03
-1.75031264e-03 1.02412000e-02 -5.41042140e-03
-1.74862430e-03 1.02307911e-02 -5.39562418e-03
-1.74696569e-03 1.02204262e-02 -5.38099707e-03
-1.74533733e-03 1.02101058e-02 -5.36654305e-03
-1.74373978e-03 1.01998299e-02 -5.35226512e-03
-1.74217357e-03 1.01895991e-02 -5.33816635e-03
-1.74063924e-03 1.01794135e-02 -5.32424988e-03
-1.73913733e-03 1.01692735e-02 -5.31051889e-03
-1.73766839e-03 1.01591794e-02 -5.29697663e-03
-1.73623294e-03 1.01491315e-02 -5.28362638e-03
-1.73483152e-03 1.01391301e-02 -5.27047151e-03
-1.73346467e-03 1.01291756e-02 -5.25751541e-03
-1.73213290e-03 1.01192681e-02 -5.24476153e-03
-1.73083675e-03 1.01094082e-02 -5.23221337e-03
-1.72957672e-03 1.00995959e-02 -5.21987449e-03
-1.72835332e-03 1.00898318e-02 -5.20774847e-03
-1.72716706e-03 1.00801160e-02 -5.19583896e-03
-1.72601843e-03 1.00704488e-02 -5.18414964e-03
-1.72490793e-03 1.00608307e-02 -5.17268423e-03
-1.72383602e-03 1.00512618e-02 -5.16144648e-03
-1.72280318e-03 1.00417425e-02 -5.15044020e-03
-1.72180986e-03 1.00322731e-02 -5.13966922e-03
-1.72085650e-03 1.00228538e-02 -5.12913740e-03
-1.71994355e-03 1.00134850e-02 -5.11884863e-03
-1.71907141e-03 1.00041668e-02 -5.10880684e-03
-1.71824050e-03 9.99489964e-03 -5.09901595e-03
-1.71745119e-03 9.98568371e-03 -5.08947995e-03
-1.71670387e-03 9.97651927e-03 -5.08020281e-03
-1.71599888e-03 9.96740657e-03 -5.07118852e-03
-1.71533656e-03 9.95834585e-03 -5.06244111e-03
-1.71471723e-03 9.94933733e-03 -5.05396458e-03
-1.71414118e-03 9.94038124e-03 -5.04576296e-03
-1.71360868e-03 9.93147779e-03 -5.03784028e-03
-1.71311998e-03 9.92262716e-03 -5.03020056e-03
-1.71267531e-03 9.91382955e-03 -5.02284782e-03
-1.71227487e-03 9.90508512e-03 -5.01578607e-03
-1.71191884e-03 9.89639404e-03 -5.00901930e-03
-1.71160735e-03 9.88775644e-03 -5.00255151e-03
-1.71134054e-03 9.87917246e-03 -4.99638664e-03
-1.71111848e-03 9.87064220e-03 -4.99052862e-03
-1.71094124e-03 9.86216577e-03 -4.98498136e-03
-1.71080883e-03 9.85374324e-03 -4.97974873e-03
-1.71072126e-03 9.84537468e-03 -4.97483455e-03
-1.71067848e-03 9.83706011e-03 -4.97024261e-03
-1.71068041e-03 9.82879958e-03 -4.96597665e-03
-1.71072694e-03 9.82059308e-03 -4.96204034e-03
-1.71081792e-03 9.81244058e-03 -4.95843731e-03
-1.71095315e-03 9.80434206e-03 -4.95517112e-03
-1.71113240e-03 9.79629745e-03 -4.95224526e-03
-1.71135540e-03 9.78830665e-03 -4.94966316e-03
-1.71162184e-03 9.78036956e-03 -4.94742814e-03
-1.71193135e-03 9.77248605e-03 -4.94554346e-03
-1.71228353e-03 9.76465595e-03 -4.94401228e-03
-1.71267794e-03 9.75687908e-03 -4.94283768e-03
-1.71311407e-03 9.74915521e-03 -4.94202261e-03
-1.71359138e-03 9.74148411e-03 -4.94156995e-03
-1.71410929e-03 9.73386552e-03 -4.94148242e-03
-1.71466714e-03 9.72629911e-03 -4.94176268e-03
-1.71526424e-03 9.71878458e-03 -4.94241320e-03
-1.71589986e-03 9.71132155e-03 -4.94343639e-03
-1.71657318e-03 9.70390963e-03 -4.94483446e-03
-1.71728337e-03 9.69654841e-03 -4.94660953e-03
-1.71802952e-03 9.68923742e-03 -4.94876353e-03
-1.71881066e-03 9.68197618e-03 -4.95129827e-03
-1.71962578e-03 9.67476416e-03 -4.95421538e-03
-1.72047381e-03 9.66760080e-03 -4.95751634e-03
-1.72135362e-03 9.66048552e-03 -4.96120245e-03
-1.72226402e-03 9.65341769e-03 -4.96527482e-03
-1.72320377e-03 9.64639664e-03 -4.96973440e-03
-1.72417156e-03 9.63942167e-03 -4.97458195e-03
-1.72516603e-03 9.63249206e-03 -4.97981801e-03
-1.72618575e-03 9.62560702e-03 -4.98544296e-03
-1.72722925e-03 9.61876575e-03 -4.99145692e-03
-1.72829497e-03 9.61196739e-03 -4.99785986e-03
-1.72938132e-03 9.60521107e-03 -5.00465148e-03
-1.73048663e-03 9.59849585e-03 -5.01183128e-03
-1.73160917e-03 9.59182077e-03 -5.01939854e-03
-1.73274715e-03 9.58518484e-03 -5.02735229e-03
-1.73389873e-03 9.57858700e-03 -5.03569132e-03
-1.73506200e-03 9.57202619e-03 -5.04441419e-03
-1.73623499e-03 9.56550126e-03 -5.05351920e-03
-1.73741567e-03 9.55901108e-03 -5.06300440e-03
-1.73860195e-03 9.55255444e-03 -5.07286757e-03
-1.73979167e-03 9.54613009e-03 -5.08310624e-03
-1.74098263e-03 9.53973677e-03 -5.09371767e-03
-1.74217256e-03 9.53337315e-03 -5.10469882e-03
-1.74335914e-03 9.52703788e-03 -5.11604641e-03
-1.74453997e-03 9.52072956e-03 -5.12775686e-03
-1.74571262e-03 9.51444676e-03 -5.13982630e-03
-1.74687458e-03 9.50818800e-03 -5.15225058e-03
-1.74802331e-03 9.50195177e-03 -5.16502524e-03
-1.74915619e-03 9.49573652e-03 -5.17814555e-03
-1.75027057e-03 9.48954067e-03 -5.19160644e-03
-1.75136374e-03 9.48336258e-03 -5.20540259e-03
-1.75243292e-03 9.47720061e-03 -5.21952832e-03
