0.00000000e+00 0.00000000e+00 0.00000000e+00
0.00000000e+00 0.00000000e+00 0.00000000e+00
0.00000000e+00 0.00000000e+00 0.00000000e+00
0.00000000e+00 0.00000000e+00 0.00000000e+00
0.00000000e+00 0.00000000e+00 0.00000000e+00
0.00000000e+00 0.00000000e+00 0.00000000e+00
0.00000000e+00 0.00000000e+00 0.00000000e+00
0.00000000e+00 0.00000000e+00 0.00000000e+00
0.00000000e+00 0.00000000e+00 0.00000000e+00
2.81993840e-43 -1.40871509e-43 -5.71672062e-43
1.91589801e-40 -1.03231049e-40 -3.95482493e-40
2.07451041e-38 -1.19536099e-38 -4.34308651e-38
8.79505034e-37 -5.40590102e-37 -1.86438889e-36
2.02283823e-35 -1.32696097e-35 -4.33871224e-35
2.97256672e-34 -2.08640546e-34 -6.44956335e-34
3.07006265e-33 -2.31549637e-33 -6.73873146e-33
2.36634306e-32 -1.92948581e-32 -5.25615816e-32
1.41512957e-31 -1.25765403e-31 -3.18219900e-31
6.72695430e-31 -6.58598216e-31 -1.53193889e-30
2.57306999e-30 -2.81379746e-30 -5.93286803e-30
7.92006156e-30 -9.84288332e-30 -1.84449865e-29
1.93239083e-29 -2.78011858e-29 -4.49850926e-29
3.60931063e-29 -6.01008867e-29 -8.03667951e-29
5.01816530e-29 -8.03923499e-29 -8.40068803e-29
7.41962124e-29 3.88897470e-29 2.45249519e-30
3.09967318e-28 6.35770431e-28 -2.85299825e-29
1.66474448e-27 2.26173229e-27 -1.69659432e-27
6.74190198e-27 5.12011267e-27 -1.01438627e-26
2.06564303e-26 7.09420424e-27 -3.68458022e-26
4.88666437e-26 -3.48404551e-28 -9.74065487e-26
8.58121218e-26 -3.71047301e-26 -1.91115008e-25
8.66795157e-26 -1.33494382e-25 -2.42873044e-25
-7.62436349e-26 -3.07788064e-25 -1.62162478e-27
-6.38254146e-25 -4.99966551e-25 1.04740325e-24
-1.85011599e-24 -4.50607703e-25 3.56332261e-24
-3.60245752e-24 4.33276728e-25 7.65790997e-24
-4.61650454e-24 3.07087462e-24 1.12319146e-23
-1.32046385e-24 8.25333532e-24 7.39863175e-24
1.27686089e-23 1.53562513e-23 -1.75625348e-23
4.52181754e-23 2.00412936e-23 -8.18556556e-23
9.74610641e-23 1.15509101e-23 -1.94991483e-22
1.49685580e-22 -2.82885778e-23 -3.27311565e-22
1.39324907e-22 -1.20305405e-22 -3.62689676e-22
-5.59637730e-23 -2.72207523e-22 -5.34494500e-23
-6.05568169e-22 -4.48217671e-22 9.72738128e-22
-1.64452197e-21 -5.27770517e-22 3.07122317e-21
-3.08482532e-21 -2.71405285e-22 6.21213099e-21
-4.31490742e-21 6.68030835e-22 9.35042205e-21
-3.86928217e-21 2.63324751e-21 9.66652376e-21
7.08000470e-22 5.69442646e-21 2.10362976e-21
1.24216609e-20 9.20995011e-21 -2.00106756e-20
3.33327424e-20 1.12981784e-20 -6.22192373e-20
6.16762333e-20 8.45938402e-21 -1.23193443e-19
8.77729738e-20 -4.22953982e-21 -1.86080333e-19
8.99366381e-20 -3.17961357e-20 -2.09051251e-19
3.29951936e-20 -7.64327545e-20 -1.20165855e-19
-1.26554958e-19 -1.32828970e-19 1.75127201e-19
-4.24191990e-19 -1.82503067e-19 7.63763665e-19
-8.56686241e-19 -1.89121004e-19 1.66412189e-18
-1.33857693e-18 -9.82344725e-20 2.73496542e-18
-1.65564023e-18 1.54043987e-19 3.57158373e-18
-1.43649618e-18 6.18996327e-19 3.43029241e-18
-1.74917255e-19 1.29764816e-18 1.24813239e-18
2.65838425e-18 2.09033037e-18 -4.15846930e-18
7.38194443e-18 2.74429429e-18 -1.36393492e-17
1.37413437e-17 2.82018187e-18 -2.69714938e-17
2.04631421e-17 1.70750330e-18 -4.19064866e-17
2.48432443e-17 -1.27608919e-18 -5.32283159e-17
2.25722069e-17 -6.67218310e-18 -5.22277262e-17
8.06934168e-18 -1.45462354e-17 -2.71618402e-17
-2.43854289e-17 -2.40581089e-17 3.46664963e-17
-7.85117119e-17 -3.30219339e-17 1.42699950e-16
-1.52883271e-16 -3.76025262e-17 2.96681622e-16
-2.37142786e-16 -3.23531485e-17 4.78594848e-16
-3.08431786e-16 -1.08281478e-17 6.44629019e-16
-3.29425522e-16 3.30229333e-17 7.19973256e-16
-2.49798230e-16 1.02581283e-16 6.00252796e-16
-1.30814525e-17 1.95511449e-16 1.63874646e-16
4.29507073e-16 3.00346155e-16 -7.01043366e-16
1.09779027e-15 3.93469607e-16 -2.05356841e-15
1.95536037e-15 4.37622840e-16 -3.84291511e-15
2.88041082e-15 3.83309356e-16 -5.84520762e-15
3.64183850e-15 1.74508711e-16 -7.60832007e-15
3.89065268e-15 -2.40216747e-16 -8.42547184e-15
3.17853597e-15 -8.90912152e-16 -7.36271958e-15
1.01512252e-15 -1.76467442e-15 -3.36584052e-15
-3.02781987e-15 -2.78200544e-15 4.53388586e-15
-9.16433572e-15 -3.77566768e-15 1.69095609e-14
-1.72046224e-14 -4.47848356e-15 3.35415655e-14
-2.63526030e-14 -4.52781491e-15 5.29812152e-14
-3.50317315e-14 -3.49465931e-15 7.21575372e-14
-4.07948983e-14 -9.43860463e-16 8.61425808e-14
-4.03840276e-14 3.47157810e-15 8.82141042e-14
-3.00051014e-14 9.88484813e-15 7.03588793e-14
-5.87062756e-15 1.80689528e-14 2.43357802e-14
3.49692605e-14 2.72893744e-14 -5.66422267e-14
9.35349859e-14 3.61849457e-14 -1.75647469e-13
1.67658322e-13 4.27138789e-14 -3.29374327e-13
2.50725054e-13 4.42060629e-14 -5.05410266e-13
3.30665171e-13 3.75610312e-14 -6.79943879e-13
3.89499235e-13 1.96214525e-14 -8.16554754e-13
4.03782535e-13 -1.22667320e-14 -8.66813057e-13
3.46274056e-13 -5.95245462e-14 -7.73403153e-13
1.89079741e-13 -1.21493902e-13 -4.76341029e-13
-9.16314657e-14 -1.94569909e-13 7.74448392e-14
-5.09466531e-13 -2.71447851e-13 9.21362124e-13
-1.06062183e-12 -3.40656313e-13 2.05403395e-12
-1.71642499e-12 -3.86569024e-13 3.42331800e-12
-2.41669799e-12 -3.90086836e-13 4.91170581e-12
-3.06532784e-12 -3.30150656e-13 6.32599213e-12
-3.52961996e-12 -1.86180752e-13 7.39454678e-12
-3.64503032e-12 5.85641126e-14 7.77562098e-12
-3.22666773e-12 4.12850004e-13 7.07975173e-12
-2.08848429e-12 8.72857040e-13 4.90839130e-12
-7.03099319e-14 1.41757029e-12 9.09336553e-13
2.92814914e-12 2.00481178e-12 -5.15261554e-12
6.90848450e-12 2.56868360e-12 -1.33139971e-11
1.17334451e-11 3.01926301e-12 -2.33271198e-11
1.70903524e-11 3.24537503e-12 -3.45807041e-11
2.24640997e-11 3.12114309e-12 -4.60392862e-11
2.71265246e-11 2.51676968e-12 -5.62157398e-11
3.01490989e-11 1.31362039e-12 -6.31917397e-11
3.04452474e-11 -5.76812519e-13 -6.46998316e-11
2.68470360e-11 -3.19108121e-12 -5.82776429e-11
1.82183975e-11 -6.49074267e-12 -4.14994928e-11
3.60351091e-12 -1.03403937e-11 -1.22832880e-11
-1.75954511e-11 -1.44896143e-11 3.07386309e-11
-4.54219624e-11 -1.85620390e-11 8.78065282e-11
-7.91661038e-11 -2.20549154e-11 1.57611036e-10
-1.17183637e-10 -2.43523315e-11 2.36904923e-10
-1.56757978e-10 -2.47547334e-11 3.20200804e-10
-1.94032337e-10 -2.25263858e-11 3.99612326e-10
-2.24039685e-10 -1.69610490e-11 4.64897491e-10
-2.40855930e-10 -7.46439385e-12 5.03758449e-10
-2.37896436e-10 6.35035223e-12 5.02441301e-10
-2.08367469e-10 2.45592202e-11 4.46661859e-10
-1.45872543e-10 4.68246282e-11 3.22858970e-10
-4.51591695e-11 7.23026135e-11 1.19746778e-10
9.70249849e-11 9.95714429e-11 -1.69897527e-10
2.81015124e-10 1.26593686e-10 -5.47311042e-10
5.03317494e-10 1.50723755e-10 -1.00582495e-09
7.55784244e-10 1.68771762e-10 -1.52911732e-09
1.02496870e-09 1.77132240e-10 -2.08983540e-09
1.29176184e-09 1.71982713e-10 -2.64879930e-09
1.53141095e-09 1.49552418e-10 -3.15499971e-09
1.71401392e-09 1.06455775e-10 -3.54658694e-09
1.80556570e-09 4.00787958e-11 -3.75301298e-09
1.76960740e-09 -5.10001768e-11 -3.69843420e-09
1.56949311e-09 -1.66580656e-10 -3.30640763e-09
1.17124603e-09 -3.04432428e-10 -2.50582252e-09
5.46925534e-10 -4.59946309e-10 -1.23790355e-09
-3.21627767e-10 -6.25882421e-10 5.35991692e-10
-1.43885626e-09 -7.92255879e-10 2.82617377e-09
-2.79159911e-09 -9.46397823e-10 5.60652367e-09
-4.34554072e-09 -1.07322465e-09 8.80709366e-09
-6.04231379e-09 -1.15574003e-09 1.23080756e-08
-7.79759575e-09 -1.17578301e-09 1.59358455e-08
-9.50053787e-09 -1.11502103e-09 1.94617909e-08
-1.10148446e-08 -9.56170342e-10 2.26045833e-08
-1.21817753e-08 -6.84407906e-10 2.50364580e-08
-1.28252692e-08 -2.88920006e-10 2.63939151e-08
-1.27593017e-08 2.35485592e-10 2.62930564e-08
-1.17974601e-08 8.86793921e-10 2.43495228e-08
-9.76459468e-09 1.65432736e-09 2.02027180e-08
-6.51024859e-09 2.51753383e-09 1.35436852e-08
-1.92341945e-09 3.44513634e-09 4.14568723e-09
4.05195355e-09 4.39475943e-09 -8.10378571e-09
1.14015233e-08 5.31313877e-09 -2.31711500e-08
2.00259616e-08 6.13700390e-09 -4.08468294e-08
2.97282468e-08 6.79469940e-09 -6.07193411e-08
4.02038385e-08 7.20857927e-09 -8.21554978e-08
5.10347768e-08 7.29817157e-09 -1.04288873e-07
6.16887054e-08 6.98406825e-09 -1.26018581e-07
7.15237226e-08 6.19244982e-09 -1.46020220e-07
7.97998070e-08 4.86010779e-09 -1.62770476e-07
8.56973554e-08 2.93978276e-09 -1.74586450e-07
8.83431035e-08 4.05593830e-10 -1.79680197e-07
8.68433811e-08 -2.74169991e-09 -1.76228290e-07
8.03243062e-08 -6.46989252e-09 -1.62455507e-07
6.79781364e-08 -1.07112813e-08 -1.36730928e-07
4.91146069e-08 -1.53596796e-08 -9.76739144e-08
2.32156962e-08 -2.02687868e-08 -4.42666585e-08
-1.00081090e-08 -2.52521842e-08 2.40307600e-08
-5.05622984e-08 -3.00851837e-08 1.07167540e-07
-9.81160960e-08 -3.45086998e-08 2.04396795e-07
-1.51956200e-07 -3.82352452e-08 3.14183274e-07
-2.10949323e-07 -4.09570689e-08 4.34129969e-07
-2.73516336e-07 -4.23563639e-08 5.60929341e-07
-3.37620721e-07 -4.21173745e-08 6.90344639e-07
-4.00773782e-07 -3.99401360e-08 8.17226227e-07
-4.60058721e-07 -3.55554770e-08 9.35567065e-07
-5.12175207e-07 -2.87408305e-08 1.03860047e-06
-5.53505475e-07 -1.93363106e-08 1.11894200e-06
-5.80202319e-07 -7.26045245e-09 1.16877596e-06
-5.88298577e-07 7.47504120e-09 1.18008526e-06
-5.73836877e-07 2.47522266e-08 1.14492181e-06
-5.33017567e-07 4.43362024e-08 1.05571287e-06
-4.62361897e-07 6.58674114e-08 9.05596768e-07
-3.58886654e-07 8.88575694e-08 6.88780129e-07
-2.20285701e-07 1.12689757e-07 4.00906746e-07
-4.51131657e-08 1.36623105e-07 3.94271614e-08
1.67037590e-07 1.59802377e-07 -3.96043254e-07
4.15365482e-07 1.81272621e-07 -9.03390693e-07
6.97710278e-07 1.99998870e-07 -1.47770724e-06
1.01042487e-06 2.14890740e-07 -2.11104668e-06
1.34827784e-06 2.24831560e-07 -2.79224489e-06
1.70439243e-06 2.28711509e-07 -3.50681735e-06
2.07022779e-06 2.25464058e-07 -4.23694483e-06
2.43560729e-06 2.14104860e-07 -4.96155695e-06
2.78879802e-06 1.93772084e-07 -5.65652090e-06
3.11664432e-06 1.63767072e-07 -6.29494079e-06
3.40475706e-06 1.23594118e-07 -6.84756975e-06
3.63775874e-06 7.29981081e-08 -7.28333440e-06
3.79958327e-06 1.19987367e-08 -7.56996811e-06
3.87382749e-06 -5.90799629e-08 -7.67474613e-06
3.84415009e-06 -1.39585971e-07 -7.56531258e-06
3.69471183e-06 -2.28522629e-07 -7.21058614e-06
3.41064972e-06 -3.24539962e-07 -6.58172831e-06
2.97857623e-06 -4.25934764e-07 -5.65315532e-06
2.38709347e-06 -5.30660076e-07 -4.40357264e-06
1.62731125e-06 -6.36344425e-07 -2.81700875e-06
6.93356984e-07 -7.40320976e-07 -8.83823678e-07
-4.17134866e-07 -8.39666469e-07 1.39833335e-06
-1.70256688e-06 -9.31249575e-07 4.02364299e-06
-3.15696888e-06 -1.01178802e-06 6.97733750e-06
-4.76964691e-06 -1.07791358e-06 1.02350496e-05
-6.52490281e-06 -1.12624384e-06 1.37623125e-05
-8.40183555e-06 -1.15345930e-06 1.75142313e-05
-1.03742340e-05 -1.15638434e-06 2.14353460e-05
-1.24105700e-05 -1.13207039e-06 2.54597006e-05
-1.44740975e-05 -1.07787937e-06 2.95111304e-05
-1.65230644e-05 -9.91565582e-07 3.35037763e-05
-1.85110380e-05 -8.71354195e-07 3.73428293e-05
-2.03873459e-05 -7.16014310e-07 4.09255043e-05
-2.20976313e-05 -5.24924836e-07 4.41422390e-05
-2.35845171e-05 -2.98131421e-07 4.68781073e-05
-2.47883749e-05 -3.63928667e-08 4.90144329e-05
-2.56481887e-05 2.58784374e-07 5.04305852e-05
-2.61025053e-05 5.85124787e-07 5.10059336e-05
-2.60904559e-05 9.39576382e-07 5.06219353e-05
-2.55528392e-05 1.31831791e-06 4.91643266e-05
-2.44332461e-05 1.71678103e-06 4.65253838e-05
-2.26792135e-05 2.12968755e-06 4.26062227e-05
-2.02433861e-05 2.55110125e-06 3.73190968e-05
-1.70846708e-05 2.97449399e-06 3.05896605e-05
-1.31693638e-05 3.39282492e-06 2.23591587e-05
-8.47223140e-06 3.79863185e-06 1.25865060e-05
-2.97752874e-06 4.18413318e-06 1.25022165e-06
3.32006340e-06 4.54133888e-06 -1.16498159e-05
1.04145986e-05 4.86216853e-06 -2.60908235e-05
1.82881371e-05 5.13857445e-06 -4.20258075e-05
2.69101437e-05 5.36266784e-06 -5.93825212e-05
3.62370238e-05 5.52684565e-06 -7.80627066e-05
4.62118052e-05 5.62391590e-06 -9.79416388e-05
5.67639762e-05 5.64721934e-06 -1.18867983e-04
6.78094824e-05 5.59074517e-06 -1.40663973e-04
7.92508866e-05 5.44923875e-06 -1.63125914e-04
9.09776920e-05 5.21829944e-06 -1.86025010e-04
1.02866827e-04 4.89446667e-06 -2.09108498e-04
1.14783284e-04 4.47529283e-06 -2.32101096e-04
1.26580915e-04 3.95940154e-06 -2.54706730e-04
1.38103360e-04 3.34653028e-06 -2.76610531e-04
1.49185111e-04 2.63755663e-06 -2.97481074e-04
1.59652694e-04 1.83450746e-06 -3.16972835e-04
1.69325952e-04 9.40551118e-07 -3.34728825e-04
1.78019416e-04 -4.00275475e-08 -3.50383386e-04
1.85543748e-04 -1.10186882e-06 -3.63565097e-04
1.91707238e-04 -2.23859577e-06 -3.73899763e-04
1.96317328e-04 -3.44288707e-06 -3.81013444e-04
1.99182165e-04 -4.70656371e-06 -3.84535501e-04
2.00112139e-04 -6.02068831e-06 -3.84101598e-04
1.98921404e-04 -7.37567550e-06 -3.79356647e-04
1.95429362e-04 -8.76141143e-06 -3.69957651e-04
1.89462087e-04 -1.01673808e-05 -3.55576403e-04
1.80853674e-04 -1.15827992e-05 -3.35902037e-04
1.69447505e-04 -1.29967493e-05 -3.10643368e-04
1.55097408e-04 -1.43983173e-05 -2.79531023e-04
1.37668699e-04 -1.57767304e-05 -2.42319332e-04
1.17039109e-04 -1.71214900e-05 -1.98787956e-04
9.30995630e-05 -1.84225011e-05 -1.48743240e-04
6.57548257e-05 -1.96701955e-05 -9.20192824e-05
3.49239974e-05 -2.08556459e-05 -2.84787131e-05
5.40860071e-07 -2.19706719e-05 4.19868308e-05
-3.74459294e-05 -2.30079334e-05 1.19456523e-04
-7.90727973e-05 -2.39610130e-05 2.03980460e-04
-1.24361361e-04 -2.48244847e-05 2.95580064e-04
-1.73318681e-04 -2.55939693e-05 3.94248757e-04
-2.25937658e-04 -2.62661746e-05 4.99952907e-04
-2.82197557e-04 -2.68389222e-05 6.12633014e-04
-3.42064662e-04 -2.73111580e-05 7.32205134e-04
-4.05493043e-04 -2.76829498e-05 8.58562510e-04
-4.72425430e-04 -2.79554695e-05 9.91577390e-04
-5.42794181e-04 -2.81309620e-05 1.13110301e-03
-6.16522326e-04 -2.82127014e-05 1.27697574e-03
-6.93524690e-04 -2.82049350e-05 1.42901727e-03
-7.73709062e-04 -2.81128162e-05 1.58703701e-03
-8.56977412e-04 -2.79423281e-05 1.75083442e-03
-9.43227137e-04 -2.77001976e-05 1.92020150e-03
-1.03235232e-03 -2.73938036e-05 2.09492518e-03
-1.12424498e-03 -2.70310785e-05 2.27478977e-03
-1.21879637e-03 -2.66204056e-05 2.45957937e-03
-1.31589816e-03 -2.61705142e-05 2.64908020e-03
-1.41544364e-03 -2.56903722e-05 2.84308287e-03
-1.51732893e-03 -2.51890804e-05 3.04138453e-03
-1.62145403e-03 -2.46757664e-05 3.24379093e-03
-1.72772387e-03 -2.41594825e-05 3.45011836e-03
-1.83604932e-03 -2.36491071e-05 3.66019540e-03
-1.94634804e-03 -2.31532515e-05 3.87386458e-03
-2.05854531e-03 -2.26801719e-05 4.09098380e-03
-2.17257478e-03 -2.22376898e-05 4.31142767e-03
-2.28837908e-03 -2.18331189e-05 4.53508861e-03
-2.40591039e-03 -2.14732011e-05 4.76187777e-03
-2.52513086e-03 -2.11640513e-05 4.99172582e-03
-2.64601298e-03 -2.09111109e-05 5.22458348e-03
-2.76853986e-03 -2.07191120e-05 5.46042198e-03
-2.89270537e-03 -2.05920496e-05 5.69923323e-03
-3.01851422e-03 -2.05331649e-05 5.94102990e-03
-3.14598198e-03 -2.05449364e-05 6.18584532e-03
-3.27513493e-03 -2.06290815e-05 6.43373319e-03
-3.40600995e-03 -2.07865657e-05 6.68476719e-03
-3.53865420e-03 -2.10176206e-05 6.93904044e-03
-3.67312484e-03 -2.13217695e-05 7.19666479e-03
-3.80948867e-03 -2.16978594e-05 7.45777009e-03
-3.94782159e-03 -2.21441000e-05 7.72250323e-03
-4.08820822e-03 -2.26581081e-05 7.99102721e-03
-4.23074125e-03 -2.32369558e-05 8.26352004e-03
-4.37552095e-03 -2.38772244e-05 8.54017364e-03
-4.52265447e-03 -2.45750592e-05 8.82119261e-03
-4.67225527e-03 -2.53262286e-05 9.10679301e-03
-4.82444240e-03 -2.61261831e-05 9.39720110e-03
-4.97933985e-03 -2.69701158e-05 9.69265203e-03
-5.13707586e-03 -2.78530224e-05 9.99338856e-03
-5.29778219e-03 -2.87697607e-05 1.02996597e-02
-5.46159352e-03 -2.97151080e-05 1.06117195e-02
-5.62864666e-03 -3.06838169e-05 1.09298257e-02
-5.79907995e-03 -3.16706679e-05 1.12542384e-02
-5.97303261e-03 -3.26705196e-05 1.15852190e-02
-6.15064403e-03 -3.36783539e-05 1.19230288e-02
-6.33205325e-03 -3.46893187e-05 1.22679282e-02
-6.51739830e-03 -3.56987650e-05 1.26201750e-02
-6.70681569e-03 -3.67022802e-05 1.29800240e-02
-6.90043983e-03 -3.76957167e-05 1.33477257e-02
-7.09840260e-03 -3.86752150e-05 1.37235252e-02
-7.30083283e-03 -3.96372230e-05 1.41076616e-02
-7.50785586e-03 -4.05785099e-05 1.45003671e-02
-7.71959322e-03 -4.14961752e-05 1.49018662e-02
-7.93616219e-03 -4.23876540e-05 1.53123751e-02
-8.15767550e-03 -4.32507171e-05 1.57321011e-02
-8.38424106e-03 -4.40834676e-05 1.61612417e-02
-8.61596166e-03 -4.48843334e-05 1.65999847e-02
-8.85293479e-03 -4.56520561e-05 1.70485072e-02
-9.09525239e-03 -4.63856773e-05 1.75069754e-02
-9.34300074e-03 -4.70845214e-05 1.79755446e-02
-9.59626030e-03 -4.77481762e-05 1.84543582e-02
-9.85510556e-03 -4.83764716e-05 1.89435484e-02
-1.01196050e-02 -4.89694566e-05 1.94432351e-02
-1.03898211e-02 -4.95273747e-05 1.99535264e-02
-1.06658102e-02 -5.00506389e-05 2.04745182e-02
-1.09476223e-02 -5.05398055e-05 2.10062943e-02
-1.12353015e-02 -5.09955483e-05 2.15489262e-02
-1.15288856e-02 -5.14186325e-05 2.21024734e-02
-1.18284065e-02 -5.18098894e-05 2.26669829e-02
-1.21338899e-02 -5.21701914e-05 2.32424898e-02
-1.24453553e-02 -5.25004284e-05 2.38290171e-02
-1.27628164e-02 -5.28014849e-05 2.44265759e-02
-1.30862811e-02 -5.30742193e-05 2.50351652e-02
-1.34157512e-02 -5.33194440e-05 2.56547726e-02
-1.37512230e-02 -5.35379075e-05 2.62853737e-02
-1.40926867e-02 -5.37302785e-05 2.69269329e-02
-1.44401271e-02 -5.38971321e-05 2.75794030e-02
-1.47935236e-02 -5.40389368e-05 2.82427258e-02
-1.51528496e-02 -5.41560454e-05 2.89168317e-02
-1.55180736e-02 -5.42486861e-05 2.96016405e-02
-1.58891582e-02 -5.43169569e-05 3.02970607e-02
-1.62660611e-02 -5.43608208e-05 3.10029904e-02
-1.66487344e-02 -5.43801039e-05 3.17193170e-02
-1.70371251e-02 -5.43744947e-05 3.24459173e-02
-1.74311751e-02 -5.43435448e-05 3.31826579e-02
-1.78308210e-02 -5.42866720e-05 3.39293948e-02
-1.82359944e-02 -5.42031642e-05 3.46859741e-02
-1.86466215e-02 -5.40921845e-05 3.54522314e-02
-1.90626237e-02 -5.39527780e-05 3.62279924e-02
-1.94839173e-02 -5.37838793e-05 3.70130728e-02
-1.99104134e-02 -5.35843207e-05 3.78072782e-02
-2.03420181e-02 -5.33528414e-05 3.86104042e-02
-2.07786325e-02 -5.30880973e-05 3.94222367e-02
-2.12201524e-02 -5.27886710e-05 4.02425515e-02
-2.16664686e-02 -5.24530824e-05 4.10711146e-02
-2.21174671e-02 -5.20797993e-05 4.19076820e-02
-2.25730282e-02 -5.16672479e-05 4.27520001e-02
-2.30330276e-02 -5.12138239e-05 4.36038053e-02
-2.34973355e-02 -5.07179029e-05 4.44628240e-02
-2.39658169e-02 -5.01778507e-05 4.53287729e-02
-2.44383320e-02 -4.95920332e-05 4.62013589e-02
-2.49147352e-02 -4.89588266e-05 4.70802790e-02
-2.53948762e-02 -4.82766261e-05 4.79652203e-02
-2.58785990e-02 -4.75438551e-05 4.88558599e-02
-2.63657426e-02 -4.67589736e-05 4.97518655e-02
-2.68561407e-02 -4.59204857e-05 5.06528945e-02
-2.73496217e-02 -4.50269472e-05 5.15585947e-02
-2.78460085e-02 -4.40769723e-05 5.24686043e-02
-2.83451190e-02 -4.30692396e-05 5.33825515e-02
-2.88467658e-02 -4.20024984e-05 5.43000550e-02
-2.93507561e-02 -4.08755732e-05 5.52207237e-02
-2.98568920e-02 -3.96873689e-05 5.61441572e-02
-3.03649703e-02 -3.84368751e-05 5.70699454e-02
-3.08747828e-02 -3.71231694e-05 5.79976691e-02
-3.13861159e-02 -3.57454214e-05 5.89268994e-02
-3.18987513e-02 -3.43028953e-05 5.98571988e-02
-3.24124655e-02 -3.27949530e-05 6.07881205e-02
-3.29270300e-02 -3.12210560e-05 6.17192088e-02
-3.34422116e-02 -2.95807679e-05 6.26499997e-02
-3.39577723e-02 -2.78737557e-05 6.35800205e-02
-3.44734695e-02 -2.60997922e-05 6.45087901e-02
-3.49890560e-02 -2.42587567e-05 6.54358197e-02
-3.55042801e-02 -2.23506365e-05 6.63606124e-02
-3.60188860e-02 -2.03755279e-05 6.72826640e-02
-3.65326134e-02 -1.83336372e-05 6.82014629e-02
-3.70451984e-02 -1.62252815e-05 6.91164905e-02
-3.75563728e-02 -1.40508893e-05 7.00272217e-02
-3.80658650e-02 -1.18110011e-05 7.09331247e-02
-3.85733998e-02 -9.50626981e-06 7.18336622e-02
-3.90786984e-02 -7.13746122e-06 7.27282908e-02
-3.95814793e-02 -4.70545416e-06 7.36164620e-02
-4.00814575e-02 -2.21124064e-06 7.44976223e-02
-4.05783455e-02 3.44074130e-07 7.53712139e-02
-4.10718533e-02 2.95927187e-06 7.62366747e-02
-4.15616883e-02 5.63302152e-06 7.70934389e-02
-4.20475560e-02 8.36387964e-06 7.79409375e-02
-4.25291598e-02 1.11502910e-05 7.87785988e-02
-4.30062017e-02 1.39905895e-05 7.96058486e-02
-4.34783819e-02 1.68829988e-05 8.04221110e-02
-4.39453998e-02 1.98256341e-05 8.12268085e-02
-4.44069536e-02 2.28165031e-05 8.20193628e-02
-4.48627409e-02 2.58535077e-05 8.27991953e-02
-4.53124589e-02 2.89344464e-05 8.35657271e-02
-4.57558047e-02 3.20570162e-05 8.43183804e-02
-4.61924754e-02 3.52188150e-05 8.50565780e-02
-4.66221687e-02 3.84173447e-05 8.57797449e-02
-4.70445825e-02 4.16500142e-05 8.64873077e-02
-4.74594162e-02 4.49141429e-05 8.71786960e-02
-4.78663701e-02 4.82069644e-05 8.78533426e-02
-4.82651460e-02 5.15256304e-05 8.85106841e-02
-4.86554474e-02 5.48672153e-05 8.91501614e-02
-4.90369801e-02 5.82287210e-05 8.97712202e-02
-4.94094521e-02 6.16070812e-05 9.03733116e-02
-4.97725740e-02 6.49991676e-05 9.09558927e-02
-5.01260594e-02 6.84017945e-05 9.15184273e-02
-5.04696249e-02 7.18117252e-05 9.20603860e-02
-5.08029909e-02 7.52256779e-05 9.25812470e-02
-5.11258812e-02 7.86403315e-05 9.30804970e-02
-5.14380240e-02 8.20523325e-05 9.35576310e-02
-5.17391515e-02 8.54583013e-05 9.40121536e-02
-5.20290009e-02 8.88548390e-05 9.44435790e-02
-5.23073138e-02 9.22385341e-05 9.48514317e-02
-5.25738373e-02 9.56059693e-05 9.52352473e-02
-5.28283240e-02 9.89537284e-05 9.55945726e-02
-5.30705320e-02 1.02278403e-04 9.59289663e-02
-5.33002254e-02 1.05576601e-04 9.62379998e-02
-5.35171747e-02 1.08844949e-04 9.65212571e-02
-5.37211567e-02 1.12080105e-04 9.67783360e-02
-5.39119551e-02 1.15278760e-04 9.70088480e-02
-5.40893605e-02 1.18437646e-04 9.72124190e-02
-5.42531709e-02 1.21553544e-04 9.73886901e-02
-5.44031917e-02 1.24623285e-04 9.75373175e-02
-5.45392361e-02 1.27643761e-04 9.76579732e-02
-5.46611250e-02 1.30611928e-04 9.77503456e-02
-5.47686879e-02 1.33524811e-04 9.78141398e-02
-5.48617623e-02 1.36379508e-04 9.78490779e-02
-5.49401945e-02 1.39173194e-04 9.78548995e-02
-5.50038397e-02 1.41903129e-04 9.78313621e-02
-5.50525619e-02 1.44566656e-04 9.77782414e-02
-5.50862343e-02 1.47161207e-04 9.76953318e-02
-5.51047396e-02 1.49684306e-04 9.75824465e-02
-5.51079699e-02 1.52133571e-04 9.74394179e-02
-5.50958271e-02 1.54506714e-04 9.72660982e-02
-5.50682228e-02 1.56801545e-04 9.70623592e-02
-5.50250787e-02 1.59015973e-04 9.68280928e-02
-5.49663266e-02 1.61148006e-04 9.65632112e-02
-5.48919085e-02 1.63195750e-04 9.62676472e-02
-5.48017767e-02 1.65157413e-04 9.59413542e-02
-5.46958941e-02 1.67031301e-04 9.55843068e-02
-5.45742340e-02 1.68815818e-04 9.51965003e-02
-5.44367802e-02 1.70509467e-04 9.47779513e-02
-5.42835276e-02 1.72110848e-04 9.43286979e-02
-5.41144815e-02 1.73618656e-04 9.38487992e-02
-5.39296581e-02 1.75031680e-04 9.33383362e-02
-5.37290844e-02 1.76348800e-04 9.27974109e-02
-5.35127982e-02 1.77568989e-04 9.22261473e-02
-5.32808485e-02 1.78691306e-04 9.16246903e-02
-5.30332947e-02 1.79714897e-04 9.09932069e-02
-5.27702073e-02 1.80638990e-04 9.03318849e-02
-5.24916678e-02 1.81462899e-04 8.96409339e-02
-5.21977681e-02 1.82186012e-04 8.89205844e-02
-5.18886112e-02 1.82807799e-04 8.81710880e-02
-5.15643107e-02 1.83327801e-04 8.73927175e-02
-5.12249909e-02 1.83745635e-04 8.65857661e-02
-5.08707864e-02 1.84060987e-04 8.57505478e-02
-5.05018425e-02 1.84273612e-04 8.48873967e-02
-5.01183148e-02 1.84383330e-04 8.39966671e-02
-4.97203691e-02 1.84390028e-04 8.30787332e-02
-4.93081814e-02 1.84293657e-04 8.21339884e-02
-4.88819375e-02 1.84094226e-04 8.11628457e-02
-4.84418332e-02 1.83791807e-04 8.01657366e-02
-4.79880739e-02 1.83386531e-04 7.91431111e-02
-4.75208744e-02 1.82878586e-04 7.80954376e-02
-4.70404589e-02 1.82268218e-04 7.70232020e-02
-4.65470607e-02 1.81555730e-04 7.59269074e-02
-4.60409220e-02 1.80741478e-04 7.48070740e-02
-4.55222937e-02 1.79825879e-04 7.36642381e-02
-4.49914351e-02 1.78809401e-04 7.24989522e-02
-4.44486139e-02 1.77692569e-04 7.13117839e-02
-4.38941057e-02 1.76475964e-04 7.01033160e-02
-4.33281938e-02 1.75160226e-04 6.88741455e-02
-4.27511691e-02 1.73746047e-04 6.76248834e-02
-4.21633297e-02 1.72234180e-04 6.63561539e-02
-4.15649806e-02 1.70625437e-04 6.50685938e-02
-4.09564336e-02 1.68920687e-04 6.37628524e-02
-4.03380067e-02 1.67120863e-04 6.24395903e-02
-3.97100243e-02 1.65226957e-04 6.10994791e-02
-3.90728163e-02 1.63240027e-04 5.97432008e-02
-3.84267183e-02 1.61161196e-04 5.83714471e-02
-3.77720710e-02 1.58991651e-04 5.69849188e-02
-3.71092201e-02 1.56732651e-04 5.55843254e-02
-3.64385156e-02 1.54385521e-04 5.41703838e-02
-3.57603121e-02 1.51951660e-04 5.27438187e-02
-3.50749678e-02 1.49432539e-04 5.13053607e-02
-3.43828448e-02 1.46829703e-04 4.98557469e-02
-3.36843081e-02 1.44144776e-04 4.83957191e-02
-3.29797261e-02 1.41379456e-04 4.69260242e-02
-3.22694693e-02 1.38535522e-04 4.54474127e-02
-3.15539109e-02 1.35614832e-04 4.39606384e-02
-3.08334258e-02 1.32619326e-04 4.24664578e-02
-3.01083906e-02 1.29551026e-04 4.09656293e-02
-2.93791831e-02 1.26412035e-04 3.94589126e-02
-2.86461821e-02 1.23204540e-04 3.79470680e-02
-2.79097669e-02 1.19930810e-04 3.64308558e-02
-2.71703171e-02 1.16593200e-04 3.49110357e-02
-2.64282124e-02 1.13194142e-04 3.33883659e-02
-2.56838318e-02 1.09736154e-04 3.18636028e-02
-2.49375540e-02 1.06221833e-04 3.03375002e-02
-2.41897562e-02 1.02653853e-04 2.88108084e-02
-2.34408145e-02 9.90349683e-05 2.72842743e-02
-2.26911033e-02 9.53680055e-05 2.57586399e-02
-2.19409949e-02 9.16558644e-05 2.42346423e-02
-2.11908594e-02 8.79015141e-05 2.27130129e-02
-2.04410642e-02 8.41079891e-05 2.11944768e-02
-1.96919739e-02 8.02783866e-05 1.96797522e-02
-1.89439497e-02 7.64158615e-05 1.81695499e-02
-1.81973494e-02 7.25236226e-05 1.66645726e-02
-1.74525271e-02 6.86049272e-05 1.51655147e-02
-1.67098327e-02 6.46630769e-05 1.36730612e-02
-1.59696118e-02 6.07014112e-05 1.21878875e-02
-1.52322054e-02 5.67233028e-05 1.07106591e-02
-1.44979496e-02 5.27321509e-05 9.24203056e-03
-1.37671753e-02 4.87313757e-05 7.78264549e-03
-1.30402082e-02 4.47244119e-05 6.33313583e-03
-1.23173683e-02 4.07147022e-05 4.89412149e-03
-1.15989697e-02 3.67056907e-05 3.46620984e-03
-1.08853206e-02 3.27008169e-05 2.04999534e-03
-1.01767227e-02 2.87035083e-05 6.46059113e-04
-9.47347150e-03 2.47171745e-05 -7.45031455e-04
-8.77585559e-03 2.07452000e-05 -2.12272307e-03
-8.08415681e-03 1.67909384e-05 -3.48647691e-03
-7.39864991e-03 1.28577058e-05 -4.83576892e-03
-6.71960246e-03 8.94877447e-06 -6.17009019e-03
-6.04727465e-03 5.06736738e-06 -7.48894719e-03
-5.38191916e-03 1.21665216e-06 -8.79186210e-03
-4.72378101e-03 -2.60026416e-06 -1.00783731e-02
-4.07309742e-03 -6.38034026e-06 -1.13480344e-02
-3.43009772e-03 -1.01206053e-05 -1.26004167e-02
-2.79500322e-03 -1.38181633e-05 -1.38351075e-02
-2.16802711e-03 -1.74701974e-05 -1.50517108e-02
-1.54937438e-03 -2.10739730e-05 -1.62498476e-02
-9.39241727e-04 -2.46268416e-05 -1.74291562e-02
-3.37817495e-04 -2.81262432e-05 -1.85892919e-02
2.54718381e-04 -3.15697091e-05 -1.97299272e-02
8.38194435e-04 -3.49548636e-05 -2.08507523e-02
1.41244770e-03 -3.82794256e-05 -2.19514746e-02
1.97732375e-03 -4.15412103e-05 -2.30318189e-02
2.53267670e-03 -4.47381294e-05 -2.40915277e-02
3.07836923e-03 -4.78681918e-05 -2.51303609e-02
3.61427259e-03 -5.09295040e-05 -2.61480957e-02
4.14026659e-03 -5.39202695e-05 -2.71445269e-02
4.65623957e-03 -5.68387883e-05 -2.81194667e-02
5.16208836e-03 -5.96834563e-05 -2.90727444e-02
5.65771830e-03 -6.24527640e-05 -3.00042065e-02
6.14304314e-03 -6.51452956e-05 -3.09137167e-02
6.61798502e-03 -6.77597272e-05 -3.18011555e-02
7.08247437e-03 -7.02948252e-05 -3.26664203e-02
7.53644989e-03 -7.27494448e-05 -3.35094251e-02
7.97985846e-03 -7.51225281e-05 -3.43301002e-02
8.41265501e-03 -7.74131022e-05 -3.51283923e-02
8.83480248e-03 -7.96202771e-05 -3.59042641e-02
9.24627173e-03 -8.17432443e-05 -3.66576942e-02
9.64704138e-03 -8.37812745e-05 -3.73886766e-02
1.00370977e-02 -8.57337163e-05 -3.80972207e-02
1.04164347e-02 -8.75999939e-05 -3.87833510e-02
1.07850535e-02 -8.93796059e-05 -3.94471069e-02
1.11429628e-02 -9.10721240e-05 -4.00885422e-02
1.14901783e-02 -9.26771913e-05 -4.07077248e-02
1.18267229e-02 -9.41945214e-05 -4.13047368e-02
1.21526263e-02 -9.56238974e-05 -4.18796737e-02
1.24679250e-02 -9.69651711e-05 -4.24326442e-02
1.27726618e-02 -9.82182621e-05 -4.29637703e-02
1.30668862e-02 -9.93831578e-05 -4.34731863e-02
1.33506541e-02 -1.00459913e-04 -4.39610388e-02
1.36240270e-02 -1.01448650e-04 -4.44274865e-02
1.38870728e-02 -1.02349556e-04 -4.48726995e-02
1.41398650e-02 -1.03162890e-04 -4.52968590e-02
1.43824826e-02 -1.03888976e-04 -4.57001574e-02
1.46150100e-02 -1.04528205e-04 -4.60827972e-02
1.48375371e-02 -1.05081039e-04 -4.64449912e-02
1.50501584e-02 -1.05548009e-04 -4.67869618e-02
1.52529736e-02 -1.05929714e-04 -4.71089408e-02
1.54460870e-02 -1.06226826e-04 -4.74111689e-02
1.56296074e-02 -1.06440087e-04 -4.76938953e-02
1.58036478e-02 -1.06570310e-04 -4.79573776e-02
1.59683255e-02 -1.06618381e-04 -4.82018810e-02
1.61237616e-02 -1.06585260e-04 -4.84276782e-02
1.62700809e-02 -1.06471977e-04 -4.86350488e-02
1.64074120e-02 -1.06279638e-04 -4.88242792e-02
1.65358866e-02 -1.06009421e-04 -4.89956619e-02
1.66556398e-02 -1.05662576e-04 -4.91494955e-02
1.67668095e-02 -1.05240428e-04 -4.92860838e-02
1.68695366e-02 -1.04744373e-04 -4.94057359e-02
1.69639644e-02 -1.04175877e-04 -4.95087656e-02
1.70502388e-02 -1.03536477e-04 -4.95954911e-02
1.71285081e-02 -1.02827780e-04 -4.96662345e-02
1.71989223e-02 -1.02051459e-04 -4.97213215e-02
1.72616337e-02 -1.01209250e-04 -4.97610813e-02
1.73167959e-02 -1.00302954e-04 -4.97858459e-02
1.73645646e-02 -9.93344337e-05 -4.97959496e-02
1.74050963e-02 -9.83056061e-05 -4.97917294e-02
1.74385490e-02 -9.72184442e-05 -4.97735237e-02
1.74650818e-02 -9.60749720e-05 -4.97416727e-02
1.74848546e-02 -9.48772606e-05 -4.96965179e-02
1.74980278e-02 -9.36274248e-05 -4.96384013e-02
1.75047627e-02 -9.23276186e-05 -4.95676660e-02
1.75052207e-02 -9.09800313e-05 -4.94846548e-02
1.74995637e-02 -8.95868827e-05 -4.93897110e-02
1.74879535e-02 -8.81504185e-05 -4.92831771e-02
1.74705519e-02 -8.66729056e-05 -4.91653952e-02
1.74475206e-02 -8.51566272e-05 -4.90367065e-02
1.74190209e-02 -8.36038775e-05 -4.88974511e-02
1.73852135e-02 -8.20169571e-05 -4.87479674e-02
1.73462587e-02 -8.03981676e-05 -4.85885923e-02
1.73023160e-02 -7.87498064e-05 -4.84196607e-02
1.72535441e-02 -7.70741622e-05 -4.82415054e-02
1.72001008e-02 -7.53735093e-05 -4.80544566e-02
1.71421425e-02 -7.36501034e-05 -4.78588421e-02
1.70798249e-02 -7.19061764e-05 -4.76549867e-02
1.70133019e-02 -7.01439316e-05 -4.74432122e-02
1.69427265e-02 -6.83655398e-05 -4.72238371e-02
1.68682499e-02 -6.65731347e-05 -4.69971764e-02
1.67900218e-02 -6.47688087e-05 -4.67635418e-02
1.67081903e-02 -6.29546096e-05 -4.65232408e-02
1.66229015e-02 -6.11325364e-05 -4.62765773e-02
1.65343000e-02 -5.93045367e-05 -4.60238508e-02
1.64425284e-02 -5.74725032e-05 -4.57653568e-02
1.63477271e-02 -5.56382715e-05 -4.55013863e-02
1.62500348e-02 -5.38036171e-05 -4.52322258e-02
1.61495877e-02 -5.19702540e-05 -4.49581573e-02
1.60465203e-02 -5.01398328e-05 -4.46794577e-02
1.59409644e-02 -4.83139390e-05 -4.43963996e-02
1.58330499e-02 -4.64940924e-05 -4.41092501e-02
1.57229041e-02 -4.46817459e-05 -4.38182718e-02
1.56106523e-02 -4.28782857e-05 -4.35237217e-02
1.54964169e-02 -4.10850304e-05 -4.32258521e-02
1.53803183e-02 -3.93032318e-05 -4.29249097e-02
1.52624742e-02 -3.75340753e-05 -4.26211361e-02
1.51430000e-02 -3.57786803e-05 -4.23147675e-02
1.50220082e-02 -3.40381016e-05 -4.20060346e-02
1.48996091e-02 -3.23133304e-05 -4.16951629e-02
1.47759104e-02 -3.06052962e-05 -4.13823723e-02
1.46510171e-02 -2.89148679e-05 -4.10678772e-02
1.45250316e-02 -2.72428560e-05 -4.07518866e-02
1.43980539e-02 -2.55900148e-05 -4.04346039e-02
1.42701812e-02 -2.39570441e-05 -4.01162271e-02
1.41415080e-02 -2.23445923e-05 -3.97969487e-02
1.40121266e-02 -2.07532577e-05 -3.94769554e-02
1.38821263e-02 -1.91835920e-05 -3.91564289e-02
1.37515940e-02 -1.76361022e-05 -3.88355450e-02
1.36206139e-02 -1.61112535e-05 -3.85144744e-02
1.34892676e-02 -1.46094716e-05 -3.81933821e-02
1.33576344e-02 -1.31311454e-05 -3.78724279e-02
1.32257907e-02 -1.16766297e-05 -3.75517661e-02
1.30938106e-02 -1.02462471e-05 -3.72315459e-02
1.29617656e-02 -8.84029122e-06 -3.69119110e-02
1.28297247e-02 -7.45902826e-06 -3.65930002e-02
1.26977545e-02 -6.10269970e-06 -3.62749468e-02
1.25659191e-02 -4.77152423e-06 -3.59578793e-02
1.24342801e-02 -3.46569977e-06 -3.56419211e-02
1.23028969e-02 -2.18540533e-06 -3.53271904e-02
1.21718265e-02 -9.30802692e-07 -3.50138008e-02
1.20411236e-02 2.97962020e-07 -3.47018610e-02
1.19108404e-02 1.50075693e-06 -3.43914749e-02
1.17810272e-02 2.67746318e-06 -3.40827417e-02
1.16517319e-02 3.82797387e-06 -3.37757560e-02
1.15230001e-02 4.95219309e-06 -3.34706080e-02
1.13948756e-02 6.05003523e-06 -3.31673835e-02
1.12673999e-02 7.12142436e-06 -3.28661637e-02
1.11406124e-02 8.16629376e-06 -3.25670257e-02
1.10145507e-02 9.18458570e-06 -3.22700426e-02
1.08892502e-02 1.01762512e-05 -3.19752830e-02
1.07647447e-02 1.11412502e-05 -3.16828119e-02
1.06410658e-02 1.20795515e-05 -3.13926903e-02
1.05182434e-02 1.29911329e-05 -3.11049752e-02
1.03963057e-02 1.38759818e-05 -3.08197202e-02
1.02752792e-02 1.47340958e-05 -3.05369749e-02
1.01551885e-02 1.55654826e-05 -3.02567856e-02
1.00360567e-02 1.63701611e-05 -2.99791953e-02
9.91790535e-03 1.71481619e-05 -2.97042432e-02
9.80075439e-03 1.78995280e-05 -2.94319658e-02
9.68462228e-03 1.86243157e-05 -2.91623959e-02
9.56952602e-03 1.93225949e-05 -2.88955635e-02
9.45548121e-03 1.99944506e-05 -2.86314957e-02
9.34250210e-03 2.06399828e-05 -2.83702165e-02
9.23060163e-03 2.12593081e-05 -2.81117471e-02
9.11979146e-03 2.18525596e-05 -2.78561060e-02
9.01008204e-03 2.24198884e-05 -2.76033092e-02
8.90148264e-03 2.29614636e-05 -2.73533700e-02
8.79400140e-03 2.34774731e-05 -2.71062992e-02
8.68764536e-03 2.39681242e-05 -2.68621052e-02
8.58242053e-03 2.44336439e-05 -2.66207942e-02
8.47833191e-03 2.48742793e-05 -2.63823701e-02
8.37538354e-03 2.52902981e-05 -2.61468345e-02
8.27357853e-03 2.56819883e-05 -2.59141871e-02
8.17291912e-03 2.60496586e-05 -2.56844256e-02
8.07340670e-03 2.63936384e-05 -2.54575455e-02
7.97504187e-03 2.67142776e-05 -2.52335408e-02
7.87782444e-03 2.70119465e-05 -2.50124033e-02
7.78175352e-03 2.72870351e-05 -2.47941233e-02
7.68682752e-03 2.75399531e-05 -2.45786895e-02
7.59304419e-03 2.77711293e-05 -2.43660887e-02
7.50040065e-03 2.79810108e-05 -2.41563064e-02
7.40889344e-03 2.81700625e-05 -2.39493265e-02
7.31851857e-03 2.83387660e-05 -2.37451315e-02
7.22927149e-03 2.84876190e-05 -2.35437026e-02
7.14114718e-03 2.86171343e-05 -2.33450196e-02
7.05414017e-03 2.87278386e-05 -2.31490611e-02
6.96824454e-03 2.88202714e-05 -2.29558044e-02
6.88345399e-03 2.88949841e-05 -2.27652258e-02
6.79976183e-03 2.89525384e-05 -2.25773004e-02
6.71716104e-03 2.89935052e-05 -2.23920023e-02
6.63564429e-03 2.90184636e-05 -2.22093046e-02
6.55520396e-03 2.90279989e-05 -2.20291796e-02
6.47583214e-03 2.90227018e-05 -2.18515983e-02
6.39752073e-03 2.90031667e-05 -2.16765314e-02
6.32026136e-03 2.89699907e-05 -2.15039483e-02
6.24404553e-03 2.89237717e-05 -2.13338181e-02
6.16886452e-03 2.88651075e-05 -2.11661088e-02
6.09470949e-03 2.87945941e-05 -2.10007879e-02
6.02157149e-03 2.87128245e-05 -2.08378224e-02
5.94944144e-03 2.86203874e-05 -2.06771785e-02
5.87831019e-03 2.85178660e-05 -2.05188220e-02
5.80816853e-03 2.84058364e-05 -2.03627182e-02
5.73900721e-03 2.82848669e-05 -2.02088319e-02
5.67081695e-03 2.81555164e-05 -2.00571276e-02
5.60358846e-03 2.80183335e-05 -1.99075692e-02
5.53731245e-03 2.78738556e-05 -1.97601205e-02
5.47197968e-03 2.77226074e-05 -1.96147448e-02
5.40758093e-03 2.75651005e-05 -1.94714054e-02
5.34410704e-03 2.74018323e-05 -1.93300650e-02
5.28154893e-03 2.72332848e-05 -1.91906865e-02
5.21989758e-03 2.70599245e-05 -1.90532324e-02
5.15914409e-03 2.68822014e-05 -1.89176652e-02
5.09927965e-03 2.67005479e-05 -1.87839472e-02
5.04029557e-03 2.65153791e-05 -1.86520406e-02
4.98218329e-03 2.63270914e-05 -1.85219079e-02
4.92493439e-03 2.61360624e-05 -1.83935111e-02
4.86854061e-03 2.59426507e-05 -1.82668128e-02
4.81299381e-03 2.57471951e-05 -1.81417751e-02
4.75828604e-03 2.55500143e-05 -1.80183606e-02
4.70440952e-03 2.53514069e-05 -1.78965318e-02
4.65135662e-03 2.51516510e-05 -1.77762514e-02
4.59911993e-03 2.49510039e-05 -1.76574824e-02
4.54769218e-03 2.47497022e-05 -1.75401877e-02
4.49706632e-03 2.45479614e-05 -1.74243307e-02
4.44723549e-03 2.43459759e-05 -1.73098748e-02
4.39819300e-03 2.41439192e-05 -1.71967838e-02
4.34993238e-03 2.39419434e-05 -1.70850218e-02
4.30244734e-03 2.37401796e-05 -1.69745530e-02
4.25573180e-03 2.35387379e-05 -1.68653421e-02
4.20977988e-03 2.33377074e-05 -1.67573540e-02
4.16458587e-03 2.31371561e-05 -1.66505541e-02
4.12014427e-03 2.29371315e-05 -1.65449079e-02
4.07644978e-03 2.27376604e-05 -1.64403815e-02
4.03349728e-03 2.25387490e-05 -1.63369414e-02
3.99128183e-03 2.23403834e-05 -1.62345542e-02
3.94979868e-03 2.21425300e-05 -1.61331872e-02
3.90904325e-03 2.19451350e-05 -1.60328080e-02
3.86901115e-03 2.17481256e-05 -1.59333846e-02
3.82969812e-03 2.15514098e-05 -1.58348854e-02
3.79110009e-03 2.13548769e-05 -1.57372795e-02
3.75321315e-03 2.11583979e-05 -1.56405361e-02
3.71603352e-03 2.09618262e-05 -1.55446249e-02
3.67955756e-03 2.07649975e-05 -1.54495163e-02
3.64378178e-03 2.05677309e-05 -1.53551809e-02
3.60870281e-03 2.03698293e-05 -1.52615899e-02
3.57431739e-03 2.01710798e-05 -1.51687149e-02
3.54062238e-03 1.99712546e-05 -1.50765281e-02
3.50761475e-03 1.97701117e-05 -1.49850018e-02
3.47529154e-03 1.95673954e-05 -1.48941093e-02
3.44364989e-03 1.93628377e-05 -1.48038239e-02
3.41268703e-03 1.91561582e-05 -1.47141197e-02
3.38240024e-03 1.89470662e-05 -1.46249711e-02
3.35278687e-03 1.87352606e-05 -1.45363530e-02
3.32384431e-03 1.85204315e-05 -1.44482407e-02
3.29557002e-03 1.83022612e-05 -1.43606102e-02
3.26796146e-03 1.80804252e-05 -1.42734377e-02
3.24101614e-03 1.78545934e-05 -1.41867001e-02
3.21473158e-03 1.76244315e-05 -1.41003746e-02
3.18910531e-03 1.73896018e-05 -1.40144389e-02
3.16413487e-03 1.71497650e-05 -1.39288713e-02
3.13981778e-03 1.69045814e-05 -1.38436503e-02
3.11615156e-03 1.66537120e-05 -1.37587551e-02
3.09313370e-03 1.63968204e-05 -1.36741654e-02
3.07076167e-03 1.61335738e-05 -1.35898611e-02
3.04903290e-03 1.58636446e-05 -1.35058228e-02
3.02794477e-03 1.55867119e-05 -1.34220315e-02
3.00749465e-03 1.53024630e-05 -1.33384687e-02
2.98767981e-03 1.50105950e-05 -1.32551161e-02
2.96849748e-03 1.47108161e-05 -1.31719564e-02
2.94994484e-03 1.44028470e-05 -1.30889721e-02
2.93201899e-03 1.40864227e-05 -1.30061468e-02
2.91471695e-03 1.37612938e-05 -1.29234642e-02
2.89803566e-03 1.34272279e-05 -1.28409086e-02
2.88197200e-03 1.30840111e-05 -1.27584647e-02
2.86652273e-03 1.27314491e-05 -1.26761176e-02
2.85168456e-03 1.23693690e-05 -1.25938532e-02
2.83745408e-03 1.19976202e-05 -1.25116575e-02
2.82382778e-03 1.16160757e-05 -1.24295173e-02
2.81080208e-03 1.12246335e-05 -1.23474196e-02
2.79837328e-03 1.08232172e-05 -1.22653521e-02
2.78653757e-03 1.04117775e-05 -1.21833029e-02
2.77529106e-03 9.99029318e-06 -1.21012606e-02
2.76462973e-03 9.55877153e-06 -1.20192144e-02
2.75454947e-03 9.11724954e-06 -1.19371539e-02
2.74504605e-03 8.66579449e-06 -1.18550691e-02
2.73611514e-03 8.20450458e-06 -1.17729507e-02
2.72775230e-03 7.73350948e-06 -1.16907899e-02
2.71995297e-03 7.25297075e-06 -1.16085782e-02
2.71271249e-03 6.76308225e-06 -1.15263079e-02
2.70602608e-03 6.26407036e-06 -1.14439717e-02
2.69988884e-03 5.75619414e-06 -1.13615627e-02
2.69429578e-03 5.23974547e-06 -1.12790746e-02
2.68924179e-03 4.71504896e-06 -1.11965017e-02
2.68472164e-03 4.18246193e-06 -1.11138388e-02
2.68072999e-03 3.64237413e-06 -1.10310811e-02
2.67726139e-03 3.09520755e-06 -1.09482244e-02
2.67431029e-03 2.54141600e-06 -1.08652652e-02
2.67187101e-03 1.98148469e-06 -1.07822002e-02
2.66993777e-03 1.41592975e-06 -1.06990268e-02
2.66850468e-03 8.45297569e-07 -1.06157429e-02
2.66756573e-03 2.70164222e-07 -1.05323469e-02
2.66711480e-03 -3.08865303e-07 -1.04488378e-02
2.66714567e-03 -8.91157865e-07 -1.03652149e-02
2.66765201e-03 -1.47605300e-06 -1.02814782e-02
2.66862737e-03 -2.06286382e-06 -1.01976281e-02
2.67006521e-03 -2.65087791e-06 -1.01136655e-02
2.67195885e-03 -3.23935833e-06 -1.00295919e-02
2.67430153e-03 -3.82754460e-06 -9.94540920e-03
2.67708638e-03 -4.41465373e-06 -9.86111969e-03
2.68030640e-03 -4.99988128e-06 -9.77672625e-03
2.68395451e-03 -5.58240247e-06 -9.69223218e-03
2.68802351e-03 -6.16137322e-06 -9.60764121e-03
2.69250610e-03 -6.73593132e-06 -9.52295756e-03
2.69739486e-03 -7.30519751e-06 -9.43818583e-03
2.70268229e-03 -7.86827661e-06 -9.35333109e-03
2.70836077e-03 -8.42425864e-06 -9.26839880e-03
2.71442259e-03 -8.97221995e-06 -9.18339482e-03
2.72085992e-03 -9.51122436e-06 -9.09832541e-03
2.72766485e-03 -1.00403242e-05 -9.01319722e-03
2.73482936e-03 -1.05585615e-05 -8.92801726e-03
2.74234534e-03 -1.10649690e-05 -8.84279290e-03
2.75020457e-03 -1.15585712e-05 -8.75753186e-03
2.75839876e-03 -1.20383857e-05 -8.67224220e-03
2.76691950e-03 -1.25034237e-05 -8.58693231e-03
2.77575832e-03 -1.29526916e-05 -8.50161087e-03
2.78490664e-03 -1.33851917e-05 -8.41628689e-03
2.79435580e-03 -1.37999233e-05 -8.33096966e-03
2.80409707e-03 -1.41958835e-05 -8.24566874e-03
2.81412163e-03 -1.45720686e-05 -8.16039396e-03
2.82442058e-03 -1.49274745e-05 -8.07515543e-03
2.83498496e-03 -1.52610980e-05 -7.98996346e-03
2.84580573e-03 -1.55719378e-05 -7.90482863e-03
2.85687379e-03 -1.58589952e-05 -7.81976172e-03
2.86817998e-03 -1.61212749e-05 -7.73477374e-03
2.87971508e-03 -1.63577864e-05 -7.64987589e-03
2.89146981e-03 -1.65675445e-05 -7.56507957e-03
2.90343486e-03 -1.67495702e-05 -7.48039633e-03
2.91560085e-03 -1.69028918e-05 -7.39583793e-03
2.92795838e-03 -1.70265458e-05 -7.31141627e-03
2.94049801e-03 -1.71195774e-05 -7.22714340e-03
2.95321027e-03 -1.71810422e-05 -7.14303152e-03
2.96608568e-03 -1.72100063e-05 -7.05909296e-03
2.97911471e-03 -1.72055477e-05 -6.97534018e-03
2.99228785e-03 -1.71667569e-05 -6.89178575e-03
3.00559555e-03 -1.70927385e-05 -6.80844234e-03
3.01902830e-03 -1.69826113e-05 -6.72532274e-03
3.03257657e-03 -1.68355099e-05 -6.64243981e-03
3.04623082e-03 -1.66505853e-05 -6.55980653e-03
3.05998156e-03 -1.64270062e-05 -6.47743591e-03
3.07381931e-03 -1.61639599e-05 -6.39534106e-03
3.08773461e-03 -1.58606532e-05 -6.31353516e-03
3.10171805e-03 -1.55163137e-05 -6.23203143e-03
3.11576023e-03 -1.51301904e-05 -6.15084315e-03
3.12985184e-03 -1.47015553e-05 -6.06998364e-03
3.14398357e-03 -1.42297041e-05 -5.98946625e-03
3.15814620e-03 -1.37139575e-05 -5.90930438e-03
3.17233056e-03 -1.31536620e-05 -5.82951144e-03
3.18652756e-03 -1.25481914e-05 -5.75010087e-03
3.20072816e-03 -1.18969473e-05 -5.67108610e-03
3.21492343e-03 -1.11993608e-05 -5.59248061e-03
3.22910449e-03 -1.04548933e-05 -5.51429783e-03
3.24326257e-03 -9.66303720e-06 -5.43655123e-03
3.25738898e-03 -8.82331772e-06 -5.35925424e-03
3.27147515e-03 -7.93529328e-06 -5.28242030e-03
3.28551260e-03 -6.99855679e-06 -5.20606279e-03
3.29949294e-03 -6.01273659e-06 -5.13019511e-03
3.31340792e-03 -4.97749737e-06 -5.05483058e-03
3.32724938e-03 -3.89254109e-06 -4.97998251e-03
3.34100931e-03 -2.75760790e-06 -4.90566415e-03
3.35467979e-03 -1.57247690e-06 -4.83188872e-03
3.36825305e-03 -3.36966943e-07 -4.75866935e-03
3.38172143e-03 9.49062649e-07 -4.68601914e-03
3.39507743e-03 2.28571143e-06 -4.61395109e-03
3.40831365e-03 3.67303723e-06 -4.54247815e-03
3.42142287e-03 5.11105567e-06 -4.47161318e-03
3.43439797e-03 6.59973970e-06 -4.40136895e-03
3.44723199e-03 8.13901922e-06 -4.33175813e-03
3.45991813e-03 9.72878086e-06 -4.26279331e-03
3.47244972e-03 1.13688677e-05 -4.19448696e-03
3.48482024e-03 1.30590795e-05 -4.12685145e-03
3.49702333e-03 1.47991720e-05 -4.05989902e-03
3.50905277e-03 1.65888579e-05 -3.99364181e-03
3.52090250e-03 1.84278066e-05 -3.92809179e-03
3.53256661e-03 2.03156446e-05 -3.86326085e-03
3.54403936e-03 2.22519559e-05 -3.79916070e-03
3.55531515e-03 2.42362826e-05 -3.73580292e-03
3.56638855e-03 2.62681258e-05 -3.67319894e-03
3.57725426e-03 2.83469460e-05 -3.61136003e-03
3.58790718e-03 3.04721643e-05 -3.55029729e-03
3.59834234e-03 3.26431635e-05 -3.49002168e-03
3.60855494e-03 3.48592888e-05 -3.43054396e-03
3.61854032e-03 3.71198498e-05 -3.37187473e-03
3.62829401e-03 3.94241213e-05 -3.31402440e-03
3.63781168e-03 4.17713450e-05 -3.25700320e-03
3.64708915e-03 4.41607314e-05 -3.20082118e-03
3.65612242e-03 4.65914611e-05 -3.14548817e-03
3.66490763e-03 4.90626873e-05 -3.09101382e-03
3.67344109e-03 5.15735373e-05 -3.03740758e-03
3.68171927e-03 5.41231145e-05 -2.98467869e-03
3.68973877e-03 5.67105011e-05 -2.93283616e-03
3.69749638e-03 5.93347603e-05 -2.88188884e-03
3.70498903e-03 6.19949384e-05 -2.83184530e-03
3.71221380e-03 6.46900673e-05 -2.78271394e-03
3.71916793e-03 6.74191676e-05 -2.73450292e-03
3.72584881e-03 7.01812508e-05 -2.68722018e-03
3.73225400e-03 7.29753220e-05 -2.64087343e-03
3.73838118e-03 7.58003831e-05 -2.59547015e-03
3.74422822e-03 7.86554351e-05 -2.55101761e-03
3.74979309e-03 8.15394817e-05 -2.50752282e-03
3.75507396e-03 8.44515316e-05 -2.46499257e-03
3.76006912e-03 8.73906019e-05 -2.42343343e-03
3.76477701e-03 9.03557207e-05 -2.38285172e-03
3.76919622e-03 9.33459308e-05 -2.34325351e-03
3.77332549e-03 9.63602921e-05 -2.30464468e-03
3.77716368e-03 9.93978848e-05 -2.26703081e-03
3.78070983e-03 1.02457813e-04 -2.23041730e-03
3.78396308e-03 1.05539205e-04 -2.19480927e-03
3.78692276e-03 1.08641223e-04 -2.16021163e-03
3.78958829e-03 1.11763056e-04 -2.12662904e-03
3.79195926e-03 1.14903933e-04 -2.09406593e-03
3.79403539e-03 1.18063117e-04 -2.06252648e-03
3.79581652e-03 1.21239915e-04 -2.03201464e-03
3.79730265e-03 1.24433675e-04 -2.00253413e-03
3.79849390e-03 1.27643791e-04 -1.97408844e-03
3.79939051e-03 1.30869708e-04 -1.94668080e-03
3.79999287e-03 1.34110920e-04 -1.92031424e-03
3.80030150e-03 1.37366972e-04 -1.89499153e-03
3.80031702e-03 1.40637469e-04 -1.87071524e-03
3.80004022e-03 1.43922069e-04 -1.84748767e-03
3.79947197e-03 1.47220491e-04 -1.82531093e-03
3.79861330e-03 1.50532514e-04 -1.80418688e-03
3.79746534e-03 1.53857979e-04 -1.78411716e-03
3.79602935e-03 1.57196793e-04 -1.76510320e-03
3.79430670e-03 1.60548925e-04 -1.74714619e-03
3.79229890e-03 1.63914411e-04 -1.73024711e-03
3.79000754e-03 1.67293353e-04 -1.71440671e-03
3.78743435e-03 1.70685922e-04 -1.69962554e-03
3.78458118e-03 1.74092356e-04 -1.68590391e-03
3.78144997e-03 1.77512961e-04 -1.67324194e-03
3.77804278e-03 1.80948110e-04 -1.66163952e-03
3.77436177e-03 1.84398247e-04 -1.65109635e-03
3.77040921e-03 1.87863880e-04 -1.64161189e-03
3.76618749e-03 1.91345586e-04 -1.63318542e-03
3.76169908e-03 1.94844009e-04 -1.62581600e-03
3.75694656e-03 1.98359858e-04 -1.61950248e-03
