-1.08825025e-11 1.44992671e-12 2.02989739e-11
-5.46360668e-10 5.19714095e-11 1.01500209e-09
-4.07403773e-09 3.20742465e-10 7.54773503e-09
-1.64620642e-08 1.08730960e-09 3.04141143e-08
-4.77144876e-08 2.64327693e-09 8.78965475e-08
-1.11942517e-07 5.16914819e-09 2.05569255e-07
-2.26654986e-07 8.62062533e-09 4.14827954e-07
-4.11517605e-07 1.26411785e-08 7.50441930e-07
-6.86757743e-07 1.65068264e-08 1.24747420e-06
-1.07139216e-06 1.91026570e-08 1.93791308e-06
-1.58143924e-06 1.89271514e-08 2.84732439e-06
-2.22825181e-06 1.41188053e-08 3.99178172e-06
-3.01707682e-06 2.49912622e-09 5.37527275e-06
-3.94591776e-06 -1.83736446e-08 6.98771901e-06
-5.00474685e-06 -5.11451194e-08 8.80369042e-06
-6.17508810e-06 -9.86039177e-08 1.07818453e-05
-7.42997087e-06 -1.63622844e-07 1.28650853e-05
-8.73423562e-06 -2.49104781e-07 1.49813802e-05
-1.00451603e-05 -3.57935299e-07 1.70451939e-05
-1.13133659e-05 -4.92943398e-07 1.89594241e-05
-1.24839546e-05 -6.56871249e-07 2.06177579e-05
-1.34978285e-05 -8.52353419e-07 2.19073423e-05
-1.42931400e-05 -1.08190565e-06 2.27116671e-05
-1.48068227e-05 -1.34792303e-06 2.29135624e-05
-1.49761564e-05 -1.65268703e-06 2.23982210e-05
-1.47403238e-05 -1.99838089e-06 2.10561625e-05
-1.40419222e-05 -2.38711240e-06 1.87860702e-05
-1.28283950e-05 -2.82094326e-06 1.54974389e-05
-1.10533591e-05 -3.30192385e-06 1.11129849e-05
-8.67780458e-06 -3.83213251e-06 5.57078269e-06
-5.67115092e-06 -4.41371799e-06 -1.17390174e-06
-2.01214867e-06 -5.04894396e-06 -9.14709574e-06
2.31038093e-06 -5.74023449e-06 -1.83549330e-05
7.29697081e-06 -6.49021935e-06 -2.87827941e-05
1.29370967e-05 -7.30177795e-06 -4.03947698e-05
1.92089260e-05 -8.17808104e-06 -5.31334329e-05
2.60792197e-05 -9.12262919e-06 -6.69199043e-05
3.35033801e-05 -1.01392872e-05 -8.16541911e-05
4.14256324e-05 -1.12323135e-05 -9.72157743e-05
4.97793306e-05 -1.24063849e-05 -1.13464420e-04
5.84873734e-05 -1.36666145e-05 -1.30241189e-04
6.74627190e-05 -1.50185640e-05 -1.47369617e-04
7.66089842e-05 -1.64682499e-05 -1.64657033e-04
8.58211152e-05 -1.80221423e-05 -1.81896005e-04
9.49861172e-05 -1.96871582e-05 -1.98865864e-04
1.03983830e-04 -2.14706479e-05 -2.15334301e-04
1.12687740e-04 -2.33803759e-05 -2.31059006e-04
1.20965806e-04 -2.54244961e-05 -2.45789322e-04
1.28681313e-04 -2.76115215e-05 -2.59267908e-04
1.35693710e-04 -2.99502896e-05 -2.71232378e-04
1.41859455e-04 -3.24499245e-05 -2.81416907e-04
1.47032834e-04 -3.51197946e-05 -2.89553791e-04
1.51066770e-04 -3.79694682e-05 -2.95374942e-04
1.53813588e-04 -4.10086681e-05 -2.98613312e-04
1.55125758e-04 -4.42472236e-05 -2.99004241e-04
1.54856593e-04 -4.76950234e-05 -2.96286705e-04
1.52860903e-04 -5.13619684e-05 -2.90204479e-04
1.48995606e-04 -5.52579254e-05 -2.80507195e-04
1.43120290e-04 -5.93926828e-05 -2.66951301e-04
1.35097715e-04 -6.37759089e-05 -2.49300909e-04
1.24794278e-04 -6.84171121e-05 -2.27328550e-04
1.12080413e-04 -7.33256056e-05 -2.00815806e-04
9.68309395e-05 -7.85104754e-05 -1.69553854e-04
7.89253667e-05 -8.39805526e-05 -1.33343900e-04
5.82481341e-05 -8.97443896e-05 -9.19975131e-05
3.46888086e-05 -9.58102423e-05 -4.53368658e-05
8.14222911e-06 -1.02186055e-04 6.80511894e-06
-2.14913960e-05 -1.08879455e-04 6.45847095e-05
-5.43064381e-05 -1.15897741e-04 1.28147390e-04
-9.03918404e-05 -1.23247894e-04 1.97627965e-04
-1.29831153e-04 -1.30936576e-04 2.73150736e-04
-1.72702605e-04 -1.38970141e-04 3.54829744e-04
-2.19079216e-04 -1.47354651e-04 4.42769082e-04
-2.69028938e-04 -1.56095895e-04 5.37063258e-04
-3.22614831e-04 -1.65199409e-04 6.37797608e-04
-3.79895266e-04 -1.74670502e-04 7.45048764e-04
-4.40924155e-04 -1.84514286e-04 8.58885153e-04
-5.05751199e-04 -1.94735707e-04 9.79367536e-04
-5.74422164e-04 -2.05339576e-04 1.10654957e-03
-6.46979165e-04 -2.16330606e-04 1.24047842e-03
-7.23460977e-04 -2.27713448e-04 1.38119535e-03
-8.03903343e-04 -2.39492727e-04 1.52873634e-03
-8.88339305e-04 -2.51673080e-04 1.68313276e-03
-9.76799537e-04 -2.64259195e-04 1.84441200e-03
-1.06931268e-03 -2.77255846e-04 2.01259808e-03
-1.16590568e-03 -2.90667931e-04 2.18771234e-03
-1.26660415e-03 -3.04500506e-04 2.36977407e-03
-1.37143268e-03 -3.18758818e-04 2.55880111e-03
-1.48041520e-03 -3.33448342e-04 2.75481048e-03
-1.59357529e-03 -3.48574803e-04 2.95781900e-03
-1.71093653e-03 -3.64144211e-04 3.16784384e-03
-1.83252280e-03 -3.80162882e-04 3.38490313e-03
-1.95835861e-03 -3.96637461e-04 3.60901644e-03
-2.08846936e-03 -4.13574944e-04 3.84020533e-03
-2.22288167e-03 -4.30982694e-04 4.07849386e-03
-2.36162362e-03 -4.48868451e-04 4.32390902e-03
-2.50472504e-03 -4.67240349e-04 4.57648115e-03
-2.65221774e-03 -4.86106921e-04 4.83624440e-03
-2.80413573e-03 -5.05477102e-04 5.10323706e-03
-2.96051544e-03 -5.25360233e-04 5.37750189e-03
-3.12139595e-03 -5.45766061e-04 5.65908648e-03
-3.28681912e-03 -5.66704731e-04 5.94804349e-03
-3.45682979e-03 -5.88186783e-04 6.24443089e-03
-3.63147592e-03 -6.10223143e-04 6.54831219e-03
-3.81080871e-03 -6.32825108e-04 6.85975664e-03
-3.99488273e-03 -6.56004335e-04 7.17883930e-03
-4.18375600e-03 -6.79772827e-04 7.50564126e-03
-4.37749007e-03 -7.04142908e-04 7.84024964e-03
-4.57615008e-03 -7.29127211e-04 8.18275768e-03
-4.77980480e-03 -7.54738654e-04 8.53326477e-03
-4.98852669e-03 -7.80990417e-04 8.89187641e-03
-5.20239185e-03 -8.07895921e-04 9.25870423e-03
-5.42148005e-03 -8.35468800e-04 9.63386586e-03
-5.64587472e-03 -8.63722879e-04 1.00174849e-02
-5.87566288e-03 -8.92672150e-04 1.04096907e-02
-6.11093509e-03 -9.22330740e-04 1.08106185e-02
-6.35178541e-03 -9.52712893e-04 1.12204088e-02
-6.59831130e-03 -9.83832936e-04 1.16392075e-02
-6.85061352e-03 -1.01570526e-03 1.20671659e-02
-7.10879603e-03 -1.04834429e-03 1.25044397e-02
-7.37296586e-03 -1.08176447e-03 1.29511897e-02
-7.64323299e-03 -1.11598022e-03 1.34075808e-02
-7.91971020e-03 -1.15100592e-03 1.38737821e-02
-8.20251291e-03 -1.18685590e-03 1.43499665e-02
-8.49175903e-03 -1.22354440e-03 1.48363101e-02
-8.78756875e-03 -1.26108558e-03 1.53329925e-02
-9.09006442e-03 -1.29949343e-03 1.58401958e-02
-9.39937028e-03 -1.33878184e-03 1.63581047e-02
-9.71561231e-03 -1.37896452e-03 1.68869057e-02
-1.00389180e-02 -1.42005501e-03 1.74267873e-02
-1.03694162e-02 -1.46206665e-03 1.79779390e-02
-1.07072368e-02 -1.50501257e-03 1.85405513e-02
-1.10525105e-02 -1.54890568e-03 1.91148150e-02
-1.14053688e-02 -1.59375867e-03 1.97009211e-02
-1.17659433e-02 -1.63958396e-03 2.02990601e-02
-1.21343661e-02 -1.68639373e-03 2.09094218e-02
-1.25107688e-02 -1.73419989e-03 2.15321948e-02
-1.28952832e-02 -1.78301405e-03 2.21675656e-02
-1.32880400e-02 -1.83284758e-03 2.28157192e-02
-1.36891693e-02 -1.88371152e-03 2.34768376e-02
-1.40988000e-02 -1.93561664e-03 2.41510998e-02
-1.45170599e-02 -1.98857337e-03 2.48386816e-02
-1.49440749e-02 -2.04259187e-03 2.55397547e-02
-1.53799691e-02 -2.09768195e-03 2.62544865e-02
-1.58248646e-02 -2.15385312e-03 2.69830395e-02
-1.62788810e-02 -2.21111456e-03 2.77255711e-02
-1.67421354e-02 -2.26947512e-03 2.84822330e-02
-1.72147419e-02 -2.32894331e-03 2.92531707e-02
-1.76968115e-02 -2.38952731e-03 3.00385232e-02
-1.81884517e-02 -2.45123496e-03 3.08384225e-02
-1.86897666e-02 -2.51407374e-03 3.16529930e-02
-1.92008562e-02 -2.57805079e-03 3.24823515e-02
-1.97218163e-02 -2.64317288e-03 3.33266064e-02
-2.02527386e-02 -2.70944645e-03 3.41858573e-02
-2.07937100e-02 -2.77687754e-03 3.50601950e-02
-2.13448125e-02 -2.84547184e-03 3.59497005e-02
-2.19061230e-02 -2.91523465e-03 3.68544450e-02
-2.24777132e-02 -2.98617091e-03 3.77744894e-02
-2.30596491e-02 -3.05828516e-03 3.87098839e-02
-2.36519910e-02 -3.13158152e-03 3.96606676e-02
-2.42547933e-02 -3.20606374e-03 4.06268683e-02
-2.48681040e-02 -3.28173515e-03 4.16085019e-02
-2.54919647e-02 -3.35859865e-03 4.26055722e-02
-2.61264106e-02 -3.43665674e-03 4.36180705e-02
-2.67714698e-02 -3.51591145e-03 4.46459753e-02
-2.74271635e-02 -3.59636439e-03 4.56892521e-02
-2.80935056e-02 -3.67801670e-03 4.67478527e-02
-2.87705029e-02 -3.76086907e-03 4.78217153e-02
-2.94581542e-02 -3.84492171e-03 4.89107642e-02
-3.01564509e-02 -3.93017433e-03 5.00149091e-02
-3.08653763e-02 -4.01662617e-03 5.11340453e-02
-3.15849057e-02 -4.10427595e-03 5.22680533e-02
-3.23150061e-02 -4.19312187e-03 5.34167984e-02
-3.30556363e-02 -4.28316161e-03 5.45801308e-02
-3.38067463e-02 -4.37439230e-03 5.57578849e-02
-3.45682776e-02 -4.46681053e-03 5.69498797e-02
-3.53401631e-02 -4.56041232e-03 5.81559181e-02
-3.61223264e-02 -4.65519312e-03 5.93757869e-02
-3.69146824e-02 -4.75114780e-03 6.06092569e-02
-3.77171368e-02 -4.84827064e-03 6.18560822e-02
-3.85295860e-02 -4.94655530e-03 6.31160005e-02
-3.93519171e-02 -5.04599485e-03 6.43887331e-02
-4.01840078e-02 -5.14658170e-03 6.56739843e-02
-4.10257264e-02 -5.24830768e-03 6.69714418e-02
-4.18769316e-02 -5.35116393e-03 6.82807761e-02
-4.27374725e-02 -5.45514096e-03 6.96016412e-02
-4.36071884e-02 -5.56022864e-03 7.09336738e-02
-4.44859091e-02 -5.66641614e-03 7.22764939e-02
-4.53734545e-02 -5.77369201e-03 7.36297044e-02
-4.62696349e-02 -5.88204406e-03 7.49928912e-02
-4.71742506e-02 -5.99145949e-03 7.63656234e-02
-4.80870922e-02 -6.10192477e-03 7.77474530e-02
-4.90079405e-02 -6.21342568e-03 7.91379156e-02
-4.99365666e-02 -6.32594735e-03 8.05365298e-02
-5.08727315e-02 -6.43947419e-03 8.19427975e-02
-5.18161869e-02 -6.55398991e-03 8.33562046e-02
-5.27666744e-02 -6.66947756e-03 8.47762201e-02
-5.37239261e-02 -6.78591947e-03 8.62022973e-02
-5.46876644e-02 -6.90329729e-03 8.76338731e-02
-5.56576023e-02 -7.02159200e-03 8.90703691e-02
-5.66334432e-02 -7.14078389e-03 9.05111909e-02
-5.76148810e-02 -7.26085255e-03 9.19557289e-02
-5.86016006e-02 -7.38177694e-03 9.34033585e-02
-5.95932773e-02 -7.50353532e-03 9.48534403e-02
-6.05895776e-02 -7.62610531e-03 9.63053203e-02
-6.15901589e-02 -7.74946389e-03 9.77583303e-02
-6.25946700e-02 -7.87358739e-03 9.92117883e-02
-6.36027506e-02 -7.99845150e-03 1.00664999e-01
-6.46140322e-02 -8.12403131e-03 1.02117253e-01
-6.56281379e-02 -8.25030129e-03 1.03567830e-01
-6.66446824e-02 -8.37723534e-03 1.05015995e-01
-6.76632725e-02 -8.50480676e-03 1.06461003e-01
-6.86835072e-02 -8.63298828e-03 1.07902096e-01
-6.97049780e-02 -8.76175210e-03 1.09338507e-01
-7.07272688e-02 -8.89106987e-03 1.10769456e-01
-7.17499563e-02 -9.02091273e-03 1.12194154e-01
-7.27726105e-02 -9.15125131e-03 1.13611804e-01
-7.37947945e-02 -9.28205575e-03 1.15021596e-01
-7.48160650e-02 -9.41329575e-03 1.16422717e-01
-7.58359725e-02 -9.54494055e-03 1.17814340e-01
-7.68540617e-02 -9.67695894e-03 1.19195636e-01
-7.78698716e-02 -9.80931935e-03 1.20565766e-01
-7.88829358e-02 -9.94198977e-03 1.21923886e-01
-7.98927830e-02 -1.00749379e-02 1.23269146e-01
-8.08989370e-02 -1.02081309e-02 1.24600691e-01
-8.19009174e-02 -1.03415359e-02 1.25917662e-01
-8.28982396e-02 -1.04751195e-02 1.27219197e-01
-8.38904152e-02 -1.06088482e-02 1.28504430e-01
-8.48769527e-02 -1.07426879e-02 1.29772493e-01
-8.58573571e-02 -1.08766048e-02 1.31022517e-01
-8.68311310e-02 -1.10105643e-02 1.32253631e-01
-8.77977748e-02 -1.11445321e-02 1.33464966e-01
-8.87567865e-02 -1.12784734e-02 1.34655651e-01
-8.97076629e-02 -1.14123535e-02 1.35824818e-01
-9.06498995e-02 -1.15461373e-02 1.36971600e-01
-9.15829910e-02 -1.16797899e-02 1.38095133e-01
-9.25064316e-02 -1.18132761e-02 1.39194558e-01
-9.34197158e-02 -1.19465607e-02 1.40269019e-01
-9.43223381e-02 -1.20796087e-02 1.41317664e-01
-9.52137941e-02 -1.22123847e-02 1.42339649e-01
-9.60935805e-02 -1.23448535e-02 1.43334136e-01
-9.69611958e-02 -1.24769801e-02 1.44300293e-01
-9.78161405e-02 -1.26087293e-02 1.45237298e-01
-9.86579174e-02 -1.27400662e-02 1.46144337e-01
-9.94860324e-02 -1.28709558e-02 1.47020606e-01
-1.00299995e-01 -1.30013634e-02 1.47865311e-01
-1.01099318e-01 -1.31312545e-02 1.48677670e-01
-1.01883519e-01 -1.32605944e-02 1.49456913e-01
-1.02652119e-01 -1.33893491e-02 1.50202281e-01
-1.03404645e-01 -1.35174844e-02 1.50913032e-01
-1.04140631e-01 -1.36449667e-02 1.51588435e-01
-1.04859614e-01 -1.37717623e-02 1.52227777e-01
-1.05561139e-01 -1.38978382e-02 1.52830357e-01
-1.06244758e-01 -1.40231612e-02 1.53395496e-01
-1.06910029e-01 -1.41476988e-02 1.53922527e-01
-1.07556519e-01 -1.42714187e-02 1.54410803e-01
-1.08183802e-01 -1.43942891e-02 1.54859698e-01
-1.08791461e-01 -1.45162783e-02 1.55268602e-01
-1.09379088e-01 -1.46373552e-02 1.55636928e-01
-1.09946283e-01 -1.47574891e-02 1.55964106e-01
-1.10492658e-01 -1.48766498e-02 1.56249592e-01
-1.11017833e-01 -1.49948073e-02 1.56492860e-01
-1.11521439e-01 -1.51119324e-02 1.56693410e-01
-1.12003118e-01 -1.52279961e-02 1.56850764e-01
-1.12462523e-01 -1.53429701e-02 1.56964466e-01
-1.12899319e-01 -1.54568265e-02 1.57034089e-01
-1.13313182e-01 -1.55695380e-02 1.57059226e-01
-1.13703801e-01 -1.56810779e-02 1.57039499e-01
-1.14070877e-01 -1.57914199e-02 1.56974555e-01
-1.14414125e-01 -1.59005384e-02 1.56864067e-01
-1.14733272e-01 -1.60084084e-02 1.56707736e-01
-1.15028058e-01 -1.61150055e-02 1.56505290e-01
-1.15298238e-01 -1.62203058e-02 1.56256484e-01
-1.15543581e-01 -1.63242863e-02 1.55961104e-01
-1.15763870e-01 -1.64269243e-02 1.55618961e-01
-1.15958902e-01 -1.65281980e-02 1.55229898e-01
-1.16128489e-01 -1.66280861e-02 1.54793785e-01
-1.16272460e-01 -1.67265682e-02 1.54310523e-01
-1.16390655e-01 -1.68236244e-02 1.53780044e-01
-1.16482935e-01 -1.69192356e-02 1.53202307e-01
-1.16549171e-01 -1.70133833e-02 1.52577303e-01
-1.16589254e-01 -1.71060497e-02 1.51905054e-01
-1.16603088e-01 -1.71972179e-02 1.51185612e-01
-1.16590596e-01 -1.72868715e-02 1.50419059e-01
-1.16551715e-01 -1.73749950e-02 1.49605509e-01
-1.16486398e-01 -1.74615736e-02 1.48745106e-01
-1.16394617e-01 -1.75465932e-02 1.47838026e-01
-1.16276357e-01 -1.76300404e-02 1.46884474e-01
-1.16131623e-01 -1.77119027e-02 1.45884688e-01
-1.15960434e-01 -1.77921682e-02 1.44838935e-01
-1.15762826e-01 -1.78708258e-02 1.43747514e-01
-1.15538853e-01 -1.79478653e-02 1.42610753e-01
-1.15288584e-01 -1.80232770e-02 1.41429013e-01
-1.15012106e-01 -1.80970522e-02 1.40202682e-01
-1.14709522e-01 -1.81691829e-02 1.38932180e-01
-1.14380951e-01 -1.82396617e-02 1.37617956e-01
-1.14026528e-01 -1.83084821e-02 1.36260489e-01
-1.13646406e-01 -1.83756384e-02 1.34860287e-01
-1.13240753e-01 -1.84411256e-02 1.33417887e-01
-1.12809753e-01 -1.85049394e-02 1.31933852e-01
-1.12353607e-01 -1.85670762e-02 1.30408777e-01
-1.11872531e-01 -1.86275334e-02 1.28843283e-01
-1.11366756e-01 -1.86863089e-02 1.27238015e-01
-1.10836531e-01 -1.87434013e-02 1.25593650e-01
-1.10282118e-01 -1.87988102e-02 1.23910888e-01
-1.09703793e-01 -1.88525357e-02 1.22190454e-01
-1.09101851e-01 -1.89045785e-02 1.20433101e-01
-1.08476597e-01 -1.89549404e-02 1.18639602e-01
-1.07828353e-01 -1.90036235e-02 1.16810759e-01
-1.07157455e-01 -1.90506308e-02 1.14947392e-01
-1.06464251e-01 -1.90959659e-02 1.13050348e-01
-1.05749105e-01 -1.91396331e-02 1.11120494e-01
-1.05012392e-01 -1.91816374e-02 1.09158716e-01
-1.04254500e-01 -1.92219844e-02 1.07165924e-01
-1.03475830e-01 -1.92606802e-02 1.05143046e-01
-1.02676797e-01 -1.92977318e-02 1.03091029e-01
-1.01857825e-01 -1.93331466e-02 1.01010837e-01
-1.01019350e-01 -1.93669328e-02 9.89034535e-02
-1.00161819e-01 -1.93990988e-02 9.67698765e-02
-9.92856917e-02 -1.94296540e-02 9.46111206e-02
-9.83914355e-02 -1.94586081e-02 9.24282150e-02
-9.74795286e-02 -1.94859715e-02 9.02222029e-02
-9.65504586e-02 -1.95117550e-02 8.79941404e-02
-9.56047222e-02 -1.95359700e-02 8.57450958e-02
-9.46428243e-02 -1.95586283e-02 8.34761487e-02
-9.36652783e-02 -1.95797423e-02 8.11883890e-02
-9.26726049e-02 -1.95993248e-02 7.88829161e-02
-9.16653324e-02 -1.96173891e-02 7.65608379e-02
-9.06439954e-02 -1.96339488e-02 7.42232699e-02
-8.96091352e-02 -1.96490182e-02 7.18713342e-02
-8.85612988e-02 -1.96626117e-02 6.95061588e-02
-8.75010383e-02 -1.96747443e-02 6.71288763e-02
-8.64289110e-02 -1.96854312e-02 6.47406232e-02
-8.53454784e-02 -1.96946881e-02 6.23425389e-02
-8.42513061e-02 -1.97025309e-02 5.99357649e-02
-8.31469630e-02 -1.97089761e-02 5.75214436e-02
-8.20330209e-02 -1.97140401e-02 5.51007175e-02
-8.09100543e-02 -1.97177399e-02 5.26747283e-02
-7.97786395e-02 -1.97200927e-02 5.02446159e-02
-7.86393544e-02 -1.97211158e-02 4.78115177e-02
-7.74927778e-02 -1.97208269e-02 4.53765673e-02
-7.63394894e-02 -1.97192440e-02 4.29408938e-02
-7.51800687e-02 -1.97163850e-02 4.05056211e-02
-7.40150947e-02 -1.97122683e-02 3.80718666e-02
-7.28451460e-02 -1.97069123e-02 3.56407407e-02
-7.16707995e-02 -1.97003357e-02 3.32133458e-02
-7.04926303e-02 -1.96925571e-02 3.07907753e-02
-6.93112117e-02 -1.96835954e-02 2.83741130e-02
-6.81271138e-02 -1.96734696e-02 2.59644321e-02
-6.69409040e-02 -1.96621988e-02 2.35627947e-02
-6.57531458e-02 -1.96498022e-02 2.11702506e-02
-6.45643989e-02 -1.96362989e-02 1.87878366e-02
-6.33752187e-02 -1.96217083e-02 1.64165762e-02
-6.21861555e-02 -1.96060496e-02 1.40574782e-02
-6.09977547e-02 -1.95893422e-02 1.17115366e-02
-5.98105557e-02 -1.95716054e-02 9.37972938e-03
-5.86250921e-02 -1.95528586e-02 7.06301819e-03
-5.74418913e-02 -1.95331211e-02 4.76234757e-03
-5.62614736e-02 -1.95124121e-02 2.47864430e-03
-5.50843523e-02 -1.94907510e-02 2.12816821e-04
-5.39110334e-02 -1.94681569e-02 -2.03424534e-03
-5.27420148e-02 -1.94446490e-02 -4.26167217e-03
-5.15777866e-02 -1.94202464e-02 -6.46861365e-03
-5.04188301e-02 -1.93949679e-02 -8.65424033e-03
-4.92656183e-02 -1.93688326e-02 -1.08177438e-02
-4.81186146e-02 -1.93418591e-02 -1.29583370e-02
-4.69782737e-02 -1.93140662e-02 -1.50752551e-02
-4.58450401e-02 -1.92854723e-02 -1.71677553e-02
-4.47193490e-02 -1.92560958e-02 -1.92351177e-02
-4.36016252e-02 -1.92259551e-02 -2.12766454e-02
-4.24922832e-02 -1.91950683e-02 -2.32916649e-02
-4.13917271e-02 -1.91634531e-02 -2.52795266e-02
-4.03003501e-02 -1.91311276e-02 -2.72396047e-02
-3.92185347e-02 -1.90981092e-02 -2.91712978e-02
-3.81466521e-02 -1.90644154e-02 -3.10740288e-02
-3.70850623e-02 -1.90300635e-02 -3.29472455e-02
-3.60341138e-02 -1.89950704e-02 -3.47904205e-02
-3.49941437e-02 -1.89594532e-02 -3.66030513e-02
-3.39654773e-02 -1.89232283e-02 -3.83846607e-02
-3.29484280e-02 -1.88864123e-02 -4.01347966e-02
-3.19432975e-02 -1.88490215e-02 -4.18530322e-02
-3.09503755e-02 -1.88110718e-02 -4.35389662e-02
-2.99699395e-02 -1.87725790e-02 -4.51922225e-02
-2.90022550e-02 -1.87335588e-02 -4.68124503e-02
-2.80475752e-02 -1.86940265e-02 -4.83993243e-02
-2.71061412e-02 -1.86539973e-02 -4.99525444e-02
-2.61781819e-02 -1.86134861e-02 -5.14718357e-02
-2.52639140e-02 -1.85725075e-02 -5.29569483e-02
-2.43635417e-02 -1.85310760e-02 -5.44076574e-02
-2.34772573e-02 -1.84892058e-02 -5.58237629e-02
-2.26052408e-02 -1.84469108e-02 -5.72050893e-02
-2.17476600e-02 -1.84042050e-02 -5.85514857e-02
-2.09046705e-02 -1.83611017e-02 -5.98628253e-02
-2.00764162e-02 -1.83176142e-02 -6.11390054e-02
-1.92630287e-02 -1.82737555e-02 -6.23799469e-02
-1.84646277e-02 -1.82295385e-02 -6.35855943e-02
-1.76813214e-02 -1.81849757e-02 -6.47559152e-02
-1.69132061e-02 -1.81400795e-02 -6.58909000e-02
-1.61603665e-02 -1.80948620e-02 -6.69905618e-02
-1.54228759e-02 -1.80493349e-02 -6.80549358e-02
-1.47007962e-02 -1.80035100e-02 -6.90840789e-02
-1.39941783e-02 -1.79573987e-02 -7.00780695e-02
-1.33030619e-02 -1.79110121e-02 -7.10370071e-02
-1.26274758e-02 -1.78643611e-02 -7.19610118e-02
-1.19674382e-02 -1.78174566e-02 -7.28502240e-02
-1.13229568e-02 -1.77703090e-02 -7.37048035e-02
-1.06940288e-02 -1.77229287e-02 -7.45249300e-02
-1.00806412e-02 -1.76753256e-02 -7.53108015e-02
-9.48277133e-03 -1.76275096e-02 -7.60626347e-02
-8.90038644e-03 -1.75794905e-02 -7.67806643e-02
-8.33344434e-03 -1.75312776e-02 -7.74651420e-02
-7.78189351e-03 -1.74828801e-02 -7.81163369e-02
-7.24567327e-03 -1.74343072e-02 -7.87345342e-02
-6.72471405e-03 -1.73855677e-02 -7.93200351e-02
-6.21893759e-03 -1.73366701e-02 -7.98731561e-02
-5.72825722e-03 -1.72876229e-02 -8.03942286e-02
-5.25257803e-03 -1.72384345e-02 -8.08835983e-02
-4.79179716e-03 -1.71891129e-02 -8.13416248e-02
-4.34580405e-03 -1.71396660e-02 -8.17686807e-02
-3.91448062e-03 -1.70901014e-02 -8.21651514e-02
-3.49770162e-03 -1.70404268e-02 -8.25314345e-02
-3.09533479e-03 -1.69906496e-02 -8.28679391e-02
-2.70724115e-03 -1.69407769e-02 -8.31750854e-02
-2.33327529e-03 -1.68908158e-02 -8.34533040e-02
-1.97328555e-03 -1.68407732e-02 -8.37030357e-02
-1.62711436e-03 -1.67906558e-02 -8.39247303e-02
-1.29459842e-03 -1.67404701e-02 -8.41188468e-02
-9.75569009e-04 -1.66902227e-02 -8.42858524e-02
-6.69852242e-04 -1.66399199e-02 -8.44262220e-02
-3.77269299e-04 -1.65895677e-02 -8.45404376e-02
-9.76367055e-05 -1.65391721e-02 -8.46289883e-02
1.69233423e-04 -1.64887391e-02 -8.46923689e-02
4.23533120e-04 -1.64382744e-02 -8.47310800e-02
6.65458317e-04 -1.63877836e-02 -8.47456275e-02
8.95208590e-04 -1.63372722e-02 -8.47365215e-02
1.11298691e-03 -1.62867455e-02 -8.47042766e-02
1.31899940e-03 -1.62362089e-02 -8.46494107e-02
1.51345508e-03 -1.61856674e-02 -8.45724448e-02
1.69656564e-03 -1.61351262e-02 -8.44739026e-02
1.86854518e-03 -1.60845900e-02 -8.43543098e-02
2.02960999e-03 -1.60340638e-02 -8.42141940e-02
2.17997831e-03 -1.59835522e-02 -8.40540836e-02
2.31987009e-03 -1.59330598e-02 -8.38745080e-02
2.44950680e-03 -1.58825913e-02 -8.36759969e-02
2.56911117e-03 -1.58321509e-02 -8.34590797e-02
2.67890699e-03 -1.57817430e-02 -8.32242852e-02
2.77911887e-03 -1.57313719e-02 -8.29721414e-02
2.86997209e-03 -1.56810417e-02 -8.27031748e-02
2.95169232e-03 -1.56307565e-02 -8.24179101e-02
3.02450549e-03 -1.55805203e-02 -8.21168699e-02
3.08863754e-03 -1.55303370e-02 -8.18005742e-02
3.14431426e-03 -1.54802103e-02 -8.14695400e-02
3.19176110e-03 -1.54301442e-02 -8.11242813e-02
3.23120296e-03 -1.53801421e-02 -8.07653083e-02
3.26286407e-03 -1.53302078e-02 -8.03931275e-02
3.28696777e-03 -1.52803448e-02 -8.00082409e-02
3.30373637e-03 -1.52305566e-02 -7.96111462e-02
3.31339099e-03 -1.51808465e-02 -7.92023362e-02
3.31615138e-03 -1.51312178e-02 -7.87822987e-02
3.31223582e-03 -1.50816739e-02 -7.83515159e-02
3.30186092e-03 -1.50322180e-02 -7.79104646e-02
3.28524152e-03 -1.49828532e-02 -7.74596158e-02
3.26259056e-03 -1.49335825e-02 -7.69994342e-02
3.23411891e-03 -1.48844090e-02 -7.65303783e-02
3.20003532e-03 -1.48353356e-02 -7.60529001e-02
3.16054622e-03 -1.47863653e-02 -7.55674449e-02
3.11585568e-03 -1.47375009e-02 -7.50744511e-02
3.06616527e-03 -1.46887452e-02 -7.45743500e-02
3.01167397e-03 -1.46401009e-02 -7.40675658e-02
2.95257807e-03 -1.45915706e-02 -7.35545151e-02
2.88907109e-03 -1.45431571e-02 -7.30356073e-02
2.82134369e-03 -1.44948628e-02 -7.25112439e-02
2.74958358e-03 -1.44466903e-02 -7.19818187e-02
2.67397550e-03 -1.43986420e-02 -7.14477179e-02
2.59470106e-03 -1.43507204e-02 -7.09093194e-02
2.51193878e-03 -1.43029278e-02 -7.03669932e-02
2.42586395e-03 -1.42552664e-02 -6.98211014e-02
2.33664862e-03 -1.42077386e-02 -6.92719976e-02
2.24446155e-03 -1.41603465e-02 -6.87200273e-02
2.14946814e-03 -1.41130922e-02 -6.81655280e-02
2.05183044e-03 -1.40659779e-02 -6.76088284e-02
1.95170707e-03 -1.40190056e-02 -6.70502493e-02
1.84925319e-03 -1.39721773e-02 -6.64901029e-02
1.74462053e-03 -1.39254949e-02 -6.59286932e-02
1.63795731e-03 -1.38789602e-02 -6.53663158e-02
1.52940825e-03 -1.38325752e-02 -6.48032580e-02
1.41911455e-03 -1.37863415e-02 -6.42397986e-02
1.30721388e-03 -1.37402610e-02 -6.36762084e-02
1.19384041e-03 -1.36943352e-02 -6.31127496e-02
1.07912473e-03 -1.36485658e-02 -6.25496765e-02
9.63193951e-04 -1.36029544e-02 -6.19872349e-02
8.46171634e-04 -1.35575025e-02 -6.14256628e-02
7.28177836e-04 -1.35122116e-02 -6.08651898e-02
6.09329116e-04 -1.34670830e-02 -6.03060378e-02
4.89738548e-04 -1.34221181e-02 -5.97484204e-02
3.69515745e-04 -1.33773182e-02 -5.91925437e-02
2.48766877e-04 -1.33326846e-02 -5.86386059e-02
1.27594699e-04 -1.32882185e-02 -5.80867974e-02
6.09857320e-06 -1.32439210e-02 -5.75373012e-02
-1.15625493e-04 -1.31997933e-02 -5.69902926e-02
-2.37484822e-04 -1.31558363e-02 -5.64459397e-02
-3.59390026e-04 -1.31120510e-02 -5.59044030e-02
-4.81254972e-04 -1.30684385e-02 -5.53658363e-02
-6.02996745e-04 -1.30249995e-02 -5.48303857e-02
-7.24535602e-04 -1.29817349e-02 -5.42981910e-02
-8.45794932e-04 -1.29386456e-02 -5.37693846e-02
-9.66701213e-04 -1.28957322e-02 -5.32440926e-02
-1.08718396e-03 -1.28529953e-02 -5.27224342e-02
-1.20717569e-03 -1.28104358e-02 -5.22045224e-02
-1.32661185e-03 -1.27680540e-02 -5.16904635e-02
-1.44543080e-03 -1.27258505e-02 -5.11803580e-02
-1.56357371e-03 -1.26838259e-02 -5.06743001e-02
-1.68098457e-03 -1.26419805e-02 -5.01723781e-02
-1.79761010e-03 -1.26003147e-02 -4.96746745e-02
-1.91339969e-03 -1.25588289e-02 -4.91812660e-02
-2.02830535e-03 -1.25175233e-02 -4.86922240e-02
-2.14228169e-03 -1.24763981e-02 -4.82076143e-02
-2.25528578e-03 -1.24354535e-02 -4.77274976e-02
-2.36727721e-03 -1.23946896e-02 -4.72519295e-02
-2.47821790e-03 -1.23541066e-02 -4.67809603e-02
-2.58807217e-03 -1.23137045e-02 -4.63146358e-02
-2.69680658e-03 -1.22734832e-02 -4.58529971e-02
-2.80438992e-03 -1.22334427e-02 -4.53960804e-02
-2.91079316e-03 -1.21935829e-02 -4.49439178e-02
-3.01598936e-03 -1.21539037e-02 -4.44965370e-02
-3.11995363e-03 -1.21144048e-02 -4.40539616e-02
-3.22266307e-03 -1.20750861e-02 -4.36162111e-02
-3.32409671e-03 -1.20359472e-02 -4.31833011e-02
-3.42423545e-03 -1.19969880e-02 -4.27552436e-02
-3.52306200e-03 -1.19582079e-02 -4.23320468e-02
-3.62056083e-03 -1.19196066e-02 -4.19137155e-02
-3.71671811e-03 -1.18811837e-02 -4.15002512e-02
-3.81152165e-03 -1.18429387e-02 -4.10916521e-02
-3.90496086e-03 -1.18048711e-02 -4.06879133e-02
-3.99702665e-03 -1.17669804e-02 -4.02890269e-02
-4.08771144e-03 -1.17292659e-02 -3.98949824e-02
-4.17700905e-03 -1.16917272e-02 -3.95057661e-02
-4.26491467e-03 -1.16543634e-02 -3.91213620e-02
-4.35142483e-03 -1.16171741e-02 -3.87417517e-02
-4.43653728e-03 -1.15801583e-02 -3.83669140e-02
-4.52025102e-03 -1.15433155e-02 -3.79968260e-02
-4.60256619e-03 -1.15066448e-02 -3.76314621e-02
-4.68348405e-03 -1.14701455e-02 -3.72707950e-02
-4.76300693e-03 -1.14338167e-02 -3.69147953e-02
-4.84113815e-03 -1.13976576e-02 -3.65634319e-02
-4.91788203e-03 -1.13616673e-02 -3.62166717e-02
-4.99324379e-03 -1.13258449e-02 -3.58744803e-02
-5.06722953e-03 -1.12901895e-02 -3.55368215e-02
-5.13984620e-03 -1.12547001e-02 -3.52036578e-02
-5.21110151e-03 -1.12193759e-02 -3.48749502e-02
-5.28100395e-03 -1.11842157e-02 -3.45506586e-02
-5.34956269e-03 -1.11492187e-02 -3.42307416e-02
-5.41678759e-03 -1.11143838e-02 -3.39151568e-02
-5.48268911e-03 -1.10797099e-02 -3.36038608e-02
-5.54727832e-03 -1.10451960e-02 -3.32968090e-02
-5.61056685e-03 -1.10108411e-02 -3.29939564e-02
-5.67256682e-03 -1.09766441e-02 -3.26952568e-02
-5.73329085e-03 -1.09426038e-02 -3.24006636e-02
-5.79275200e-03 -1.09087193e-02 -3.21101293e-02
-5.85096376e-03 -1.08749893e-02 -3.18236061e-02
-5.90793997e-03 -1.08414128e-02 -3.15410456e-02
-5.96369487e-03 -1.08079886e-02 -3.12623988e-02
-6.01824298e-03 -1.07747155e-02 -3.09876165e-02
-6.07159912e-03 -1.07415926e-02 -3.07166492e-02
-6.12377841e-03 -1.07086185e-02 -3.04494470e-02
-6.17479616e-03 -1.06757922e-02 -3.01859599e-02
-6.22466792e-03 -1.06431125e-02 -2.99261377e-02
-6.27340943e-03 -1.06105783e-02 -2.96699301e-02
-6.32103659e-03 -1.05781883e-02 -2.94172868e-02
-6.36756543e-03 -1.05459414e-02 -2.91681574e-02
-6.41301212e-03 -1.05138365e-02 -2.89224915e-02
-6.45739290e-03 -1.04818724e-02 -2.86802390e-02
-6.50072410e-03 -1.04500480e-02 -2.84413495e-02
-6.54302212e-03 -1.04183620e-02 -2.82057732e-02
-6.58430339e-03 -1.03868133e-02 -2.79734603e-02
-6.62458435e-03 -1.03554008e-02 -2.77443610e-02
-6.66388145e-03 -1.03241233e-02 -2.75184261e-02
-6.70221115e-03 -1.02929797e-02 -2.72956066e-02
-6.73958986e-03 -1.02619689e-02 -2.70758536e-02
-6.77603394e-03 -1.02310896e-02 -2.68591187e-02
-6.81155972e-03 -1.02003409e-02 -2.66453540e-02
-6.84618345e-03 -1.01697215e-02 -2.64345117e-02
-6.87992130e-03 -1.01392304e-02 -2.62265446e-02
-6.91278933e-03 -1.01088664e-02 -2.60214058e-02
-6.94480354e-03 -1.00786285e-02 -2.58190490e-02
-6.97597977e-03 -1.00485156e-02 -2.56194282e-02
-7.00633377e-03 -1.00185266e-02 -2.54224981e-02
-7.03588113e-03 -9.98866047e-03 -2.52282138e-02
-7.06463732e-03 -9.95891610e-03 -2.50365307e-02
-7.09261766e-03 -9.92929248e-03 -2.48474051e-02
-7.11983730e-03 -9.89978856e-03 -2.46607935e-02
-7.14631124e-03 -9.87040334e-03 -2.44766531e-02
-7.17205430e-03 -9.84113580e-03 -2.42949419e-02
-7.19708114e-03 -9.81198494e-03 -2.41156179e-02
-7.22140624e-03 -9.78294978e-03 -2.39386402e-02
-7.24504387e-03 -9.75402935e-03 -2.37639682e-02
-7.26800815e-03 -9.72522268e-03 -2.35915619e-02
-7.29031297e-03 -9.69652883e-03 -2.34213821e-02
-7.31197205e-03 -9.66794686e-03 -2.32533899e-02
-7.33299890e-03 -9.63947584e-03 -2.30875471e-02
-7.35340683e-03 -9.61111488e-03 -2.29238163e-02
-7.37320895e-03 -9.58286307e-03 -2.27621604e-02
-7.39241815e-03 -9.55471952e-03 -2.26025431e-02
-7.41104714e-03 -9.52668338e-03 -2.24449286e-02
-7.42910840e-03 -9.49875378e-03 -2.22892816e-02
-7.44661420e-03 -9.47092988e-03 -2.21355677e-02
-7.46357661e-03 -9.44321085e-03 -2.19837529e-02
-7.48000748e-03 -9.41559587e-03 -2.18338037e-02
-7.49591847e-03 -9.38808413e-03 -2.16856873e-02
-7.51132100e-03 -9.36067486e-03 -2.15393716e-02
-7.52622630e-03 -9.33336727e-03 -2.13948249e-02
-7.54064538e-03 -9.30616059e-03 -2.12520161e-02
-7.55458906e-03 -9.27905407e-03 -2.11109147e-02
-7.56806792e-03 -9.25204698e-03 -2.09714909e-02
-7.58109237e-03 -9.22513859e-03 -2.08337153e-02
-7.59367260e-03 -9.19832818e-03 -2.06975590e-02
-7.60581858e-03 -9.17161506e-03 -2.05629939e-02
-7.61754009e-03 -9.14499852e-03 -2.04299923e-02
-7.62884674e-03 -9.11847790e-03 -2.02985269e-02
-7.63974789e-03 -9.09205253e-03 -2.01685711e-02
-7.65025274e-03 -9.06572176e-03 -2.00400988e-02
-7.66037029e-03 -9.03948493e-03 -1.99130845e-02
-7.67010934e-03 -9.01334143e-03 -1.97875031e-02
-7.67947850e-03 -8.98729062e-03 -1.96633299e-02
-7.68848621e-03 -8.96133191e-03 -1.95405409e-02
-7.69714071e-03 -8.93546469e-03 -1.94191126e-02
-7.70545007e-03 -8.90968837e-03 -1.92990216e-02
-7.71342217e-03 -8.88400237e-03 -1.91802456e-02
-7.72106472e-03 -8.85840613e-03 -1.90627621e-02
-7.72838527e-03 -8.83289909e-03 -1.89465496e-02
-7.73539117e-03 -8.80748069e-03 -1.88315868e-02
-7.74208962e-03 -8.78215040e-03 -1.87178527e-02
-7.74848767e-03 -8.75690768e-03 -1.86053271e-02
-7.75459218e-03 -8.73175202e-03 -1.84939899e-02
-7.76040987e-03 -8.70668290e-03 -1.83838215e-02
-7.76594730e-03 -8.68169981e-03 -1.82748028e-02
-7.77121087e-03 -8.65680226e-03 -1.81669151e-02
-7.77620684e-03 -8.63198976e-03 -1.80601399e-02
-7.78094131e-03 -8.60726182e-03 -1.79544593e-02
-7.78542027e-03 -8.58261798e-03 -1.78498557e-02
-7.78964951e-03 -8.55805775e-03 -1.77463119e-02
-7.79363475e-03 -8.53358069e-03 -1.76438109e-02
-7.79738151e-03 -8.50918634e-03 -1.75423362e-02
-7.80089522e-03 -8.48487426e-03 -1.74418718e-02
-7.80418117e-03 -8.46064399e-03 -1.73424016e-02
-7.80724452e-03 -8.43649512e-03 -1.72439103e-02
-7.81009031e-03 -8.41242720e-03 -1.71463826e-02
-7.81272344e-03 -8.38843983e-03 -1.70498037e-02
-7.81514873e-03 -8.36453257e-03 -1.69541590e-02
-7.81737084e-03 -8.34070502e-03 -1.68594343e-02
-7.81939435e-03 -8.31695677e-03 -1.67656155e-02
-7.82122371e-03 -8.29328743e-03 -1.66726891e-02
-7.82286328e-03 -8.26969658e-03 -1.65806417e-02
-7.82431729e-03 -8.24618386e-03 -1.64894600e-02
-7.82558988e-03 -8.22274885e-03 -1.63991314e-02
-7.82668510e-03 -8.19939119e-03 -1.63096431e-02
-7.82760689e-03 -8.17611050e-03 -1.62209830e-02
-7.82835909e-03 -8.15290640e-03 -1.61331389e-02
-7.82894545e-03 -8.12977851e-03 -1.60460989e-02
-7.82936964e-03 -8.10672649e-03 -1.59598516e-02
-7.82963523e-03 -8.08374995e-03 -1.58743855e-02
-7.82974569e-03 -8.06084855e-03 -1.57896896e-02
-7.82970443e-03 -8.03802193e-03 -1.57057528e-02
-7.82951478e-03 -8.01526974e-03 -1.56225647e-02
-7.82917995e-03 -7.99259163e-03 -1.55401146e-02
-7.82870312e-03 -7.96998725e-03 -1.54583923e-02
-7.82808737e-03 -7.94745627e-03 -1.53773877e-02
-7.82733569e-03 -7.92499834e-03 -1.52970911e-02
-7.82645103e-03 -7.90261314e-03 -1.52174927e-02
-7.82543625e-03 -7.88030033e-03 -1.51385830e-02
-7.82429413e-03 -7.85805957e-03 -1.50603527e-02
-7.82302742e-03 -7.83589055e-03 -1.49827928e-02
-7.82163875e-03 -7.81379295e-03 -1.49058942e-02
-7.82013074e-03 -7.79176643e-03 -1.48296482e-02
-7.81850592e-03 -7.76981069e-03 -1.47540463e-02
-7.81676675e-03 -7.74792541e-03 -1.46790798e-02
-7.81491564e-03 -7.72611028e-03 -1.46047407e-02
-7.81295497e-03 -7.70436499e-03 -1.45310206e-02
-7.81088701e-03 -7.68268923e-03 -1.44579118e-02
-7.80871401e-03 -7.66108270e-03 -1.43854062e-02
-7.80643817e-03 -7.63954510e-03 -1.43134963e-02
-7.80406161e-03 -7.61807613e-03 -1.42421745e-02
-7.80158642e-03 -7.59667550e-03 -1.41714334e-02
-7.79901464e-03 -7.57534291e-03 -1.41012657e-02
-7.79634825e-03 -7.55407808e-03 -1.40316643e-02
-7.79358919e-03 -7.53288071e-03 -1.39626222e-02
-7.79073936e-03 -7.51175052e-03 -1.38941324e-02
-7.78780059e-03 -7.49068723e-03 -1.38261883e-02
-7.78477470e-03 -7.46969057e-03 -1.37587832e-02
-7.78166344e-03 -7.44876024e-03 -1.36919106e-02
-7.77846853e-03 -7.42789599e-03 -1.36255640e-02
-7.77519165e-03 -7.40709753e-03 -1.35597372e-02
-7.77183443e-03 -7.38636460e-03 -1.34944239e-02
-7.76839847e-03 -7.36569694e-03 -1.34296182e-02
-7.76488533e-03 -7.34509428e-03 -1.33653139e-02
-7.76129653e-03 -7.32455636e-03 -1.33015054e-02
-7.75763356e-03 -7.30408293e-03 -1.32381867e-02
-7.75389788e-03 -7.28367372e-03 -1.31753522e-02
-7.75009089e-03 -7.26332849e-03 -1.31129964e-02
-7.74621397e-03 -7.24304699e-03 -1.30511138e-02
-7.74226849e-03 -7.22282898e-03 -1.29896989e-02
-7.73825576e-03 -7.20267420e-03 -1.29287465e-02
-7.73417706e-03 -7.18258242e-03 -1.28682513e-02
-7.73003365e-03 -7.16255341e-03 -1.28082083e-02
-7.72582675e-03 -7.14258692e-03 -1.27486124e-02
-7.72155757e-03 -7.12268272e-03 -1.26894587e-02
-7.71722728e-03 -7.10284060e-03 -1.26307423e-02
-7.71283701e-03 -7.08306031e-03 -1.25724584e-02
-7.70838788e-03 -7.06334164e-03 -1.25146022e-02
-7.70388097e-03 -7.04368437e-03 -1.24571692e-02
-7.69931736e-03 -7.02408829e-03 -1.24001548e-02
-7.69469808e-03 -7.00455317e-03 -1.23435544e-02
-7.69002414e-03 -6.98507880e-03 -1.22873638e-02
-7.68529654e-03 -6.96566499e-03 -1.22315785e-02
-7.68051624e-03 -6.94631152e-03 -1.21761943e-02
-7.67568418e-03 -6.92701819e-03 -1.21212069e-02
-7.67080130e-03 -6.90778481e-03 -1.20666123e-02
-7.66586849e-03 -6.88861117e-03 -1.20124063e-02
-7.66088663e-03 -6.86949709e-03 -1.19585849e-02
-7.65585659e-03 -6.85044237e-03 -1.19051443e-02
-7.65077920e-03 -6.83144683e-03 -1.18520804e-02
-7.64565530e-03 -6.81251028e-03 -1.17993896e-02
-7.64048568e-03 -6.79363254e-03 -1.17470679e-02
-7.63527114e-03 -6.77481344e-03 -1.16951118e-02
-7.63001244e-03 -6.75605279e-03 -1.16435176e-02
-7.62471034e-03 -6.73735043e-03 -1.15922816e-02
-7.61936556e-03 -6.71870619e-03 -1.15414004e-02
-7.61397885e-03 -6.70011989e-03 -1.14908705e-02
-7.60855089e-03 -6.68159139e-03 -1.14406884e-02
-7.60308239e-03 -6.66312050e-03 -1.13908507e-02
-7.59757401e-03 -6.64470709e-03 -1.13413542e-02
-7.59202643e-03 -6.62635098e-03 -1.12921956e-02
-7.58644030e-03 -6.60805204e-03 -1.12433715e-02
-7.58081624e-03 -6.58981010e-03 -1.11948790e-02
-7.57515489e-03 -6.57162502e-03 -1.11467147e-02
-7.56945686e-03 -6.55349665e-03 -1.10988757e-02
-7.56372275e-03 -6.53542486e-03 -1.10513589e-02
-7.55795315e-03 -6.51740951e-03 -1.10041613e-02
-7.55214864e-03 -6.49945044e-03 -1.09572800e-02
-7.54630980e-03 -6.48154754e-03 -1.09107120e-02
-7.54043719e-03 -6.46370067e-03 -1.08644545e-02
-7.53453135e-03 -6.44590969e-03 -1.08185047e-02
-7.52859283e-03 -6.42817448e-03 -1.07728597e-02
-7.52262216e-03 -6.41049492e-03 -1.07275169e-02
-7.51661988e-03 -6.39287087e-03 -1.06824735e-02
-7.51058650e-03 -6.37530223e-03 -1.06377268e-02
-7.50452252e-03 -6.35778886e-03 -1.05932743e-02
-7.49842847e-03 -6.34033064e-03 -1.05491133e-02
-7.49230483e-03 -6.32292747e-03 -1.05052413e-02
-7.48615209e-03 -6.30557923e-03 -1.04616558e-02
-7.47997075e-03 -6.28828581e-03 -1.04183542e-02
-7.47376129e-03 -6.27104708e-03 -1.03753341e-02
-7.46752418e-03 -6.25386296e-03 -1.03325931e-02
-7.46125990e-03 -6.23673331e-03 -1.02901289e-02
-7.45496890e-03 -6.21965805e-03 -1.02479389e-02
-7.44865166e-03 -6.20263706e-03 -1.02060210e-02
-7.44230864e-03 -6.18567023e-03 -1.01643728e-02
-7.43594029e-03 -6.16875748e-03 -1.01229920e-02
-7.42954706e-03 -6.15189868e-03 -1.00818764e-02
-7.42312940e-03 -6.13509374e-03 -1.00410239e-02
-7.41668777e-03 -6.11834256e-03 -1.00004321e-02
-7.41022261e-03 -6.10164503e-03 -9.96009905e-03
-7.40373435e-03 -6.08500106e-03 -9.92002249e-03
-7.39722345e-03 -6.06841055e-03 -9.88020037e-03
-7.39069035e-03 -6.05187340e-03 -9.84063060e-03
-7.38413548e-03 -6.03538950e-03 -9.80131113e-03
-7.37755928e-03 -6.01895876e-03 -9.76223993e-03
-7.37096219e-03 -6.00258108e-03 -9.72341499e-03
-7.36434464e-03 -5.98625636e-03 -9.68483435e-03
-7.35770708e-03 -5.96998449e-03 -9.64649604e-03
-7.35104994e-03 -5.95376539e-03 -9.60839813e-03
-7.34437366e-03 -5.93759894e-03 -9.57053871e-03
-7.33767867e-03 -5.92148504e-03 -9.53291588e-03
-7.33096541e-03 -5.90542359e-03 -9.49552778e-03
-7.32423432e-03 -5.88941449e-03 -9.45837256e-03
-7.31748584e-03 -5.87345764e-03 -9.42144840e-03
-7.31072041e-03 -5.85755292e-03 -9.38475349e-03
-7.30393847e-03 -5.84170022e-03 -9.34828604e-03
-7.29714047e-03 -5.82589945e-03 -9.31204429e-03
-7.29032684e-03 -5.81015048e-03 -9.27602650e-03
-7.28349804e-03 -5.79445321e-03 -9.24023093e-03
-7.27665452e-03 -5.77880752e-03 -9.20465588e-03
-7.26979671e-03 -5.76321329e-03 -9.16929967e-03
-7.26292509e-03 -5.74767040e-03 -9.13416062e-03
-7.25604009e-03 -5.73217874e-03 -9.09923708e-03
-7.24914218e-03 -5.71673817e-03 -9.06452742e-03
-7.24223182e-03 -5.70134857e-03 -9.03003002e-03
-7.23530946e-03 -5.68600982e-03 -8.99574330e-03
-7.22837558e-03 -5.67072177e-03 -8.96166568e-03
-7.22143063e-03 -5.65548429e-03 -8.92779559e-03
-7.21447510e-03 -5.64029725e-03 -8.89413151e-03
-7.20750945e-03 -5.62516051e-03 -8.86067190e-03
-7.20053416e-03 -5.61007390e-03 -8.82741526e-03
-7.19354970e-03 -5.59503730e-03 -8.79436011e-03
-7.18655657e-03 -5.58005054e-03 -8.76150499e-03
-7.17955525e-03 -5.56511346e-03 -8.72884844e-03
-7.17254622e-03 -5.55022592e-03 -8.69638905e-03
-7.16552999e-03 -5.53538773e-03 -8.66412539e-03
-7.15850704e-03 -5.52059874e-03 -8.63205607e-03
-7.15147788e-03 -5.50585876e-03 -8.60017974e-03
-7.14444301e-03 -5.49116763e-03 -8.56849503e-03
-7.13740294e-03 -5.47652515e-03 -8.53700061e-03
-7.13035819e-03 -5.46193115e-03 -8.50569518e-03
-7.12330926e-03 -5.44738542e-03 -8.47457744e-03
-7.11625668e-03 -5.43288778e-03 -8.44364611e-03
-7.10920097e-03 -5.41843802e-03 -8.41289996e-03
-7.10214266e-03 -5.40403593e-03 -8.38233775e-03
-7.09508229e-03 -5.38968131e-03 -8.35195828e-03
-7.08802038e-03 -5.37537393e-03 -8.32176036e-03
-7.08095749e-03 -5.36111358e-03 -8.29174283e-03
-7.07389416e-03 -5.34690002e-03 -8.26190455e-03
-7.06683093e-03 -5.33273303e-03 -8.23224440e-03
-7.05976836e-03 -5.31861236e-03 -8.20276130e-03
-7.05270702e-03 -5.30453778e-03 -8.17345418e-03
-7.04564746e-03 -5.29050902e-03 -8.14432200e-03
-7.03859026e-03 -5.27652585e-03 -8.11536373e-03
-7.03153599e-03 -5.26258799e-03 -8.08657839e-03
-7.02448523e-03 -5.24869519e-03 -8.05796501e-03
-7.01743855e-03 -5.23484716e-03 -8.02952266e-03
-7.01039656e-03 -5.22104364e-03 -8.00125042e-03
-7.00335984e-03 -5.20728434e-03 -7.97314741e-03
-6.99632899e-03 -5.19356897e-03 -7.94521278e-03
-6.98930462e-03 -5.17989723e-03 -7.91744570e-03
-6.98228733e-03 -5.16626883e-03 -7.88984539e-03
-6.97527774e-03 -5.15268346e-03 -7.86241107e-03
-6.96827647e-03 -5.13914082e-03 -7.83514200e-03
-6.96128415e-03 -5.12564057e-03 -7.80803750e-03
-6.95430139e-03 -5.11218240e-03 -7.78109689e-03
-6.94732885e-03 -5.09876598e-03 -7.75431952e-03
-6.94036715e-03 -5.08539098e-03 -7.72770480e-03
-6.93341695e-03 -5.07205706e-03 -7.70125216e-03
-6.92647889e-03 -5.05876387e-03 -7.67496105e-03
-6.91955363e-03 -5.04551106e-03 -7.64883098e-03
-6.91264184e-03 -5.03229828e-03 -7.62286149e-03
-6.90574418e-03 -5.01912517e-03 -7.59705213e-03
-6.89886133e-03 -5.00599135e-03 -7.57140252e-03
-6.89199396e-03 -4.99289647e-03 -7.54591230e-03
-6.88514275e-03 -4.97984015e-03 -7.52058114e-03
-6.87830840e-03 -4.96682199e-03 -7.49540878e-03
-6.87149159e-03 -4.95384162e-03 -7.47039495e-03
-6.86469303e-03 -4.94089865e-03 -7.44553947e-03
-6.85791341e-03 -4.92799268e-03 -7.42084216e-03
-6.85115346e-03 -4.91512332e-03 -7.39630290e-03
-6.84441387e-03 -4.90229015e-03 -7.37192160e-03
-6.83769538e-03 -4.88949277e-03 -7.34769822e-03
-6.83099869e-03 -4.87673076e-03 -7.32363274e-03
-6.82432454e-03 -4.86400372e-03 -7.29972521e-03
-6.81767367e-03 -4.85131122e-03 -7.27597571e-03
-6.81104679e-03 -4.83865283e-03 -7.25238434e-03
-6.80444466e-03 -4.82602812e-03 -7.22895127e-03
-6.79786802e-03 -4.81343667e-03 -7.20567671e-03
-6.79131761e-03 -4.80087804e-03 -7.18256088e-03
-6.78479418e-03 -4.78835179e-03 -7.15960409e-03
-6.77829849e-03 -4.77585748e-03 -7.13680665e-03
-6.77183129e-03 -4.76339466e-03 -7.11416893e-03
-6.76539334e-03 -4.75096288e-03 -7.09169134e-03
-6.75898539e-03 -4.73856170e-03 -7.06937434e-03
-6.75260822e-03 -4.72619065e-03 -7.04721841e-03
-6.74626258e-03 -4.71384929e-03 -7.02522410e-03
-6.73994924e-03 -4.70153715e-03 -7.00339197e-03
-6.73366896e-03 -4.68925378e-03 -6.98172266e-03
-6.72742251e-03 -4.67699871e-03 -6.96021680e-03
-6.72121065e-03 -4.66477147e-03 -6.93887510e-03
-6.71503415e-03 -4.65257160e-03 -6.91769830e-03
-6.70889377e-03 -4.64039862e-03 -6.89668718e-03
-6.70279027e-03 -4.62825208e-03 -6.87584255e-03
-6.69672442e-03 -4.61613149e-03 -6.85516526e-03
-6.69069696e-03 -4.60403638e-03 -6.83465621e-03
-6.68470866e-03 -4.59196627e-03 -6.81431633e-03
-6.67876026e-03 -4.57992070e-03 -6.79414658e-03
-6.67285250e-03 -4.56789917e-03 -6.77414796e-03
-6.66698613e-03 -4.55590122e-03 -6.75432151e-03
-6.66116188e-03 -4.54392637e-03 -6.73466829e-03
-6.65538048e-03 -4.53197413e-03 -6.71518942e-03
-6.64964265e-03 -4.52004402e-03 -6.69588601e-03
-6.64394910e-03 -4.50813556e-03 -6.67675925e-03
-6.63830053e-03 -4.49624827e-03 -6.65781032e-03
-6.63269764e-03 -4.48438167e-03 -6.63904046e-03
-6.62714111e-03 -4.47253527e-03 -6.62045089e-03
-6.62163162e-03 -4.46070860e-03 -6.60204292e-03
-6.61616981e-03 -4.44890116e-03 -6.58381784e-03
-6.61075635e-03 -4.43711248e-03 -6.56577697e-03
-6.60539186e-03 -4.42534207e-03 -6.54792166e-03
-6.60007696e-03 -4.41358945e-03 -6.53025328e-03
-6.59481225e-03 -4.40185414e-03 -6.51277323e-03
-6.58959833e-03 -4.39013565e-03 -6.49548290e-03
-6.58443575e-03 -4.37843350e-03 -6.47838372e-03
-6.57932507e-03 -4.36674720e-03 -6.46147712e-03
-6.57426681e-03 -4.35507629e-03 -6.44476456e-03
-6.56926148e-03 -4.34342027e-03 -6.42824749e-03
-6.56430958e-03 -4.33177867e-03 -6.41192738e-03
-6.55941156e-03 -4.32015100e-03 -6.39580570e-03
-6.55456786e-03 -4.30853679e-03 -6.37988395e-03
-6.54977890e-03 -4.29693556e-03 -6.36416360e-03
-6.54504507e-03 -4.28534683e-03 -6.34864615e-03
-6.54036671e-03 -4.27377011e-03 -6.33333307e-03
-6.53574418e-03 -4.26220495e-03 -6.31822586e-03
-6.53117776e-03 -4.25065085e-03 -6.30332599e-03
-6.52666774e-03 -4.23910735e-03 -6.28863493e-03
-6.52221434e-03 -4.22757396e-03 -6.27415415e-03
-6.51781778e-03 -4.21605023e-03 -6.25988511e-03
-6.51347822e-03 -4.20453568e-03 -6.24582924e-03
-6.50919580e-03 -4.19302983e-03 -6.23198796e-03
-6.50497062e-03 -4.18153222e-03 -6.21836269e-03
-6.50080274e-03 -4.17004238e-03 -6.20495481e-03
-6.49669218e-03 -4.15855984e-03 -6.19176569e-03
-6.49263893e-03 -4.14708414e-03 -6.17879666e-03
-6.48864292e-03 -4.13561481e-03 -6.16604905e-03
-6.48470405e-03 -4.12415140e-03 -6.15352413e-03
-6.48082217e-03 -4.11269343e-03 -6.14122315e-03
-6.47699709e-03 -4.10124046e-03 -6.12914735e-03
-6.47322858e-03 -4.08979202e-03 -6.11729789e-03
-6.46951634e-03 -4.07834766e-03 -6.10567593e-03
-6.46586006e-03 -4.06690693e-03 -6.09428256e-03
-6.46225933e-03 -4.05546936e-03 -6.08311886e-03
-6.45871374e-03 -4.04403453e-03 -6.07218582e-03
-6.45522279e-03 -4.03260197e-03 -6.06148441e-03
-6.45178595e-03 -4.02117124e-03 -6.05101556e-03
-6.44840264e-03 -4.00974191e-03 -6.04078011e-03
-6.44507219e-03 -3.99831353e-03 -6.03077889e-03
-6.44179392e-03 -3.98688566e-03 -6.02101263e-03
-6.43856707e-03 -3.97545787e-03 -6.01148202e-03
-6.43539083e-03 -3.96402974e-03 -6.00218769e-03
-6.43226432e-03 -3.95260083e-03 -5.99313021e-03
-6.42918662e-03 -3.94117073e-03 -5.98431005e-03
-6.42615673e-03 -3.92973901e-03 -5.97572766e-03
-6.42317361e-03 -3.91830525e-03 -5.96738337e-03
-6.42023614e-03 -3.90686905e-03 -5.95927747e-03
-6.41734316e-03 -3.89543001e-03 -5.95141017e-03
-6.41449343e-03 -3.88398771e-03 -5.94378158e-03
-6.41168565e-03 -3.87254177e-03 -5.93639175e-03
-6.40891846e-03 -3.86109179e-03 -5.92924064e-03
-6.40619045e-03 -3.84963738e-03 -5.92232813e-03
-6.40350013e-03 -3.83817817e-03 -5.91565401e-03
-6.40084593e-03 -3.82671379e-03 -5.90921798e-03
-6.39822626e-03 -3.81524386e-03 -5.90301965e-03
-6.39563942e-03 -3.80376803e-03 -5.89705854e-03
-6.39308368e-03 -3.79228594e-03 -5.89133407e-03
-6.39055722e-03 -3.78079726e-03 -5.88584558e-03
-6.38805817e-03 -3.76930164e-03 -5.88059229e-03
-6.38558459e-03 -3.75779876e-03 -5.87557334e-03
-6.38313448e-03 -3.74628830e-03 -5.87078776e-03
-6.38070576e-03 -3.73476994e-03 -5.86623447e-03
-6.37829630e-03 -3.72324340e-03 -5.86191230e-03
-6.37590390e-03 -3.71170838e-03 -5.85781996e-03
-6.37352631e-03 -3.70016460e-03 -5.85395608e-03
-6.37116120e-03 -3.68861181e-03 -5.85031915e-03
-6.36880618e-03 -3.67704973e-03 -5.84690756e-03
-6.36645879e-03 -3.66547813e-03 -5.84371960e-03
-6.36411654e-03 -3.65389678e-03 -5.84075344e-03
-6.36177684e-03 -3.64230547e-03 -5.83800714e-03
-6.35943707e-03 -3.63070400e-03 -5.83547864e-03
-6.35709453e-03 -3.61909216e-03 -5.83316578e-03
-6.35474648e-03 -3.60746981e-03 -5.83106627e-03
-6.35239010e-03 -3.59583677e-03 -5.82917770e-03
-6.35002253e-03 -3.58419291e-03 -5.82749757e-03
-6.34764086e-03 -3.57253810e-03 -5.82602322e-03
-6.34524212e-03 -3.56087225e-03 -5.82475192e-03
-6.34282327e-03 -3.54919525e-03 -5.82368078e-03
-6.34038125e-03 -3.53750706e-03 -5.82280683e-03
-6.33791293e-03 -3.52580762e-03 -5.82212694e-03
-6.33541513e-03 -3.51409689e-03 -5.82163788e-03
-6.33288465e-03 -3.50237488e-03 -5.82133632e-03
-6.33031821e-03 -3.49064160e-03 -5.82121879e-03
-6.32771250e-03 -3.47889708e-03 -5.82128169e-03
-6.32506419e-03 -3.46714139e-03 -5.82152133e-03
-6.32236988e-03 -3.45537461e-03 -5.82193387e-03
-6.31962615e-03 -3.44359684e-03 -5.82251539e-03
-6.31682954e-03 -3.43180822e-03 -5.82326180e-03
-6.31397656e-03 -3.42000891e-03 -5.82416895e-03
-6.31106368e-03 -3.40819909e-03 -5.82523253e-03
-6.30808735e-03 -3.39637897e-03 -5.82644814e-03
-6.30504400e-03 -3.38454880e-03 -5.82781124e-03
-6.30193002e-03 -3.37270883e-03 -5.82931720e-03
-6.29874178e-03 -3.36085937e-03 -5.83096125e-03
-6.29547564e-03 -3.34900074e-03 -5.83273855e-03
-6.29212795e-03 -3.33713330e-03 -5.83464410e-03
-6.28869503e-03 -3.32525744e-03 -5.83667281e-03
-6.28517319e-03 -3.31337356e-03 -5.83881950e-03
-6.28155874e-03 -3.30148213e-03 -5.84107885e-03
-6.27784798e-03 -3.28958362e-03 -5.84344545e-03
-6.27403721e-03 -3.27767856e-03 -5.84591378e-03
-6.27012272e-03 -3.26576748e-03 -5.84847823e-03
-6.26610081e-03 -3.25385098e-03 -5.85113307e-03
-6.26196778e-03 -3.24192968e-03 -5.85387248e-03
-6.25771996e-03 -3.23000422e-03 -5.85669055e-03
-6.25335365e-03 -3.21807530e-03 -5.85958125e-03
-6.24886521e-03 -3.20614364e-03 -5.86253848e-03
-6.24425099e-03 -3.19421001e-03 -5.86555604e-03
-6.23950736e-03 -3.18227521e-03 -5.86862764e-03
-6.23463072e-03 -3.17034007e-03 -5.87174689e-03
-6.22961751e-03 -3.15840546e-03 -5.87490734e-03
-6.22446417e-03 -3.14647231e-03 -5.87810244e-03
-6.21916719e-03 -3.13454155e-03 -5.88132557e-03
-6.21372311e-03 -3.12261419e-03 -5.88457001e-03
-6.20812849e-03 -3.11069125e-03 -5.88782898e-03
-6.20237993e-03 -3.09877379e-03 -5.89109565e-03
-6.19647409e-03 -3.08686293e-03 -5.89436307e-03
-6.19040767e-03 -3.07495981e-03 -5.89762426e-03
-6.18417742e-03 -3.06306561e-03 -5.90087217e-03
