0.00000000e+00 0.00000000e+00 0.00000000e+00
0.00000000e+00 0.00000000e+00 0.00000000e+00
1.33186647e-08 -1.50314361e-08 -3.99617654e-08
5.44279701e-08 -6.29054300e-08 -1.62995577e-07
-5.42619658e-08 2.80871541e-08 1.24665819e-07
-6.16838099e-07 5.79950384e-07 1.69075748e-06
-1.06186383e-06 1.16526424e-06 3.11920750e-06
7.73960309e-07 7.71321802e-09 -1.04771219e-06
6.75816726e-06 -4.32501261e-06 -1.52143201e-05
1.44112624e-05 -9.55447865e-06 -3.24715554e-05
1.49981906e-05 -8.46832826e-06 -3.05811406e-05
-2.12362804e-06 7.00186499e-06 1.59362840e-05
-3.98435746e-05 3.78195369e-05 1.11351762e-04
-8.45989939e-05 7.15296049e-05 2.18539405e-04
-1.05782860e-04 8.30778028e-05 2.60287104e-04
-6.61426256e-05 4.42154536e-05 1.47467891e-04
6.02336091e-05 -6.20514579e-05 -1.76125552e-04
2.70128623e-04 -2.28373094e-04 -6.92045622e-04
5.21676808e-04 -4.17210256e-04 -1.28745838e-03
7.37715510e-04 -5.64977768e-04 -1.76690283e-03
8.21446165e-04 -5.94989717e-04 -1.89255931e-03
6.79385909e-04 -4.35029607e-04 -1.44012786e-03
2.44445323e-04 -3.42551331e-05 -2.53325096e-04
-5.07483327e-04 6.25086958e-04 1.71794675e-03
-1.55147107e-03 1.52366438e-03 4.40443146e-03
-2.81868338e-03 2.60896065e-03 7.63033273e-03
-4.21033175e-03 3.80530297e-03 1.11465140e-02
-5.61623206e-03 5.02712694e-03 1.46745715e-02
-6.93334420e-03 6.19239069e-03 1.79514219e-02
-8.08048960e-03 7.23359877e-03 2.07657654e-02
-9.00700798e-03 8.10487525e-03 2.29810463e-02
-9.69485911e-03 8.78460613e-03 2.45432246e-02
-1.01551309e-02 9.27409078e-03 2.54748704e-02
-1.04208090e-02 9.59324987e-03 2.58592429e-02
-1.05379352e-02 9.77469308e-03 2.58189515e-02
-1.05570330e-02 9.85740281e-03 2.54936472e-02
-1.05261203e-02 9.88103501e-03 2.50202902e-02
-1.04859629e-02 9.88148537e-03 2.45182568e-02
-1.04676338e-02 9.88801046e-03 2.40802363e-02
-1.04920307e-02 9.92189175e-03 2.37687510e-02
-1.05707924e-02 9.99641750e-03 2.36173567e-02
-1.07080215e-02 1.01178368e-02 2.36351547e-02
-1.09023083e-02 1.02869012e-02 2.38131383e-02
-1.11486896e-02 1.05006318e-02 2.41310332e-02
-1.14403256e-02 1.07540144e-02 2.45635699e-02
-1.17698025e-02 1.10414113e-02 2.50854865e-02
-1.21300481e-02 1.13575735e-02 2.56749213e-02
-1.25149049e-02 1.16982253e-02 2.63151766e-02
-1.29194206e-02 1.20602625e-02 2.69950783e-02
-1.33399265e-02 1.24416609e-02 2.77083126e-02
-1.37739690e-02 1.28412080e-02 2.84521772e-02
-1.42201496e-02 1.32581754e-02 2.92261618e-02
-1.46779206e-02 1.36920243e-02 3.00306819e-02
-1.51473731e-02 1.41422042e-02 3.08661681e-02
-1.56290377e-02 1.46080661e-02 3.17325830e-02
-1.61237144e-02 1.50888795e-02 3.26293254e-02
-1.66323332e-02 1.55839198e-02 3.35554091e-02
-1.71558447e-02 1.60925820e-02 3.45097711e-02
-1.76951365e-02 1.66144816e-02 3.54915742e-02
-1.82509717e-02 1.71495131e-02 3.65004063e-02
-1.88239465e-02 1.76978543e-02 3.75363338e-02
-1.94144676e-02 1.82599211e-02 3.85998153e-02
-2.00227509e-02 1.88362865e-02 3.96915227e-02
-2.06488400e-02 1.94275875e-02 4.08121321e-02
-2.12926458e-02 2.00344388e-02 4.19621476e-02
-2.19539995e-02 2.06573697e-02 4.31418021e-02
-2.26327131e-02 2.12967913e-02 4.43510502e-02
-2.33286375e-02 2.19529931e-02 4.55896458e-02
-2.40417082e-02 2.26261629e-02 4.68572718e-02
-2.47719715e-02 2.33164177e-02 4.81536835e-02
-2.55195885e-02 2.40238375e-02 4.94788248e-02
-2.62848155e-02 2.47484921e-02 5.08328906e-02
-2.70679682e-02 2.54904573e-02 5.22163227e-02
-2.78693769e-02 2.62498194e-02 5.36297441e-02
-2.86893411e-02 2.70266719e-02 5.50738503e-02
-2.95280950e-02 2.78211076e-02 5.65492850e-02
-3.03857870e-02 2.86332122e-02 5.80565272e-02
-3.12624802e-02 2.94630620e-02 5.95958129e-02
-3.21581689e-02 3.03107278e-02 6.11671044e-02
-3.30728112e-02 3.11762851e-02 6.27701100e-02
-3.40063679e-02 3.20598279e-02 6.44043459e-02
-3.49588412e-02 3.29614830e-02 6.60692258e-02
-3.59303071e-02 3.38814214e-02 6.77641584e-02
-3.69209339e-02 3.48198638e-02 6.94886348e-02
-3.79309854e-02 3.57770785e-02 7.12422911e-02
-3.89608067e-02 3.67533716e-02 7.30249377e-02
-4.00107968e-02 3.77490691e-02 7.48365532e-02
-4.10813704e-02 3.87644958e-02 7.66772472e-02
-4.21729159e-02 3.97999505e-02 7.85472017e-02
-4.32857546e-02 4.08556835e-02 8.04466022e-02
-4.44201072e-02 4.19318772e-02 8.23755712e-02
-4.55760714e-02 4.30286332e-02 8.43341141e-02
-4.67536140e-02 4.41459661e-02 8.63220850e-02
-4.79525766e-02 4.52838054e-02 8.83391748e-02
-4.91726958e-02 4.64420044e-02 9.03849231e-02
-5.04136326e-02 4.76203542e-02 9.24587464e-02
-5.16750100e-02 4.88186022e-02 9.45599804e-02
-5.29564519e-02 5.00364720e-02 9.66879253e-02
-5.42576194e-02 5.12736836e-02 9.88418896e-02
-5.55782416e-02 5.25299706e-02 1.01021224e-01
-5.69181365e-02 5.38050955e-02 1.03225346e-01
-5.82772199e-02 5.50988597e-02 1.05453743e-01
-5.96555037e-02 5.64111097e-02 1.07705967e-01
-6.10530813e-02 5.77417385e-02 1.09981619e-01
-6.24701052e-02 5.90906832e-02 1.12280317e-01
-6.39067574e-02 6.04579190e-02 1.14601668e-01
-6.53632161e-02 6.18434506e-02 1.16945233e-01
-6.68396240e-02 6.32473016e-02 1.19310505e-01
-6.83360582e-02 6.46695027e-02 1.21696887e-01
-6.98525078e-02 6.61100795e-02 1.24103677e-01
-7.13888584e-02 6.75690395e-02 1.26530069e-01
-7.29448858e-02 6.90463607e-02 1.28975150e-01
-7.45202589e-02 7.05419801e-02 1.31437922e-01
-7.61145501e-02 7.20557850e-02 1.33917305e-01
-7.77272527e-02 7.35876048e-02 1.36412164e-01
-7.93578032e-02 7.51372064e-02 1.38921323e-01
-8.10056051e-02 7.67042923e-02 1.41443583e-01
-8.26700527e-02 7.82885011e-02 1.43977740e-01
-8.43505533e-02 7.98894118e-02 1.46522592e-01
-8.60465446e-02 8.15065502e-02 1.49076957e-01
-8.77575071e-02 8.31393986e-02 1.51639668e-01
-8.94829701e-02 8.47874058e-02 1.54209582e-01
-9.12225120e-02 8.64499997e-02 1.56785575e-01
-9.29757542e-02 8.81265979e-02 1.59366537e-01
-9.47423510e-02 8.98166185e-02 1.61951363e-01
-9.65219746e-02 9.15194884e-02 1.64538944e-01
-9.83142990e-02 9.32346493e-02 1.67128151e-01
-1.00118983e-01 9.49615604e-02 1.69717821e-01
-1.01935654e-01 9.66996986e-02 1.72306746e-01
-1.03763893e-01 9.84485556e-02 1.74893656e-01
-1.05603228e-01 1.00207632e-01 1.77477208e-01
-1.07453121e-01 1.01976434e-01 1.80055975e-01
-1.09312971e-01 1.03754458e-01 1.82628448e-01
-1.11182112e-01 1.05541193e-01 1.85193028e-01
-1.13059822e-01 1.07336108e-01 1.87748034e-01
-1.14945329e-01 1.09138645e-01 1.90291713e-01
-1.16837821e-01 1.10948219e-01 1.92822248e-01
-1.18736460e-01 1.12764217e-01 1.95337783e-01
-1.20640393e-01 1.14585991e-01 1.97836434e-01
-1.22548759e-01 1.16412867e-01 2.00316309e-01
-1.24460705e-01 1.18244144e-01 2.02775529e-01
-1.26375385e-01 1.20079095e-01 2.05212241e-01
-1.28291969e-01 1.21916976e-01 2.07624630e-01
-1.30209640e-01 1.23757025e-01 2.10010927e-01
-1.32127599e-01 1.25598466e-01 2.12369412e-01
-1.34045054e-01 1.27440510e-01 2.14698416e-01
-1.35961217e-01 1.29282358e-01 2.16996307e-01
-1.37875302e-01 1.31123201e-01 2.19261490e-01
-1.39786512e-01 1.32962217e-01 2.21492389e-01
-1.41694039e-01 1.34798575e-01 2.23687437e-01
-1.43597056e-01 1.36631430e-01 2.25845065e-01
-1.45494712e-01 1.38459923e-01 2.27963684e-01
-1.47386134e-01 1.40283181e-01 2.30041682e-01
-1.49270426e-01 1.42100321e-01 2.32077414e-01
-1.51146666e-01 1.43910442e-01 2.34069196e-01
-1.53013916e-01 1.45712633e-01 2.36015307e-01
-1.54871220e-01 1.47505975e-01 2.37913990e-01
-1.56717611e-01 1.49289537e-01 2.39763455e-01
-1.58552114e-01 1.51062387e-01 2.41561887e-01
-1.60373753e-01 1.52823587e-01 2.43307452e-01
-1.62181549e-01 1.54572199e-01 2.44998307e-01
-1.63974530e-01 1.56307287e-01 2.46632608e-01
-1.65751725e-01 1.58027918e-01 2.48208516e-01
-1.67512168e-01 1.59733161e-01 2.49724207e-01
-1.69254896e-01 1.61422093e-01 2.51177880e-01
-1.70978950e-01 1.63093794e-01 2.52567758e-01
-1.72683371e-01 1.64747349e-01 2.53892097e-01
-1.74367200e-01 1.66381846e-01 2.55149188e-01
-1.76029475e-01 1.67996380e-01 2.56337365e-01
-1.77669229e-01 1.69590047e-01 2.57455003e-01
-1.79285494e-01 1.71161948e-01 2.58500527e-01
-1.80877299e-01 1.72711185e-01 2.59472412e-01
-1.82443670e-01 1.74236865e-01 2.60369187e-01
-1.83983635e-01 1.75738099e-01 2.61189439e-01
-1.85496226e-01 1.77214002e-01 2.61931816e-01
-1.86980484e-01 1.78663695e-01 2.62595028e-01
-1.88435459e-01 1.80086304e-01 2.63177847e-01
-1.89860218e-01 1.81480964e-01 2.63679111e-01
-1.91253844e-01 1.82846817e-01 2.64097719e-01
-1.92615442e-01 1.84183017e-01 2.64432632e-01
-1.93944140e-01 1.85488725e-01 2.64682867e-01
-1.95239091e-01 1.86763112e-01 2.64847498e-01
-1.96499468e-01 1.88005362e-01 2.64925644e-01
-1.97724473e-01 1.89214669e-01 2.64916469e-01
-1.98913328e-01 1.90390235e-01 2.64819176e-01
-2.00065276e-01 1.91531277e-01 2.64633005e-01
-2.01179580e-01 1.92637021e-01 2.64357223e-01
-2.02255519e-01 1.93706706e-01 2.63991129e-01
-2.03292391e-01 1.94739582e-01 2.63534049e-01
-2.04289504e-01 1.95734913e-01 2.62985338e-01
-2.05246183e-01 1.96691979e-01 2.62344383e-01
-2.06161764e-01 1.97610076e-01 2.61610608e-01
-2.07035597e-01 1.98488519e-01 2.60783477e-01
-2.07867046e-01 1.99326643e-01 2.59862504e-01
-2.08655491e-01 2.00123807e-01 2.58847258e-01
-2.09400331e-01 2.00879396e-01 2.57737371e-01
-2.10100985e-01 2.01592823e-01 2.56532547e-01
-2.10756895e-01 2.02263531e-01 2.55232568e-01
-2.11367529e-01 2.02890993e-01 2.53837301e-01
-2.11932383e-01 2.03474718e-01 2.52346700e-01
-2.12450985e-01 2.04014245e-01 2.50760814e-01
-2.12922895e-01 2.04509149e-01 2.49079783e-01
-2.13347706e-01 2.04959040e-01 2.47303843e-01
-2.13725050e-01 2.05363559e-01 2.45433323e-01
-2.14054591e-01 2.05722381e-01 2.43468641e-01
-2.14336032e-01 2.06035208e-01 2.41410301e-01
-2.14569110e-01 2.06301776e-01 2.39258888e-01
-2.14753599e-01 2.06521845e-01 2.37015063e-01
-2.14889305e-01 2.06695200e-01 2.34679555e-01
-2.14976068e-01 2.06821653e-01 2.32253162e-01
-2.15013760e-01 2.06901035e-01 2.29736737e-01
-2.15002283e-01 2.06933201e-01 2.27131191e-01
-2.14941568e-01 2.06918025e-01 2.24437489e-01
-2.14831576e-01 2.06855404e-01 2.21656641e-01
-2.14672294e-01 2.06745253e-01 2.18789710e-01
-2.14463738e-01 2.06587509e-01 2.15837803e-01
-2.14205949e-01 2.06382133e-01 2.12802079e-01
-2.13898996e-01 2.06129108e-01 2.09683745e-01
-2.13542977e-01 2.05828442e-01 2.06484060e-01
-2.13138015e-01 2.05480171e-01 2.03204338e-01
-2.12684263e-01 2.05084358e-01 1.99845948e-01
-2.12181904e-01 2.04641098e-01 1.96410321e-01
-2.11631149e-01 2.04150517e-01 1.92898950e-01
-2.11032241e-01 2.03612775e-01 1.89313388e-01
-2.10385455e-01 2.03028065e-01 1.85655259e-01
-2.09691096e-01 2.02396618e-01 1.81926248e-01
-2.08949503e-01 2.01718698e-01 1.78128110e-01
-2.08161047e-01 2.00994607e-01 1.74262663e-01
-2.07326132e-01 2.00224682e-01 1.70331791e-01
-2.06445196e-01 1.99409294e-01 1.66337437e-01
-2.05518707e-01 1.98548849e-01 1.62281607e-01
-2.04547166e-01 1.97643785e-01 1.58166357e-01
-2.03531105e-01 1.96694572e-01 1.53993799e-01
-2.02471087e-01 1.95701710e-01 1.49766090e-01
-2.01367705e-01 1.94665726e-01 1.45485430e-01
-2.00221577e-01 1.93587173e-01 1.41154058e-01
-1.99033353e-01 1.92466631e-01 1.36774245e-01
-1.97803707e-01 1.91304699e-01 1.32348294e-01
-1.96533337e-01 1.90102002e-01 1.27878533e-01
-1.95222967e-01 1.88859180e-01 1.23367310e-01
-1.93873344e-01 1.87576895e-01 1.18816996e-01
-1.92485236e-01 1.86255827e-01 1.14229974e-01
-1.91059433e-01 1.84896671e-01 1.09608643e-01
-1.89596745e-01 1.83500139e-01 1.04955414e-01
-1.88098001e-01 1.82066959e-01 1.00272707e-01
-1.86564050e-01 1.80597875e-01 9.55629518e-02
-1.84995759e-01 1.79093645e-01 9.08285862e-02
-1.83394011e-01 1.77555043e-01 8.60720546e-02
-1.81759707e-01 1.75982858e-01 8.12958081e-02
-1.80093765e-01 1.74377892e-01 7.65023031e-02
-1.78397116e-01 1.72740965e-01 7.16940007e-02
-1.76670710e-01 1.71072908e-01 6.68733658e-02
-1.74915507e-01 1.69374570e-01 6.20428658e-02
-1.73132482e-01 1.67646811e-01 5.72049694e-02
-1.71322624e-01 1.65890509e-01 5.23621450e-02
-1.69486932e-01 1.64106552e-01 4.75168589e-02
-1.67626416e-01 1.62295843e-01 4.26715732e-02
-1.65742096e-01 1.60459295e-01 3.78287436e-02
-1.63835002e-01 1.58597837e-01 3.29908171e-02
-1.61906170e-01 1.56712405e-01 2.81602290e-02
-1.59956642e-01 1.54803947e-01 2.33394007e-02
-1.57987468e-01 1.52873419e-01 1.85307366e-02
-1.55999702e-01 1.50921786e-01 1.37366216e-02
-1.53994398e-01 1.48950021e-01 8.95941802e-03
-1.51972616e-01 1.46959100e-01 4.20146340e-03
-1.49935415e-01 1.44950007e-01 -5.34932455e-04
-1.47883856e-01 1.42923728e-01 -5.24748970e-03
-1.45818998e-01 1.40881250e-01 -9.93396078e-03
-1.43741898e-01 1.38823566e-01 -1.45921325e-02
-1.41653610e-01 1.36751664e-01 -1.92198280e-02
-1.39555187e-01 1.34666535e-01 -2.38149086e-02
-1.37447676e-01 1.32569165e-01 -2.83752753e-02
-1.35332119e-01 1.30460540e-01 -3.28988702e-02
-1.33209553e-01 1.28341640e-01 -3.73836781e-02
-1.31081009e-01 1.26213440e-01 -4.18277275e-02
-1.28947510e-01 1.24076908e-01 -4.62290918e-02
-1.26810072e-01 1.21933008e-01 -5.05858904e-02
-1.24669703e-01 1.19782692e-01 -5.48962895e-02
-1.22527402e-01 1.17626907e-01 -5.91585033e-02
-1.20384159e-01 1.15466589e-01 -6.33707945e-02
-1.18240954e-01 1.13302662e-01 -6.75314757e-02
-1.16098756e-01 1.11136043e-01 -7.16389094e-02
-1.13958521e-01 1.08967634e-01 -7.56915096e-02
-1.11821197e-01 1.06798326e-01 -7.96877420e-02
-1.09687716e-01 1.04628999e-01 -8.36261253e-02
-1.07559000e-01 1.02460519e-01 -8.75052311e-02
-1.05435953e-01 1.00293738e-01 -9.13236856e-02
-1.03319469e-01 9.81294963e-02 -9.50801692e-02
-1.01210425e-01 9.59686179e-02 -9.87734184e-02
-9.91096809e-02 9.38119143e-02 -1.02402225e-01
-9.70180829e-02 9.16601821e-02 -1.05965439e-01
-9.49364588e-02 8.95142034e-02 -1.09461965e-01
-9.28656190e-02 8.73747452e-02 -1.12890768e-01
-9.08063560e-02 8.52425595e-02 -1.16250870e-01
-8.87594435e-02 8.31183830e-02 -1.19541352e-01
-8.67256362e-02 8.10029368e-02 -1.22761354e-01
-8.47056688e-02 7.88969263e-02 -1.25910077e-01
-8.27002561e-02 7.68010406e-02 -1.28986780e-01
-8.07100924e-02 7.47159528e-02 -1.31990783e-01
-7.87358507e-02 7.26423191e-02 -1.34921466e-01
-7.67781833e-02 7.05807788e-02 -1.37778269e-01
-7.48377204e-02 6.85319540e-02 -1.40560694e-01
-7.29150710e-02 6.64964492e-02 -1.43268300e-01
-7.10108217e-02 6.44748509e-02 -1.45900709e-01
-6.91255374e-02 6.24677275e-02 -1.48457602e-01
-6.72597607e-02 6.04756287e-02 -1.50938719e-01
-6.54140120e-02 5.84990855e-02 -1.53343858e-01
-6.35887894e-02 5.65386098e-02 -1.55672875e-01
-6.17845692e-02 5.45946939e-02 -1.57925685e-01
-6.00018052e-02 5.26678109e-02 -1.60102257e-01
-5.82409295e-02 5.07584139e-02 -1.62202618e-01
-5.65023521e-02 4.88669363e-02 -1.64226847e-01
-5.47864616e-02 4.69937915e-02 -1.66175077e-01
-5.30936246e-02 4.51393731e-02 -1.68047493e-01
-5.14241866e-02 4.33040546e-02 -1.69844330e-01
-4.97784719e-02 4.14881897e-02 -1.71565873e-01
-4.81567837e-02 3.96921124e-02 -1.73212455e-01
-4.65594043e-02 3.79161371e-02 -1.74784454e-01
-4.49865954e-02 3.61605586e-02 -1.76282293e-01
-4.34385985e-02 3.44256527e-02 -1.77706440e-01
-4.19156346e-02 3.27116762e-02 -1.79057403e-01
-4.04179048e-02 3.10188672e-02 -1.80335732e-01
-3.89455906e-02 2.93474454e-02 -1.81542014e-01
-3.74988535e-02 2.76976124e-02 -1.82676875e-01
-3.60778361e-02 2.60695522e-02 -1.83740978e-01
-3.46826615e-02 2.44634310e-02 -1.84735020e-01
-3.33134343e-02 2.28793981e-02 -1.85659731e-01
-3.19702399e-02 2.13175859e-02 -1.86515873e-01
-3.06531459e-02 1.97781102e-02 -1.87304242e-01
-2.93622013e-02 1.82610705e-02 -1.88025660e-01
-2.80974376e-02 1.67665504e-02 -1.88680981e-01
-2.68588685e-02 1.52946178e-02 -1.89271085e-01
-2.56464906e-02 1.38453252e-02 -1.89796879e-01
-2.44602837e-02 1.24187098e-02 -1.90259296e-01
-2.33002109e-02 1.10147941e-02 -1.90659293e-01
-2.21662192e-02 9.63358576e-03 -1.90997852e-01
-2.10582398e-02 8.27507820e-03 -1.91275974e-01
-1.99761886e-02 6.93925070e-03 -1.91494685e-01
-1.89199667e-02 5.62606868e-03 -1.91655029e-01
-1.78894603e-02 4.33548405e-03 -1.91758071e-01
-1.68845419e-02 3.06743544e-03 -1.91804892e-01
-1.59050703e-02 1.82184860e-03 -1.91796594e-01
-1.49508914e-02 5.98636635e-04 -1.91734290e-01
-1.40218382e-02 -6.02299552e-04 -1.91619112e-01
-1.31177317e-02 -1.78107095e-03 -1.91452203e-01
-1.22383815e-02 -2.93780001e-03 -1.91234719e-01
-1.13835859e-02 -4.07262027e-03 -1.90967830e-01
-1.05531325e-02 -5.18567592e-03 -1.90652711e-01
-9.74679910e-03 -6.27712134e-03 -1.90290550e-01
-8.96435358e-03 -7.34712066e-03 -1.89882541e-01
-8.20555485e-03 -8.39584732e-03 -1.89429884e-01
-7.47015313e-03 -9.42348354e-03 -1.88933784e-01
-6.75789047e-03 -1.04302199e-02 -1.88395451e-01
-6.06850115e-03 -1.14162548e-02 -1.87816095e-01
-5.40171222e-03 -1.23817941e-02 -1.87196931e-01
-4.75724382e-03 -1.33270504e-02 -1.86539170e-01
-4.13480971e-03 -1.42522429e-02 -1.85844024e-01
-3.53411759e-03 -1.51575968e-02 -1.85112702e-01
-2.95486954e-03 -1.60433426e-02 -1.84346412e-01
-2.39676241e-03 -1.69097161e-02 -1.83546352e-01
-1.85948814e-03 -1.77569578e-02 -1.82713720e-01
-1.34273420e-03 -1.85853125e-02 -1.81849704e-01
-8.46183886e-04 -1.93950287e-02 -1.80955484e-01
-3.69516672e-04 -2.01863587e-02 -1.80032234e-01
8.75914287e-05 -2.09595581e-02 -1.79081115e-01
5.25467549e-04 -2.17148851e-02 -1.78103281e-01
9.44441636e-04 -2.24526007e-02 -1.77099871e-01
1.34484613e-03 -2.31729683e-02 -1.76072014e-01
1.72701564e-03 -2.38762533e-02 -1.75020827e-01
2.09128664e-03 -2.45627227e-02 -1.73947409e-01
2.43799712e-03 -2.52326454e-02 -1.72852850e-01
2.76748633e-03 -2.58862916e-02 -1.71738222e-01
3.08009440e-03 -2.65239323e-02 -1.70604581e-01
3.37616209e-03 -2.71458399e-02 -1.69452968e-01
3.65603043e-03 -2.77522873e-02 -1.68284407e-01
3.92004045e-03 -2.83435480e-02 -1.67099905e-01
4.16853285e-03 -2.89198957e-02 -1.65900451e-01
4.40184769e-03 -2.94816045e-02 -1.64687016e-01
4.62032415e-03 -3.00289483e-02 -1.63460551e-01
4.82430013e-03 -3.05622009e-02 -1.62221992e-01
5.01411208e-03 -3.10816357e-02 -1.60972253e-01
5.19009462e-03 -3.15875255e-02 -1.59712228e-01
5.35258033e-03 -3.20801422e-02 -1.58442795e-01
5.50189943e-03 -3.25597570e-02 -1.57164809e-01
5.63837959e-03 -3.30266397e-02 -1.55879105e-01
5.76234563e-03 -3.34810589e-02 -1.54586501e-01
5.87411932e-03 -3.39232814e-02 -1.53287793e-01
5.97401915e-03 -3.43535725e-02 -1.51983756e-01
6.06236014e-03 -3.47721955e-02 -1.50675146e-01
6.13945364e-03 -3.51794114e-02 -1.49362699e-01
6.20560717e-03 -3.55754789e-02 -1.48047131e-01
6.26112426e-03 -3.59606542e-02 -1.46729136e-01
6.30630431e-03 -3.63351909e-02 -1.45409392e-01
6.34144248e-03 -3.66993395e-02 -1.44088554e-01
6.36682958e-03 -3.70533474e-02 -1.42767259e-01
6.38275197e-03 -3.73974590e-02 -1.41446123e-01
6.38949152e-03 -3.77319152e-02 -1.40125745e-01
6.38732551e-03 -3.80569533e-02 -1.38806702e-01
6.37652663e-03 -3.83728070e-02 -1.37489557e-01
6.35736292e-03 -3.86797065e-02 -1.36174849e-01
6.33009775e-03 -3.89778777e-02 -1.34863103e-01
6.29498985e-03 -3.92675430e-02 -1.33554823e-01
6.25229327e-03 -3.95489205e-02 -1.32250497e-01
6.20225743e-03 -3.98222243e-02 -1.30950596e-01
6.14512709e-03 -4.00876646e-02 -1.29655571e-01
6.08114241e-03 -4.03454472e-02 -1.28365859e-01
6.01053896e-03 -4.05957739e-02 -1.27081879e-01
5.93354778e-03 -4.08388423e-02 -1.25804032e-01
5.85039534e-03 -4.10748460e-02 -1.24532707e-01
5.76130366e-03 -4.13039743e-02 -1.23268272e-01
5.66649026e-03 -4.15264125e-02 -1.22011083e-01
5.56616826e-03 -4.17423418e-02 -1.20761478e-01
5.46054633e-03 -4.19519394e-02 -1.19519781e-01
5.34982879e-03 -4.21553786e-02 -1.18286301e-01
5.23421559e-03 -4.23528285e-02 -1.17061330e-01
5.11390231e-03 -4.25444546e-02 -1.15845148e-01
4.98908021e-03 -4.27304186e-02 -1.14638019e-01
4.85993622e-03 -4.29108782e-02 -1.13440192e-01
4.72665296e-03 -4.30859875e-02 -1.12251902e-01
4.58940873e-03 -4.32558970e-02 -1.11073372e-01
4.44837749e-03 -4.34207534e-02 -1.09904808e-01
4.30372892e-03 -4.35807002e-02 -1.08746405e-01
4.15562833e-03 -4.37358769e-02 -1.07598342e-01
4.00423674e-03 -4.38864198e-02 -1.06460787e-01
3.84971081e-03 -4.40324619e-02 -1.05333893e-01
3.69220288e-03 -4.41741324e-02 -1.04217801e-01
3.53186092e-03 -4.43115575e-02 -1.03112640e-01
3.36882858e-03 -4.44448600e-02 -1.02018525e-01
3.20324516e-03 -4.45741591e-02 -1.00935559e-01
3.03524560e-03 -4.46995712e-02 -9.98638341e-02
2.86496054e-03 -4.48212091e-02 -9.88034304e-02
2.69251628e-03 -4.49391826e-02 -9.77544161e-02
2.51803486e-03 -4.50535980e-02 -9.67168488e-02
2.34163403e-03 -4.51645589e-02 -9.56907750e-02
2.16342731e-03 -4.52721654e-02 -9.46762310e-02
1.98352405e-03 -4.53765145e-02 -9.36732430e-02
1.80202944e-03 -4.54777004e-02 -9.26818275e-02
1.61904461e-03 -4.55758141e-02 -9.17019915e-02
1.43466668e-03 -4.56709435e-02 -9.07337333e-02
1.24898882e-03 -4.57631738e-02 -8.97770425e-02
1.06210035e-03 -4.58525871e-02 -8.88319005e-02
8.74086841e-04 -4.59392626e-02 -8.78982811e-02
6.85030183e-04 -4.60232769e-02 -8.69761506e-02
4.95008717e-04 -4.61047037e-02 -8.60654685e-02
3.04097335e-04 -4.61836141e-02 -8.51661877e-02
1.12367599e-04 -4.62600765e-02 -8.42782549e-02
-8.01121347e-05 -4.63341568e-02 -8.34016114e-02
-2.73276594e-04 -4.64059185e-02 -8.25361927e-02
-4.67063455e-04 -4.64754226e-02 -8.16819298e-02
-6.61413217e-04 -4.65427278e-02 -8.08387490e-02
-8.56269065e-04 -4.66078905e-02 -8.00065722e-02
-1.05157674e-03 -4.66709652e-02 -7.91853179e-02
-1.24728440e-03 -4.67320039e-02 -7.83749007e-02
-1.44334250e-03 -4.67910571e-02 -7.75752322e-02
-1.63970367e-03 -4.68481731e-02 -7.67862211e-02
-1.83632254e-03 -4.69033983e-02 -7.60077737e-02
-2.03315571e-03 -4.69567777e-02 -7.52397936e-02
-2.23016154e-03 -4.70083542e-02 -7.44821827e-02
-2.42730011e-03 -4.70581696e-02 -7.37348410e-02
-2.62453309e-03 -4.71062639e-02 -7.29976667e-02
-2.82182363e-03 -4.71526757e-02 -7.22705568e-02
-3.01913630e-03 -4.71974423e-02 -7.15534071e-02
-3.21643698e-03 -4.72405997e-02 -7.08461120e-02
-3.41369281e-03 -4.72821826e-02 -7.01485654e-02
-3.61087211e-03 -4.73222248e-02 -6.94606601e-02
-3.80794429e-03 -4.73607587e-02 -6.87822883e-02
-4.00487988e-03 -4.73978157e-02 -6.81133417e-02
-4.20165039e-03 -4.74334263e-02 -6.74537114e-02
-4.39822832e-03 -4.74676200e-02 -6.68032880e-02
-4.59458714e-03 -4.75004253e-02 -6.61619620e-02
-4.79070121e-03 -4.75318698e-02 -6.55296233e-02
-4.98654583e-03 -4.75619805e-02 -6.49061618e-02
-5.18209715e-03 -4.75907832e-02 -6.42914671e-02
-5.37733220e-03 -4.76183032e-02 -6.36854285e-02
-5.57222887e-03 -4.76445649e-02 -6.30879354e-02
-5.76676594e-03 -4.76695920e-02 -6.24988769e-02
-5.96092299e-03 -4.76934074e-02 -6.19181421e-02
-6.15468049e-03 -4.77160333e-02 -6.13456201e-02
-6.34801975e-03 -4.77374913e-02 -6.07811999e-02
-6.54092294e-03 -4.77578021e-02 -6.02247706e-02
-6.73337307e-03 -4.77769861e-02 -5.96762211e-02
-6.92535402e-03 -4.77950625e-02 -5.91354407e-02
-7.11685053e-03 -4.78120504e-02 -5.86023186e-02
-7.30784820e-03 -4.78279680e-02 -5.80767440e-02
-7.49833346e-03 -4.78428327e-02 -5.75586067e-02
-7.68829363e-03 -4.78566617e-02 -5.70477962e-02
-7.87771686e-03 -4.78694712e-02 -5.65442026e-02
-8.06659213e-03 -4.78812771e-02 -5.60477162e-02
-8.25490929e-03 -4.78920944e-02 -5.55582276e-02
-8.44265897e-03 -4.79019379e-02 -5.50756279e-02
-8.62983265e-03 -4.79108216e-02 -5.45998086e-02
-8.81642256e-03 -4.79187590e-02 -5.41306616e-02
-9.00242174e-03 -4.79257630e-02 -5.36680795e-02
-9.18782397e-03 -4.79318462e-02 -5.32119555e-02
-9.37262374e-03 -4.79370204e-02 -5.27621834e-02
-9.55681628e-03 -4.79412971e-02 -5.23186579e-02
-9.74039747e-03 -4.79446873e-02 -5.18812742e-02
-9.92336383e-03 -4.79472015e-02 -5.14499287e-02
-1.01057125e-02 -4.79488498e-02 -5.10245184e-02
-1.02874412e-02 -4.79496419e-02 -5.06049416e-02
-1.04685483e-02 -4.79495870e-02 -5.01910974e-02
-1.06490324e-02 -4.79486939e-02 -4.97828861e-02
-1.08288928e-02 -4.79469713e-02 -4.93802089e-02
-1.10081293e-02 -4.79444272e-02 -4.89829686e-02
-1.11867417e-02 -4.79410695e-02 -4.85910689e-02
-1.13647307e-02 -4.79369057e-02 -4.82044149e-02
-1.15420969e-02 -4.79319429e-02 -4.78229131e-02
-1.17188414e-02 -4.79261883e-02 -4.74464713e-02
-1.18949653e-02 -4.79196484e-02 -4.70749987e-02
-1.20704702e-02 -4.79123298e-02 -4.67084060e-02
-1.22453577e-02 -4.79042387e-02 -4.63466053e-02
-1.24196295e-02 -4.78953812e-02 -4.59895104e-02
-1.25932875e-02 -4.78857633e-02 -4.56370363e-02
-1.27663335e-02 -4.78753906e-02 -4.52890999e-02
-1.29387696e-02 -4.78642688e-02 -4.49456195e-02
-1.31105978e-02 -4.78524034e-02 -4.46065150e-02
-1.32818199e-02 -4.78397998e-02 -4.42717078e-02
-1.34524379e-02 -4.78264635e-02 -4.39411212e-02
-1.36224537e-02 -4.78123996e-02 -4.36146797e-02
-1.37918690e-02 -4.77976134e-02 -4.32923097e-02
-1.39606854e-02 -4.77821103e-02 -4.29739392e-02
-1.41289047e-02 -4.77658952e-02 -4.26594976e-02
-1.42965283e-02 -4.77489737e-02 -4.23489161e-02
-1.44635574e-02 -4.77313507e-02 -4.20421274e-02
-1.46299933e-02 -4.77130318e-02 -4.17390656e-02
-1.47958370e-02 -4.76940221e-02 -4.14396666e-02
-1.49610896e-02 -4.76743272e-02 -4.11438677e-02
-1.51257517e-02 -4.76539525e-02 -4.08516076e-02
-1.52898241e-02 -4.76329035e-02 -4.05628267e-02
-1.54533072e-02 -4.76111860e-02 -4.02774665e-02
-1.56162015e-02 -4.75888056e-02 -3.99954703e-02
-1.57785072e-02 -4.75657683e-02 -3.97167824e-02
-1.59402246e-02 -4.75420800e-02 -3.94413487e-02
-1.61013536e-02 -4.75177468e-02 -3.91691163e-02
-1.62618943e-02 -4.74927749e-02 -3.89000335e-02
-1.64218465e-02 -4.74671706e-02 -3.86340499e-02
-1.65812101e-02 -4.74409403e-02 -3.83711163e-02
-1.67399849e-02 -4.74140906e-02 -3.81111845e-02
-1.68981705e-02 -4.73866282e-02 -3.78542075e-02
-1.70557667e-02 -4.73585596e-02 -3.76001394e-02
-1.72127731e-02 -4.73298919e-02 -3.73489351e-02
-1.73691895e-02 -4.73006318e-02 -3.71005507e-02
-1.75250154e-02 -4.72707865e-02 -3.68549429e-02
-1.76802507e-02 -4.72403630e-02 -3.66120697e-02
-1.78348949e-02 -4.72093684e-02 -3.63718896e-02
-1.79889479e-02 -4.71778099e-02 -3.61343621e-02
-1.81424095e-02 -4.71456946e-02 -3.58994471e-02
-1.82952795e-02 -4.71130298e-02 -3.56671057e-02
-1.84475580e-02 -4.70798226e-02 -3.54372992e-02
-1.85992448e-02 -4.70460804e-02 -3.52099900e-02
-1.87503401e-02 -4.70118102e-02 -3.49851408e-02
-1.89008440e-02 -4.69770193e-02 -3.47627149e-02
-1.90507569e-02 -4.69417146e-02 -3.45426762e-02
-1.92000790e-02 -4.69059032e-02 -3.43249892e-02
-1.93488108e-02 -4.68695921e-02 -3.41096188e-02
-1.94969528e-02 -4.68327880e-02 -3.38965304e-02
-1.96445058e-02 -4.67954977e-02 -3.36856898e-02
-1.97914702e-02 -4.67577278e-02 -3.34770633e-02
-1.99378471e-02 -4.67194849e-02 -3.32706178e-02
-2.00836373e-02 -4.66807752e-02 -3.30663203e-02
-2.02288417e-02 -4.66416050e-02 -3.28641384e-02
-2.03734614e-02 -4.66019803e-02 -3.26640401e-02
-2.05174975e-02 -4.65619072e-02 -3.24659937e-02
-2.06609511e-02 -4.65213912e-02 -3.22699681e-02
-2.08038236e-02 -4.64804381e-02 -3.20759325e-02
-2.09461161e-02 -4.64390533e-02 -3.18838564e-02
-2.10878300e-02 -4.63972421e-02 -3.16937098e-02
-2.12289666e-02 -4.63550095e-02 -3.15054631e-02
-2.13695272e-02 -4.63123607e-02 -3.13190872e-02
-2.15095133e-02 -4.62693004e-02 -3.11345534e-02
-2.16489262e-02 -4.62258332e-02 -3.09518333e-02
-2.17877672e-02 -4.61819639e-02 -3.07708990e-02
-2.19260378e-02 -4.61376968e-02 -3.05917233e-02
-2.20637392e-02 -4.60930362e-02 -3.04142790e-02
-2.22008728e-02 -4.60479864e-02 -3.02385399e-02
-2.23374398e-02 -4.60025513e-02 -3.00644798e-02
-2.24734414e-02 -4.59567351e-02 -2.98920733e-02
-2.26088788e-02 -4.59105417e-02 -2.97212953e-02
-2.27437532e-02 -4.58639749e-02 -2.95521214e-02
-2.28780656e-02 -4.58170386e-02 -2.93845275e-02
-2.30118170e-02 -4.57697365e-02 -2.92184902e-02
-2.31450085e-02 -4.57220722e-02 -2.90539863e-02
-2.32776409e-02 -4.56740496e-02 -2.88909935e-02
-2.34097151e-02 -4.56256722e-02 -2.87294897e-02
-2.35412318e-02 -4.55769437e-02 -2.85694534e-02
-2.36721919e-02 -4.55278677e-02 -2.84108636e-02
-2.38025960e-02 -4.54784479e-02 -2.82536999e-02
-2.39324448e-02 -4.54286879e-02 -2.80979421e-02
-2.40617388e-02 -4.53785915e-02 -2.79435707e-02
-2.41904787e-02 -4.53281622e-02 -2.77905666e-02
-2.43186651e-02 -4.52774038e-02 -2.76389112e-02
-2.44462984e-02 -4.52263200e-02 -2.74885861e-02
-2.45733791e-02 -4.51749145e-02 -2.73395737e-02
-2.46999078e-02 -4.51231913e-02 -2.71918565e-02
-2.48258849e-02 -4.50711539e-02 -2.70454175e-02
-2.49513111e-02 -4.50188063e-02 -2.69002401e-02
-2.50761867e-02 -4.49661524e-02 -2.67563079e-02
-2.52005123e-02 -4.49131960e-02 -2.66136051e-02
-2.53242886e-02 -4.48599410e-02 -2.64721159e-02
-2.54475161e-02 -4.48063913e-02 -2.63318251e-02
-2.55701955e-02 -4.47525510e-02 -2.61927176e-02
-2.56923274e-02 -4.46984238e-02 -2.60547787e-02
-2.58139127e-02 -4.46440138e-02 -2.59179938e-02
-2.59349521e-02 -4.45893250e-02 -2.57823487e-02
-2.60554465e-02 -4.45343612e-02 -2.56478293e-02
-2.61753968e-02 -4.44791264e-02 -2.55144219e-02
-2.62948040e-02 -4.44236246e-02 -2.53821127e-02
-2.64136692e-02 -4.43678596e-02 -2.52508884e-02
-2.65319935e-02 -4.43118353e-02 -2.51207358e-02
-2.66497781e-02 -4.42555557e-02 -2.49916417e-02
-2.67670243e-02 -4.41990245e-02 -2.48635933e-02
-2.68837334e-02 -4.41422456e-02 -2.47365779e-02
-2.69999068e-02 -4.40852226e-02 -2.46105829e-02
-2.71155459e-02 -4.40279594e-02 -2.44855959e-02
-2.72306523e-02 -4.39704596e-02 -2.43616047e-02
-2.73452275e-02 -4.39127269e-02 -2.42385973e-02
-2.74592731e-02 -4.38547648e-02 -2.41165617e-02
-2.75727907e-02 -4.37965770e-02 -2.39954863e-02
-2.76857821e-02 -4.37381668e-02 -2.38753594e-02
-2.77982490e-02 -4.36795378e-02 -2.37561697e-02
-2.79101931e-02 -4.36206934e-02 -2.36379060e-02
-2.80216161e-02 -4.35616370e-02 -2.35205572e-02
-2.81325198e-02 -4.35023717e-02 -2.34041125e-02
-2.82429061e-02 -4.34429010e-02 -2.32885614e-02
-2.83527766e-02 -4.33832281e-02 -2.31738933e-02
-2.84621331e-02 -4.33233561e-02 -2.30600981e-02
-2.85709774e-02 -4.32632883e-02 -2.29471657e-02
-2.86793112e-02 -4.32030276e-02 -2.28350863e-02
-2.87871363e-02 -4.31425773e-02 -2.27238504e-02
-2.88944542e-02 -4.30819403e-02 -2.26134487e-02
-2.90012667e-02 -4.30211197e-02 -2.25038720e-02
-2.91075754e-02 -4.29601185e-02 -2.23951114e-02
-2.92133818e-02 -4.28989397e-02 -2.22871584e-02
-2.93186875e-02 -4.28375862e-02 -2.21800044e-02
-2.94234939e-02 -4.27760609e-02 -2.20736414e-02
-2.95278026e-02 -4.27143668e-02 -2.19680614e-02
-2.96316149e-02 -4.26525067e-02 -2.18632566e-02
-2.97349322e-02 -4.25904837e-02 -2.17592197e-02
-2.98377558e-02 -4.25283004e-02 -2.16559433e-02
-2.99400870e-02 -4.24659598e-02 -2.15534203e-02
-3.00419269e-02 -4.24034648e-02 -2.14516440e-02
-3.01432769e-02 -4.23408181e-02 -2.13506077e-02
-3.02441380e-02 -4.22780226e-02 -2.12503050e-02
-3.03445114e-02 -4.22150811e-02 -2.11507295e-02
-3.04443982e-02 -4.21519964e-02 -2.10518752e-02
-3.05437995e-02 -4.20887712e-02 -2.09537361e-02
-3.06427163e-02 -4.20254084e-02 -2.08563064e-02
-3.07411496e-02 -4.19619107e-02 -2.07595804e-02
-3.08391006e-02 -4.18982808e-02 -2.06635526e-02
-3.09365702e-02 -4.18345214e-02 -2.05682175e-02
-3.10335594e-02 -4.17706351e-02 -2.04735697e-02
-3.11300693e-02 -4.17066247e-02 -2.03796040e-02
-3.12261010e-02 -4.16424926e-02 -2.02863150e-02
-3.13216554e-02 -4.15782416e-02 -2.01936977e-02
-3.14167338e-02 -4.15138740e-02 -2.01017468e-02
-3.15113372e-02 -4.14493926e-02 -2.00104572e-02
-3.16054667e-02 -4.13847995e-02 -1.99198238e-02
-3.16991236e-02 -4.13200974e-02 -1.98298415e-02
-3.17923091e-02 -4.12552885e-02 -1.97405050e-02
-3.18850244e-02 -4.11903752e-02 -1.96518092e-02
-3.19772709e-02 -4.11253597e-02 -1.95637488e-02
-3.20690498e-02 -4.10602442e-02 -1.94763187e-02
-3.21603627e-02 -4.09950308e-02 -1.93895136e-02
-3.22512110e-02 -4.09297217e-02 -1.93033279e-02
-3.23415962e-02 -4.08643188e-02 -1.92177564e-02
-3.24315199e-02 -4.07988241e-02 -1.91327936e-02
-3.25209837e-02 -4.07332396e-02 -1.90484339e-02
-3.26099893e-02 -4.06675670e-02 -1.89646716e-02
-3.26985384e-02 -4.06018083e-02 -1.88815012e-02
-3.27866328e-02 -4.05359650e-02 -1.87989168e-02
-3.28742743e-02 -4.04700389e-02 -1.87169128e-02
-3.29614648e-02 -4.04040316e-02 -1.86354832e-02
-3.30482061e-02 -4.03379448e-02 -1.85546221e-02
-3.31345004e-02 -4.02717798e-02 -1.84743237e-02
-3.32203494e-02 -4.02055382e-02 -1.83945820e-02
-3.33057552e-02 -4.01392215e-02 -1.83153909e-02
-3.33907199e-02 -4.00728310e-02 -1.82367446e-02
-3.34752455e-02 -4.00063681e-02 -1.81586369e-02
-3.35593340e-02 -3.99398342e-02 -1.80810619e-02
-3.36429876e-02 -3.98732306e-02 -1.80040137e-02
-3.37262082e-02 -3.98065586e-02 -1.79274862e-02
-3.38089979e-02 -3.97398194e-02 -1.78514736e-02
-3.38913589e-02 -3.96730143e-02 -1.77759700e-02
-3.39732930e-02 -3.96061446e-02 -1.77009696e-02
-3.40548024e-02 -3.95392115e-02 -1.76264666e-02
-3.41358890e-02 -3.94722164e-02 -1.75524555e-02
-3.42165548e-02 -3.94051603e-02 -1.74789306e-02
-3.42968017e-02 -3.93380448e-02 -1.74058865e-02
-3.43766316e-02 -3.92708709e-02 -1.73333179e-02
-3.44560463e-02 -3.92036401e-02 -1.72612195e-02
-3.45350476e-02 -3.91363536e-02 -1.71895862e-02
-3.46136373e-02 -3.90690128e-02 -1.71184130e-02
-3.46918171e-02 -3.90016190e-02 -1.70476950e-02
-3.47695886e-02 -3.89341737e-02 -1.69774275e-02
-3.48469534e-02 -3.88666783e-02 -1.69076060e-02
-3.49239129e-02 -3.87991342e-02 -1.68382260e-02
-3.50004688e-02 -3.87315428e-02 -1.67692831e-02
-3.50766223e-02 -3.86639058e-02 -1.67007731e-02
-3.51523748e-02 -3.85962246e-02 -1.66326921e-02
-3.52277277e-02 -3.85285009e-02 -1.65650361e-02
-3.53026822e-02 -3.84607361e-02 -1.64978014e-02
-3.53772394e-02 -3.83929320e-02 -1.64309841e-02
-3.54514005e-02 -3.83250902e-02 -1.63645809e-02
-3.55251666e-02 -3.82572123e-02 -1.62985882e-02
-3.55985387e-02 -3.81893000e-02 -1.62330026e-02
-3.56715178e-02 -3.81213550e-02 -1.61678210e-02
-3.57441049e-02 -3.80533791e-02 -1.61030402e-02
-3.58163009e-02 -3.79853740e-02 -1.60386570e-02
-3.58881067e-02 -3.79173414e-02 -1.59746685e-02
-3.59595232e-02 -3.78492831e-02 -1.59110716e-02
-3.60305512e-02 -3.77812007e-02 -1.58478634e-02
-3.61011916e-02 -3.77130960e-02 -1.57850410e-02
-3.61714451e-02 -3.76449708e-02 -1.57226016e-02
-3.62413126e-02 -3.75768268e-02 -1.56605423e-02
-3.63107948e-02 -3.75086656e-02 -1.55988602e-02
-3.63798927e-02 -3.74404889e-02 -1.55375526e-02
-3.64486070e-02 -3.73722984e-02 -1.54766165e-02
-3.65169385e-02 -3.73040957e-02 -1.54160492e-02
-3.65848882e-02 -3.72358824e-02 -1.53558477e-02
-3.66524568e-02 -3.71676600e-02 -1.52960092e-02
-3.67196452e-02 -3.70994301e-02 -1.52365306e-02
-3.67864544e-02 -3.70311941e-02 -1.51774091e-02
-3.68528853e-02 -3.69629535e-02 -1.51186416e-02
-3.69189389e-02 -3.68947096e-02 -1.50602251e-02
-3.69846163e-02 -3.68264639e-02 -1.50021565e-02
-3.70499184e-02 -3.67582176e-02 -1.49444326e-02
-3.71148464e-02 -3.66899720e-02 -1.48870503e-02
-3.71794014e-02 -3.66217282e-02 -1.48300063e-02
-3.72435847e-02 -3.65534875e-02 -1.47732975e-02
-3.73073975e-02 -3.64852509e-02 -1.47169204e-02
-3.73708410e-02 -3.64170195e-02 -1.46608719e-02
-3.74339166e-02 -3.63487943e-02 -1.46051485e-02
-3.74966257e-02 -3.62805763e-02 -1.45497470e-02
-3.75589697e-02 -3.62123663e-02 -1.44946638e-02
-3.76209501e-02 -3.61441652e-02 -1.44398957e-02
-3.76825685e-02 -3.60759739e-02 -1.43854393e-02
-3.77438264e-02 -3.60077932e-02 -1.43312911e-02
-3.78047255e-02 -3.59396237e-02 -1.42774478e-02
-3.78652673e-02 -3.58714663e-02 -1.42239061e-02
-3.79254537e-02 -3.58033215e-02 -1.41706626e-02
-3.79852863e-02 -3.57351901e-02 -1.41177141e-02
-3.80447669e-02 -3.56670726e-02 -1.40650574e-02
-3.81038974e-02 -3.55989696e-02 -1.40126893e-02
-3.81626795e-02 -3.55308818e-02 -1.39606067e-02
-3.82211152e-02 -3.54628096e-02 -1.39088065e-02
-3.82792063e-02 -3.53947536e-02 -1.38572859e-02
-3.83369547e-02 -3.53267143e-02 -1.38060420e-02
-3.83943623e-02 -3.52586921e-02 -1.37550719e-02
-3.84514311e-02 -3.51906877e-02 -1.37043731e-02
-3.85081630e-02 -3.51227015e-02 -1.36539430e-02
-3.85645599e-02 -3.50547339e-02 -1.36037791e-02
-3.86206237e-02 -3.49867855e-02 -1.35538790e-02
-3.86763565e-02 -3.49188567e-02 -1.35042407e-02
-3.87317601e-02 -3.48509481e-02 -1.34548618e-02
-3.87868364e-02 -3.47830600e-02 -1.34057406e-02
-3.88415873e-02 -3.47151929e-02 -1.33568751e-02
-3.88960148e-02 -3.46473474e-02 -1.33082636e-02
-3.89501205e-02 -3.45795240e-02 -1.32599044e-02
-3.90039065e-02 -3.45117231e-02 -1.32117961e-02
-3.90573744e-02 -3.44439452e-02 -1.31639373e-02
-3.91105261e-02 -3.43761909e-02 -1.31163268e-02
-3.91633632e-02 -3.43084606e-02 -1.30689633e-02
-3.92158875e-02 -3.42407549e-02 -1.30218458e-02
-3.92681006e-02 -3.41730743e-02 -1.29749735e-02
-3.93200042e-02 -3.41054193e-02 -1.29283453e-02
-3.93715998e-02 -3.40377905e-02 -1.28819607e-02
-3.94228890e-02 -3.39701883e-02 -1.28358188e-02
-3.94738732e-02 -3.39026133e-02 -1.27899190e-02
-3.95245539e-02 -3.38350661e-02 -1.27442609e-02
-3.95749325e-02 -3.37675471e-02 -1.26988439e-02
-3.96250104e-02 -3.37000568e-02 -1.26536676e-02
-3.96747888e-02 -3.36325959e-02 -1.26087316e-02
-3.97242691e-02 -3.35651648e-02 -1.25640355e-02
-3.97734525e-02 -3.34977640e-02 -1.25195789e-02
-3.98223402e-02 -3.34303940e-02 -1.24753615e-02
-3.98709333e-02 -3.33630554e-02 -1.24313829e-02
-3.99192329e-02 -3.32957485e-02 -1.23876428e-02
-3.99672401e-02 -3.32284738e-02 -1.23441409e-02
-4.00149559e-02 -3.31612319e-02 -1.23008767e-02
-4.00623813e-02 -3.30940231e-02 -1.22578499e-02
-4.01095174e-02 -3.30268478e-02 -1.22150599e-02
-4.01563649e-02 -3.29597065e-02 -1.21725062e-02
-4.02029249e-02 -3.28925996e-02 -1.21301883e-02
-4.02491983e-02 -3.28255274e-02 -1.20881056e-02
-4.02951858e-02 -3.27584903e-02 -1.20462573e-02
-4.03408884e-02 -3.26914886e-02 -1.20046426e-02
-4.03863068e-02 -3.26245227e-02 -1.19632608e-02
-4.04314420e-02 -3.25575929e-02 -1.19221108e-02
-4.04762946e-02 -3.24906994e-02 -1.18811917e-02
-4.05208655e-02 -3.24238426e-02 -1.18405023e-02
-4.05651554e-02 -3.23570227e-02 -1.18000415e-02
-4.06091652e-02 -3.22902400e-02 -1.17598078e-02
-4.06528957e-02 -3.22234947e-02 -1.17198000e-02
-4.06963476e-02 -3.21567871e-02 -1.16800166e-02
-4.07395216e-02 -3.20901173e-02 -1.16404558e-02
-4.07824187e-02 -3.20234857e-02 -1.16011162e-02
-4.08250396e-02 -3.19568923e-02 -1.15619958e-02
-4.08673850e-02 -3.18903375e-02 -1.15230928e-02
-4.09094559e-02 -3.18238215e-02 -1.14844053e-02
-4.09512531e-02 -3.17573443e-02 -1.14459312e-02
-4.09927773e-02 -3.16909064e-02 -1.14076684e-02
-4.10340295e-02 -3.16245078e-02 -1.13696147e-02
-4.10750105e-02 -3.15581488e-02 -1.13317678e-02
-4.11157213e-02 -3.14918296e-02 -1.12941254e-02
-4.11561627e-02 -3.14255505e-02 -1.12566851e-02
-4.11963356e-02 -3.13593117e-02 -1.12194444e-02
-4.12362410e-02 -3.12931135e-02 -1.11824008e-02
-4.12758799e-02 -3.12269562e-02 -1.11455518e-02
-4.13152533e-02 -3.11608401e-02 -1.11088948e-02
-4.13543620e-02 -3.10947655e-02 -1.10724271e-02
-4.13932072e-02 -3.10287327e-02 -1.10361462e-02
-4.14317899e-02 -3.09627421e-02 -1.10000494e-02
-4.14701110e-02 -3.08967941e-02 -1.09641340e-02
-4.15081718e-02 -3.08308890e-02 -1.09283974e-02
-4.15459731e-02 -3.07650274e-02 -1.08928369e-02
-4.15835162e-02 -3.06992097e-02 -1.08574498e-02
-4.16208021e-02 -3.06334364e-02 -1.08222336e-02
-4.16578319e-02 -3.05677079e-02 -1.07871857e-02
-4.16946068e-02 -3.05020248e-02 -1.07523034e-02
-4.17311278e-02 -3.04363877e-02 -1.07175843e-02
-4.17673960e-02 -3.03707971e-02 -1.06830258e-02
-4.18034127e-02 -3.03052537e-02 -1.06486256e-02
-4.18391789e-02 -3.02397580e-02 -1.06143812e-02
-4.18746957e-02 -3.01743108e-02 -1.05802903e-02
-4.19099644e-02 -3.01089126e-02 -1.05463508e-02
-4.19449859e-02 -3.00435643e-02 -1.05125603e-02
-4.19797616e-02 -2.99782664e-02 -1.04789168e-02
-4.20142924e-02 -2.99130198e-02 -1.04454183e-02
-4.20485795e-02 -2.98478252e-02 -1.04120628e-02
-4.20826240e-02 -2.97826832e-02 -1.03788484e-02
-4.21164270e-02 -2.97175947e-02 -1.03457734e-02
-4.21499896e-02 -2.96525605e-02 -1.03128361e-02
-4.21833129e-02 -2.95875812e-02 -1.02800347e-02
-4.22163979e-02 -2.95226577e-02 -1.02473680e-02
-4.22492458e-02 -2.94577908e-02 -1.02148343e-02
-4.22818576e-02 -2.93929811e-02 -1.01824323e-02
-4.23142342e-02 -2.93282296e-02 -1.01501610e-02
-4.23463768e-02 -2.92635368e-02 -1.01180189e-02
-4.23782863e-02 -2.91989036e-02 -1.00860053e-02
-4.24099638e-02 -2.91343307e-02 -1.00541189e-02
-4.24414102e-02 -2.90698187e-02 -1.00223590e-02
-4.24726265e-02 -2.90053684e-02 -9.99072485e-03
-4.25036137e-02 -2.89409804e-02 -9.95921564e-03
-4.25343727e-02 -2.88766554e-02 -9.92783078e-03
-4.25649044e-02 -2.88123939e-02 -9.89656974e-03
-4.25952099e-02 -2.87481966e-02 -9.86543207e-03
-4.26252899e-02 -2.86840639e-02 -9.83441739e-03
-4.26551454e-02 -2.86199963e-02 -9.80352539e-03
-4.26847773e-02 -2.85559944e-02 -9.77275584e-03
-4.27141866e-02 -2.84920585e-02 -9.74210859e-03
-4.27433740e-02 -2.84281890e-02 -9.71158354e-03
-4.27723405e-02 -2.83643863e-02 -9.68118066e-03
-4.28010869e-02 -2.83006505e-02 -9.65089999e-03
-4.28296142e-02 -2.82369821e-02 -9.62074163e-03
-4.28579232e-02 -2.81733811e-02 -9.59070571e-03
-4.28860148e-02 -2.81098477e-02 -9.56079244e-03
-4.29138898e-02 -2.80463821e-02 -9.53100208e-03
-4.29415492e-02 -2.79829841e-02 -9.50133490e-03
-4.29689939e-02 -2.79196539e-02 -9.47179127e-03
-4.29962247e-02 -2.78563913e-02 -9.44237156e-03
-4.30232426e-02 -2.77931962e-02 -9.41307618e-03
-4.30500485e-02 -2.77300685e-02 -9.38390561e-03
-4.30766432e-02 -2.76670080e-02 -9.35486033e-03
-4.31030278e-02 -2.76040144e-02 -9.32594087e-03
-4.31292032e-02 -2.75410874e-02 -9.29714777e-03
-4.31551703e-02 -2.74782265e-02 -9.26848162e-03
-4.31809302e-02 -2.74154315e-02 -9.23994303e-03
-4.32064838e-02 -2.73527019e-02 -9.21153262e-03
-4.32318322e-02 -2.72900370e-02 -9.18325105e-03
-4.32569764e-02 -2.72274365e-02 -9.15509899e-03
-4.32819174e-02 -2.71648998e-02 -9.12707713e-03
-4.33066563e-02 -2.71024261e-02 -9.09918620e-03
-4.33311943e-02 -2.70400149e-02 -9.07142691e-03
-4.33555324e-02 -2.69776654e-02 -9.04380003e-03
-4.33796717e-02 -2.69153770e-02 -9.01630630e-03
-4.34036135e-02 -2.68531490e-02 -8.98894652e-03
-4.34273588e-02 -2.67909804e-02 -8.96172148e-03
-4.34509089e-02 -2.67288706e-02 -8.93463200e-03
-4.34742651e-02 -2.66668186e-02 -8.90767890e-03
-4.34974284e-02 -2.66048238e-02 -8.88086303e-03
-4.35204003e-02 -2.65428851e-02 -8.85418526e-03
-4.35431819e-02 -2.64810018e-02 -8.82764647e-03
-4.35657746e-02 -2.64191730e-02 -8.80124755e-03
-4.35881797e-02 -2.63573978e-02 -8.77498942e-03
-4.36103985e-02 -2.62956753e-02 -8.74887302e-03
-4.36324323e-02 -2.62340046e-02 -8.72289931e-03
-4.36542825e-02 -2.61723849e-02 -8.69706926e-03
-4.36759505e-02 -2.61108152e-02 -8.67138389e-03
-4.36974376e-02 -2.60492947e-02 -8.64584420e-03
-4.37187452e-02 -2.59878224e-02 -8.62045127e-03
-4.37398748e-02 -2.59263977e-02 -8.59520616e-03
-4.37608277e-02 -2.58650195e-02 -8.57010998e-03
-4.37816053e-02 -2.58036871e-02 -8.54516387e-03
-4.38022091e-02 -2.57423996e-02 -8.52036901e-03
-4.38226405e-02 -2.56811563e-02 -8.49572658e-03
-4.38429008e-02 -2.56199564e-02 -8.47123784e-03
-4.38629915e-02 -2.55587992e-02 -8.44690405e-03
-4.38829140e-02 -2.54976839e-02 -8.42272654e-03
-4.39026697e-02 -2.54366098e-02 -8.39870664e-03
-4.39222600e-02 -2.53755762e-02 -8.37484576e-03
-4.39416863e-02 -2.53145826e-02 -8.35114533e-03
-4.39609499e-02 -2.52536282e-02 -8.32760685e-03
-4.39800522e-02 -2.51927126e-02 -8.30423184e-03
-4.39989946e-02 -2.51318351e-02 -8.28102187e-03
-4.40177783e-02 -2.50709953e-02 -8.25797860e-03
-4.40364047e-02 -2.50101926e-02 -8.23510369e-03
-4.40548751e-02 -2.49494266e-02 -8.21239888e-03
-4.40731907e-02 -2.48886968e-02 -8.18986596e-03
-4.40913528e-02 -2.48280029e-02 -8.16750680e-03
-4.41093626e-02 -2.47673445e-02 -8.14532328e-03
-4.41272213e-02 -2.47067212e-02 -8.12331739e-03
-4.41449301e-02 -2.46461328e-02 -8.10149114e-03
-4.41624900e-02 -2.45855789e-02 -8.07984663e-03
-4.41799023e-02 -2.45250594e-02 -8.05838601e-03
-4.41971679e-02 -2.44645740e-02 -8.03711150e-03
-4.42142879e-02 -2.44041225e-02 -8.01602539e-03
-4.42312634e-02 -2.43437047e-02 -7.99513001e-03
-4.42480953e-02 -2.42833206e-02 -7.97442780e-03
-4.42647846e-02 -2.42229700e-02 -7.95392124e-03
-4.42813322e-02 -2.41626527e-02 -7.93361287e-03
-4.42977390e-02 -2.41023687e-02 -7.91350532e-03
-4.43140058e-02 -2.40421181e-02 -7.89360129e-03
-4.43301334e-02 -2.39819006e-02 -7.87390353e-03
-4.43461227e-02 -2.39217163e-02 -7.85441488e-03
-4.43619743e-02 -2.38615652e-02 -7.83513823e-03
-4.43776891e-02 -2.38014473e-02 -7.81607657e-03
-4.43932676e-02 -2.37413626e-02 -7.79723292e-03
-4.44087105e-02 -2.36813112e-02 -7.77861042e-03
-4.44240186e-02 -2.36212930e-02 -7.76021222e-03
-4.44391922e-02 -2.35613081e-02 -7.74204159e-03
-4.44542321e-02 -2.35013565e-02 -7.72410184e-03
-4.44691388e-02 -2.34414383e-02 -7.70639636e-03
-4.44839127e-02 -2.33815536e-02 -7.68892860e-03
-4.44985544e-02 -2.33217023e-02 -7.67170208e-03
-4.45130642e-02 -2.32618846e-02 -7.65472038e-03
-4.45274427e-02 -2.32021005e-02 -7.63798714e-03
-4.45416903e-02 -2.31423500e-02 -7.62150608e-03
-4.45558073e-02 -2.30826331e-02 -7.60528097e-03
-4.45697942e-02 -2.30229500e-02 -7.58931563e-03
-4.45836512e-02 -2.29633006e-02 -7.57361394e-03
-4.45973787e-02 -2.29036849e-02 -7.55817985e-03
-4.46109771e-02 -2.28441030e-02 -7.54301735e-03
-4.46244466e-02 -2.27845548e-02 -7.52813049e-03
-4.46377875e-02 -2.27250404e-02 -7.51352336e-03
-4.46510002e-02 -2.26655598e-02 -7.49920010e-03
-4.46640849e-02 -2.26061128e-02 -7.48516489e-03
-4.46770419e-02 -2.25466996e-02 -7.47142196e-03
-4.46898714e-02 -2.24873200e-02 -7.45797557e-03
-4.47025737e-02 -2.24279741e-02 -7.44483002e-03
-4.47151490e-02 -2.23686616e-02 -7.43198965e-03
-4.47275977e-02 -2.23093827e-02 -7.41945882e-03
-4.47399199e-02 -2.22501372e-02 -7.40724190e-03
-4.47521159e-02 -2.21909250e-02 -7.39534332e-03
-4.47641860e-02 -2.21317461e-02 -7.38376750e-03
-4.47761304e-02 -2.20726003e-02 -7.37251888e-03
-4.47879493e-02 -2.20134877e-02 -7.36160191e-03
-4.47996431e-02 -2.19544080e-02 -7.35102107e-03
-4.48112120e-02 -2.18953612e-02 -7.34078082e-03
-4.48226562e-02 -2.18363473e-02 -7.33088561e-03
-4.48339761e-02 -2.17773661e-02 -7.32133991e-03
-4.48451719e-02 -2.17184175e-02 -7.31214817e-03
-4.48562439e-02 -2.16595016e-02 -7.30331483e-03
-4.48671925e-02 -2.16006182e-02 -7.29484430e-03
-4.48780178e-02 -2.15417673e-02 -7.28674098e-03
-4.48887203e-02 -2.14829488e-02 -7.27900922e-03
-4.48993003e-02 -2.14241627e-02 -7.27165337e-03
-4.49097580e-02 -2.13654092e-02 -7.26467772e-03
-4.49200939e-02 -2.13066881e-02 -7.25808651e-03
-4.49303083e-02 -2.12479995e-02 -7.25188395e-03
-4.49404015e-02 -2.11893435e-02 -7.24607418e-03
-4.49503739e-02 -2.11307203e-02 -7.24066130e-03
-4.49602259e-02 -2.10721299e-02 -7.23564932e-03
-4.49699579e-02 -2.10135726e-02 -7.23104221e-03
-4.49795702e-02 -2.09550486e-02 -7.22684383e-03
-4.49890632e-02 -2.08965581e-02 -7.22305798e-03
-4.49984373e-02 -2.08381014e-02 -7.21968836e-03
-4.50076930e-02 -2.07796790e-02 -7.21673860e-03
-4.50168306e-02 -2.07212912e-02 -7.21421220e-03
-4.50258506e-02 -2.06629385e-02 -7.21211258e-03
-4.50347534e-02 -2.06046215e-02 -7.21044302e-03
-4.50435393e-02 -2.05463407e-02 -7.20920671e-03
-4.50522088e-02 -2.04880967e-02 -7.20840671e-03
-4.50607624e-02 -2.04298903e-02 -7.20804593e-03
-4.50692004e-02 -2.03717223e-02 -7.20812716e-03
-4.50775232e-02 -2.03135936e-02 -7.20865305e-03
-4.50857314e-02 -2.02555051e-02 -7.20962608e-03
-4.50938252e-02 -2.01974577e-02 -7.21104860e-03
-4.51018052e-02 -2.01394527e-02 -7.21292279e-03
-4.51096716e-02 -2.00814911e-02 -7.21525063e-03
-4.51174250e-02 -2.00235744e-02 -7.21803396e-03
-4.51250657e-02 -1.99657037e-02 -7.22127443e-03
-4.51325941e-02 -1.99078807e-02 -7.22497348e-03
-4.51400106e-02 -1.98501068e-02 -7.22913238e-03
-4.51473155e-02 -1.97923836e-02 -7.23375216e-03
-4.51545093e-02 -1.97347130e-02 -7.23883368e-03
-4.51615923e-02 -1.96770967e-02 -7.24437755e-03
-4.51685649e-02 -1.96195367e-02 -7.25038417e-03
-4.51754273e-02 -1.95620351e-02 -7.25685370e-03
-4.51821800e-02 -1.95045939e-02 -7.26378606e-03
-4.51888233e-02 -1.94472155e-02 -7.27118093e-03
