0.00000000e+00 0.00000000e+00 0.00000000e+00
0.00000000e+00 0.00000000e+00 0.00000000e+00
-3.32391272e-09 -3.59554724e-11 3.25763943e-09
-4.44048507e-08 -3.04008000e-08 9.78097874e-08
-1.69768608e-07 -1.47626501e-07 4.35522747e-07
-1.95608713e-07 -1.80737528e-07 5.49850649e-07
5.47186039e-07 5.62464332e-07 -1.43624793e-06
2.76788049e-06 2.81137432e-06 -7.57382427e-06
5.74648261e-06 5.78883173e-06 -1.59433669e-05
5.91784152e-06 5.92128127e-06 -1.68894317e-05
-2.44122293e-06 -2.10224699e-06 4.63715887e-06
-2.33015213e-05 -2.12342249e-05 5.81329100e-05
-5.31869987e-05 -4.69338192e-05 1.32729837e-04
-7.73737218e-05 -6.46758341e-05 1.88640573e-04
-7.16558555e-05 -5.29840602e-05 1.63848622e-04
-1.08111597e-05 7.97798850e-06 -2.39263181e-06
1.18699995e-04 1.25320424e-04 -3.36894780e-04
3.06829688e-04 2.84475447e-04 -8.04024878e-04
5.14038393e-04 4.46352994e-04 -1.29400403e-03
6.74436282e-04 5.52214807e-04 -1.63441993e-03
7.07666482e-04 5.35039270e-04 -1.62280622e-03
5.36193135e-04 3.34027224e-04 -1.07100001e-03
1.03047313e-04 -9.18428854e-05 1.51286313e-04
-6.14746587e-04 -7.54657885e-04 2.08513976e-03
-1.60024409e-03 -1.63470353e-03 4.67047930e-03
-2.79905976e-03 -2.68397145e-03 7.75489262e-03
-4.12899813e-03 -3.83462063e-03 1.11196092e-02
-5.49410123e-03 -5.01010777e-03 1.45156115e-02
-6.79981211e-03 -6.13653203e-03 1.77017704e-02
-7.96624121e-03 -7.15213810e-03 2.04777509e-02
-8.93740471e-03 -8.01365613e-03 2.27066226e-02
-9.68545483e-03 -8.69898935e-03 2.43248764e-02
-1.02100362e-02 -9.20649754e-03 2.53402069e-02
-1.05337611e-02 -9.55164908e-03 2.58194898e-02
-1.06952871e-02 -9.76208124e-03 2.58706036e-02
-1.07415846e-02 -9.87213295e-03 2.56220731e-02
-1.07207729e-02 -9.91775246e-03 2.52040686e-02
-1.06764818e-02 -9.93240771e-03 2.47333264e-02
-1.06442073e-02 -9.94431692e-03 2.43033433e-02
-1.06496692e-02 -9.97503372e-03 2.39800244e-02
-1.07088469e-02 -1.00392073e-02 2.38020335e-02
-1.08291861e-02 -1.01452133e-02 2.37845264e-02
-1.10114377e-02 -1.02963114e-02 2.39247685e-02
-1.12516680e-02 -1.04920132e-02 2.42082613e-02
-1.15431180e-02 -1.07294158e-02 2.46143477e-02
-1.18777378e-02 -1.10043413e-02 2.51206735e-02
-1.22473421e-02 -1.13122071e-02 2.57062793e-02
-1.26444126e-02 -1.16486154e-02 2.63533893e-02
-1.30626064e-02 -1.20096953e-02 2.70481447e-02
-1.34970317e-02 -1.23922506e-02 2.77805915e-02
-1.39443416e-02 -1.27937742e-02 2.85442211e-02
-1.44026773e-02 -1.32123816e-02 2.93353010e-02
-1.48714914e-02 -1.36467081e-02 3.01521576e-02
-1.53512751e-02 -1.40957984e-02 3.09945118e-02
-1.58432274e-02 -1.45590094e-02 3.18629154e-02
-1.63489056e-02 -1.50359345e-02 3.27583102e-02
-1.68699016e-02 -1.55263500e-02 3.36817096e-02
-1.74075826e-02 -1.60301828e-02 3.46339960e-02
-1.79629221e-02 -1.65474894e-02 3.56158181e-02
-1.85364315e-02 -1.70784413e-02 3.66275687e-02
-1.91281861e-02 -1.76233088e-02 3.76694183e-02
-1.97379219e-02 -1.81824395e-02 3.87413783e-02
-2.03651770e-02 -1.87562304e-02 3.98433721e-02
-2.10094436e-02 -1.93450953e-02 4.09752954e-02
-2.16703035e-02 -1.99494328e-02 4.21370550e-02
-2.23475289e-02 -2.05695997e-02 4.33285852e-02
-2.30411349e-02 -2.12058954e-02 4.45498449e-02
-2.37513864e-02 -2.18585601e-02 4.58008047e-02
-2.44787621e-02 -2.25277865e-02 4.70814343e-02
-2.52238902e-02 -2.32137423e-02 4.83916956e-02
-2.59874677e-02 -2.39165980e-02 4.97315473e-02
-2.67701778e-02 -2.46365523e-02 5.11009595e-02
-2.75726163e-02 -2.53738494e-02 5.24999343e-02
-2.83952377e-02 -2.61287832e-02 5.39285263e-02
-2.92383248e-02 -2.69016855e-02 5.53868578e-02
-3.01019843e-02 -2.76929010e-02 5.68751225e-02
-3.09861666e-02 -2.85027535e-02 5.83935761e-02
-3.18907056e-02 -2.93315082e-02 5.99425153e-02
-3.28153712e-02 -3.01793407e-02 6.15222462e-02
-3.37599272e-02 -3.10463161e-02 6.31330495e-02
-3.47241857e-02 -3.19323855e-02 6.47751453e-02
-3.57080514e-02 -3.28373993e-02 6.64486640e-02
-3.67115493e-02 -3.37611376e-02 6.81536262e-02
-3.77348339e-02 -3.47033526e-02 6.98899353e-02
-3.87781792e-02 -3.56638153e-02 7.16573810e-02
-3.98419515e-02 -3.66423619e-02 7.34556555e-02
-4.09265714e-02 -3.76389292e-02 7.52843781e-02
-4.20324699e-02 -3.86535780e-02 7.71431266e-02
-4.31600459e-02 -3.96864972e-02 7.90314712e-02
-4.43096309e-02 -4.07379912e-02 8.09490071e-02
-4.54814654e-02 -4.18084515e-02 8.28953824e-02
-4.66756883e-02 -4.28983174e-02 8.48703178e-02
-4.78923410e-02 -4.40080305e-02 8.68736156e-02
-4.91313820e-02 -4.51379903e-02 8.89051558e-02
-5.03927093e-02 -4.62885158e-02 9.09648801e-02
-5.16761861e-02 -4.74598172e-02 9.30527651e-02
-5.29816650e-02 -4.86519812e-02 9.51687852e-02
-5.43090076e-02 -4.98649699e-02 9.73128729e-02
-5.56580967e-02 -5.10986332e-02 9.94848775e-02
-5.70288403e-02 -5.23527306e-02 1.01684529e-01
-5.84211688e-02 -5.36269610e-02 1.03911415e-01
-5.98350259e-02 -5.49209945e-02 1.06164961e-01
-6.12703576e-02 -5.62345035e-02 1.08444444e-01
-6.27270999e-02 -5.75671883e-02 1.10748997e-01
-6.42051691e-02 -5.89187970e-02 1.13077651e-01
-6.57044557e-02 -6.02891351e-02 1.15429370e-01
-6.72248225e-02 -6.16780677e-02 1.17803096e-01
-6.87661074e-02 -6.30855121e-02 1.20197796e-01
-7.03281288e-02 -6.45114250e-02 1.22612498e-01
-7.19106927e-02 -6.59557847e-02 1.25046317e-01
-7.35136002e-02 -6.74185709e-02 1.27498470e-01
-7.51366526e-02 -6.88997454e-02 1.29968272e-01
-7.67796546e-02 -7.03992344e-02 1.32455119e-01
-7.84424132e-02 -7.19169152e-02 1.34958455e-01
-8.01247339e-02 -7.34526071e-02 1.37477736e-01
-8.18264138e-02 -7.50060676e-02 1.40012386e-01
-8.35472330e-02 -7.65769933e-02 1.42561755e-01
-8.52869461e-02 -7.81650253e-02 1.45125081e-01
-8.70452733e-02 -7.97697569e-02 1.47701464e-01
-8.88218950e-02 -8.13907442e-02 1.50289854e-01
-9.06164479e-02 -8.30275165e-02 1.52889044e-01
-9.24285246e-02 -8.46795869e-02 1.55497685e-01
-9.42576760e-02 -8.63464613e-02 1.58114305e-01
-9.61034162e-02 -8.80276455e-02 1.60737344e-01
-9.79652288e-02 -8.97226504e-02 1.63365179e-01
-9.98425742e-02 -9.14309944e-02 1.65996170e-01
-1.01734897e-01 -9.31522036e-02 1.68628684e-01
-1.03641630e-01 -9.48858107e-02 1.71261124e-01
-1.05562203e-01 -9.66313520e-02 1.73891949e-01
-1.07496039e-01 -9.83883632e-02 1.76519686e-01
-1.09442562e-01 -1.00156375e-01 1.79142923e-01
-1.11401190e-01 -1.01934910e-01 1.81760308e-01
-1.13371334e-01 -1.03723477e-01 1.84370533e-01
-1.15352398e-01 -1.05521566e-01 1.86972314e-01
-1.17343772e-01 -1.07328647e-01 1.89564368e-01
-1.19344829e-01 -1.09144169e-01 1.92145393e-01
-1.21354925e-01 -1.10967555e-01 1.94714043e-01
-1.23373396e-01 -1.12798201e-01 1.97268920e-01
-1.25399556e-01 -1.14635478e-01 1.99808551e-01
-1.27432704e-01 -1.16478728e-01 2.02331387e-01
-1.29472116e-01 -1.18327271e-01 2.04835801e-01
-1.31517056e-01 -1.20180398e-01 2.07320090e-01
-1.33566772e-01 -1.22037378e-01 2.09782481e-01
-1.35620501e-01 -1.23897457e-01 2.12221145e-01
-1.37677470e-01 -1.25759860e-01 2.14634207e-01
-1.39736895e-01 -1.27623796e-01 2.17019760e-01
-1.41797983e-01 -1.29488456e-01 2.19375882e-01
-1.43859932e-01 -1.31353017e-01 2.21700642e-01
-1.45921924e-01 -1.33216648e-01 2.23992121e-01
-1.47983131e-01 -1.35078509e-01 2.26248411e-01
-1.50042707e-01 -1.36937752e-01 2.28467630e-01
-1.52099788e-01 -1.38793529e-01 2.30647921e-01
-1.54153489e-01 -1.40644988e-01 2.32787460e-01
-1.56202908e-01 -1.42491278e-01 2.34884452e-01
-1.58247117e-01 -1.44331549e-01 2.36937135e-01
-1.60285172e-01 -1.46164952e-01 2.38943773e-01
-1.62316110e-01 -1.47990639e-01 2.40902658e-01
-1.64338950e-01 -1.49807764e-01 2.42812106e-01
-1.66352701e-01 -1.51615480e-01 2.44670452e-01
-1.68356363e-01 -1.53412941e-01 2.46476047e-01
-1.70348934e-01 -1.55199296e-01 2.48227259e-01
-1.72329409e-01 -1.56973692e-01 2.49922464e-01
-1.74296789e-01 -1.58735270e-01 2.51560048e-01
-1.76250084e-01 -1.60483167e-01 2.53138406e-01
-1.78188313e-01 -1.62216510e-01 2.54655937e-01
-1.80110510e-01 -1.63934422e-01 2.56111047e-01
-1.82015722e-01 -1.65636017e-01 2.57502147e-01
-1.83903010e-01 -1.67320405e-01 2.58827654e-01
-1.85771450e-01 -1.68986688e-01 2.60085994e-01
-1.87620133e-01 -1.70633967e-01 2.61275599e-01
-1.89448157e-01 -1.72261340e-01 2.62394916e-01
-1.91254634e-01 -1.73867908e-01 2.63442406e-01
-1.93038679e-01 -1.75452772e-01 2.64416547e-01
-1.94799414e-01 -1.77015041e-01 2.65315844e-01
-1.96535963e-01 -1.78553831e-01 2.66138826e-01
-1.98247450e-01 -1.80068269e-01 2.66884056e-01
-1.99933002e-01 -1.81557492e-01 2.67550138e-01
-2.01591742e-01 -1.83020653e-01 2.68135717e-01
-2.03222793e-01 -1.84456917e-01 2.68639490e-01
-2.04825278e-01 -1.85865469e-01 2.69060207e-01
-2.06398322e-01 -1.87245506e-01 2.69396679e-01
-2.07941052e-01 -1.88596243e-01 2.69647782e-01
-2.09452600e-01 -1.89916911e-01 2.69812460e-01
-2.10932106e-01 -1.91206759e-01 2.69889726e-01
-2.12378720e-01 -1.92465049e-01 2.69878669e-01
-2.13791605e-01 -1.93691058e-01 2.69778451e-01
-2.15169941e-01 -1.94884081e-01 2.69588307e-01
-2.16512925e-01 -1.96043423e-01 2.69307547e-01
-2.17819776e-01 -1.97168407e-01 2.68935553e-01
-2.19089735e-01 -1.98258368e-01 2.68471777e-01
-2.20322070e-01 -1.99312656e-01 2.67915738e-01
-2.21516073e-01 -2.00330636e-01 2.67267018e-01
-2.22671064e-01 -2.01311690e-01 2.66525262e-01
-2.23786392e-01 -2.02255214e-01 2.65690172e-01
-2.24861431e-01 -2.03160625e-01 2.64761506e-01
-2.25895589e-01 -2.04027357e-01 2.63739074e-01
-2.26888296e-01 -2.04854865e-01 2.62622739e-01
-2.27839016e-01 -2.05642627e-01 2.61412415e-01
-2.28747236e-01 -2.06390144e-01 2.60108065e-01
-2.29612474e-01 -2.07096942e-01 2.58709704e-01
-2.30434272e-01 -2.07762574e-01 2.57217400e-01
-2.31212200e-01 -2.08386620e-01 2.55631273e-01
-2.31945853e-01 -2.08968689e-01 2.53951501e-01
-2.32634854e-01 -2.09508418e-01 2.52178320e-01
-2.33278850e-01 -2.10005475e-01 2.50312028e-01
-2.33877513e-01 -2.10459558e-01 2.48352986e-01
-2.34430544e-01 -2.10870393e-01 2.46301623e-01
-2.34937668e-01 -2.11237738e-01 2.44158436e-01
-2.35398637e-01 -2.11561381e-01 2.41923993e-01
-2.35813230e-01 -2.11841137e-01 2.39598936e-01
-2.36181255e-01 -2.12076850e-01 2.37183979e-01
-2.36502548e-01 -2.12268394e-01 2.34679911e-01
-2.36776972e-01 -2.12415669e-01 2.32087595e-01
-2.37004423e-01 -2.12518601e-01 2.29407971e-01
-2.37184827e-01 -2.12577145e-01 2.26642049e-01
-2.37318139e-01 -2.12591280e-01 2.23790914e-01
-2.37404350e-01 -2.12561015e-01 2.20855723e-01
-2.37443481e-01 -2.12486382e-01 2.17837703e-01
-2.37435587e-01 -2.12367441e-01 2.14738150e-01
-2.37380756e-01 -2.12204279e-01 2.11558427e-01
-2.37279109e-01 -2.11997012e-01 2.08299963e-01
-2.37130803e-01 -2.11745780e-01 2.04964250e-01
-2.36936025e-01 -2.11450755e-01 2.01552842e-01
-2.36694998e-01 -2.11112138e-01 1.98067354e-01
-2.36407975e-01 -2.10730157e-01 1.94509457e-01
-2.36075243e-01 -2.10305072e-01 1.90880879e-01
-2.35697118e-01 -2.09837171e-01 1.87183402e-01
-2.35273947e-01 -2.09326774e-01 1.83418858e-01
-2.34806105e-01 -2.08774229e-01 1.79589129e-01
-2.34293997e-01 -2.08179914e-01 1.75696144e-01
-2.33738052e-01 -2.07544238e-01 1.71741876e-01
-2.33138727e-01 -2.06867635e-01 1.67728342e-01
-2.32496504e-01 -2.06150568e-01 1.63657598e-01
-2.31811887e-01 -2.05393526e-01 1.59531738e-01
-2.31085406e-01 -2.04597025e-01 1.55352891e-01
-2.30317612e-01 -2.03761602e-01 1.51123221e-01
-2.29509077e-01 -2.02887820e-01 1.46844923e-01
-2.28660399e-01 -2.01976263e-01 1.42520223e-01
-2.27772192e-01 -2.01027535e-01 1.38151374e-01
-2.26845095e-01 -2.00042262e-01 1.33740656e-01
-2.25879767e-01 -1.99021085e-01 1.29290374e-01
-2.24876888e-01 -1.97964667e-01 1.24802857e-01
-2.23837159e-01 -1.96873686e-01 1.20280454e-01
-2.22761304e-01 -1.95748838e-01 1.15725538e-01
-2.21650065e-01 -1.94590836e-01 1.11140499e-01
-2.20504206e-01 -1.93400406e-01 1.06527744e-01
-2.19324513e-01 -1.92178292e-01 1.01889697e-01
-2.18111791e-01 -1.90925254e-01 9.72287969e-02
-2.16866864e-01 -1.89642064e-01 9.25474933e-02
-2.15590578e-01 -1.88329514e-01 8.78482473e-02
-2.14283795e-01 -1.86988406e-01 8.31335278e-02
-2.12947397e-01 -1.85619558e-01 7.84058095e-02
-2.11582281e-01 -1.84223804e-01 7.36675701e-02
-2.10189360e-01 -1.82801989e-01 6.89212883e-02
-2.08769562e-01 -1.81354974e-01 6.41694402e-02
-2.07323828e-01 -1.79883630e-01 5.94144970e-02
-2.05853109e-01 -1.78388840e-01 5.46589220e-02
-2.04358368e-01 -1.76871501e-01 4.99051675e-02
-2.02840577e-01 -1.75332518e-01 4.51556720e-02
-2.01300712e-01 -1.73772803e-01 4.04128574e-02
-1.99739759e-01 -1.72193280e-01 3.56791264e-02
-1.98158705e-01 -1.70594878e-01 3.09568597e-02
-1.96558541e-01 -1.68978530e-01 2.62484138e-02
-1.94940260e-01 -1.67345176e-01 2.15561187e-02
-1.93304856e-01 -1.65695759e-01 1.68822759e-02
-1.91653319e-01 -1.64031222e-01 1.22291569e-02
-1.89986642e-01 -1.62352511e-01 7.59900094e-03
-1.88305813e-01 -1.60660571e-01 2.99401449e-03
-1.86611816e-01 -1.58956345e-01 -1.58363055e-03
-1.84905633e-01 -1.57240775e-01 -6.13179768e-03
-1.83188240e-01 -1.55514800e-01 -1.06483867e-02
-1.81460609e-01 -1.53779352e-01 -1.51313346e-02
-1.79723706e-01 -1.52035362e-01 -1.95786164e-02
-1.77978490e-01 -1.50283754e-01 -2.39882455e-02
-1.76225916e-01 -1.48525444e-01 -2.83582750e-02
-1.74466930e-01 -1.46761343e-01 -3.26867982e-02
-1.72702472e-01 -1.44992355e-01 -3.69719493e-02
-1.70933474e-01 -1.43219374e-01 -4.12119048e-02
-1.69160862e-01 -1.41443287e-01 -4.54048841e-02
-1.67385552e-01 -1.39664970e-01 -4.95491511e-02
-1.65608452e-01 -1.37885292e-01 -5.36430151e-02
-1.63830459e-01 -1.36105110e-01 -5.76848325e-02
-1.62052463e-01 -1.34325270e-01 -6.16730081e-02
-1.60275342e-01 -1.32546608e-01 -6.56059967e-02
-1.58499964e-01 -1.30769948e-01 -6.94823047e-02
-1.56727184e-01 -1.28996101e-01 -7.33004917e-02
-1.54957845e-01 -1.27225864e-01 -7.70591722e-02
-1.53192780e-01 -1.25460024e-01 -8.07570172e-02
-1.51432803e-01 -1.23699351e-01 -8.43927554e-02
-1.49678717e-01 -1.21944600e-01 -8.79651750e-02
-1.47931310e-01 -1.20196513e-01 -9.14731245e-02
-1.46191353e-01 -1.18455815e-01 -9.49155141e-02
-1.44459600e-01 -1.16723214e-01 -9.82913166e-02
-1.42736789e-01 -1.14999404e-01 -1.01599568e-01
-1.41023640e-01 -1.13285058e-01 -1.04839367e-01
-1.39320853e-01 -1.11580834e-01 -1.08009877e-01
-1.37629111e-01 -1.09887373e-01 -1.11110326e-01
-1.35949076e-01 -1.08205294e-01 -1.14140004e-01
-1.34281392e-01 -1.06535202e-01 -1.17098263e-01
-1.32626680e-01 -1.04877679e-01 -1.19984522e-01
-1.30985544e-01 -1.03233293e-01 -1.22798256e-01
-1.29358565e-01 -1.01602590e-01 -1.25539004e-01
-1.27746302e-01 -9.99860964e-02 -1.28206363e-01
-1.26149294e-01 -9.83843225e-02 -1.30799989e-01
-1.24568060e-01 -9.67977582e-02 -1.33319594e-01
-1.23003097e-01 -9.52268747e-02 -1.35764946e-01
-1.21454878e-01 -9.36721246e-02 -1.38135865e-01
-1.19923858e-01 -9.21339419e-02 -1.40432227e-01
-1.18410470e-01 -9.06127422e-02 -1.42653956e-01
-1.16915125e-01 -8.91089225e-02 -1.44801027e-01
-1.15438213e-01 -8.76228616e-02 -1.46873466e-01
-1.13980103e-01 -8.61549201e-02 -1.48871342e-01
-1.12541144e-01 -8.47054403e-02 -1.50794774e-01
-1.11121664e-01 -8.32747466e-02 -1.52643925e-01
-1.09721969e-01 -8.18631453e-02 -1.54419005e-01
-1.08342347e-01 -8.04709246e-02 -1.56120264e-01
-1.06983064e-01 -7.90983549e-02 -1.57748000e-01
-1.05644366e-01 -7.77456884e-02 -1.59302550e-01
-1.04326482e-01 -7.64131593e-02 -1.60784296e-01
-1.03029617e-01 -7.51009842e-02 -1.62193661e-01
-1.01753960e-01 -7.38093612e-02 -1.63531109e-01
-1.00499680e-01 -7.25384707e-02 -1.64797146e-01
-9.92669270e-02 -7.12884751e-02 -1.65992318e-01
-9.80558314e-02 -7.00595188e-02 -1.67117211e-01
-9.68665065e-02 -6.88517285e-02 -1.68172450e-01
-9.56990471e-02 -6.76652130e-02 -1.69158701e-01
-9.45535302e-02 -6.65000633e-02 -1.70076665e-01
-9.34300154e-02 -6.53563533e-02 -1.70927083e-01
-9.23285450e-02 -6.42341391e-02 -1.71710730e-01
-9.12491448e-02 -6.31334602e-02 -1.72428417e-01
-9.01918240e-02 -6.20543391e-02 -1.73080990e-01
-8.91565759e-02 -6.09967817e-02 -1.73669326e-01
-8.81433780e-02 -5.99607780e-02 -1.74194334e-01
-8.71521929e-02 -5.89463021e-02 -1.74656953e-01
-8.61829680e-02 -5.79533129e-02 -1.75058149e-01
-8.52356367e-02 -5.69817544e-02 -1.75398915e-01
-8.43101183e-02 -5.60315560e-02 -1.75680268e-01
-8.34063185e-02 -5.51026335e-02 -1.75903248e-01
-8.25241301e-02 -5.41948891e-02 -1.76068918e-01
-8.16634329e-02 -5.33082122e-02 -1.76178357e-01
-8.08240949e-02 -5.24424797e-02 -1.76232663e-01
-8.00059720e-02 -5.15975569e-02 -1.76232949e-01
-7.92089086e-02 -5.07732976e-02 -1.76180344e-01
-7.84327385e-02 -4.99695448e-02 -1.76075987e-01
-7.76772845e-02 -4.91861313e-02 -1.75921028e-01
-7.69423593e-02 -4.84228803e-02 -1.75716627e-01
-7.62277659e-02 -4.76796053e-02 -1.75463950e-01
-7.55332977e-02 -4.69561114e-02 -1.75164172e-01
-7.48587391e-02 -4.62521949e-02 -1.74818472e-01
-7.42038659e-02 -4.55676447e-02 -1.74428031e-01
-7.35684455e-02 -4.49022416e-02 -1.73994035e-01
-7.29522373e-02 -4.42557599e-02 -1.73517672e-01
-7.23549932e-02 -4.36279669e-02 -1.73000128e-01
-7.17764579e-02 -4.30186234e-02 -1.72442591e-01
-7.12163690e-02 -4.24274848e-02 -1.71846248e-01
-7.06744581e-02 -4.18543005e-02 -1.71212283e-01
-7.01504503e-02 -4.12988147e-02 -1.70541878e-01
-6.96440652e-02 -4.07607669e-02 -1.69836212e-01
-6.91550171e-02 -4.02398919e-02 -1.69096458e-01
-6.86830151e-02 -3.97359204e-02 -1.68323785e-01
-6.82277640e-02 -3.92485791e-02 -1.67519358e-01
-6.77889645e-02 -3.87775912e-02 -1.66684332e-01
-6.73663134e-02 -3.83226765e-02 -1.65819857e-01
-6.69595043e-02 -3.78835521e-02 -1.64927077e-01
-6.65682278e-02 -3.74599323e-02 -1.64007123e-01
-6.61921721e-02 -3.70515291e-02 -1.63061119e-01
-6.58310230e-02 -3.66580525e-02 -1.62090179e-01
-6.54844650e-02 -3.62792109e-02 -1.61095406e-01
-6.51521810e-02 -3.59147112e-02 -1.60077891e-01
-6.48338530e-02 -3.55642592e-02 -1.59038712e-01
-6.45291627e-02 -3.52275598e-02 -1.57978935e-01
-6.42377914e-02 -3.49043174e-02 -1.56899611e-01
-6.39594207e-02 -3.45942363e-02 -1.55801778e-01
-6.36937327e-02 -3.42970206e-02 -1.54686458e-01
-6.34404105e-02 -3.40123747e-02 -1.53554657e-01
-6.31991384e-02 -3.37400035e-02 -1.52407365e-01
-6.29696021e-02 -3.34796127e-02 -1.51245555e-01
-6.27514891e-02 -3.32309089e-02 -1.50070183e-01
-6.25444891e-02 -3.29936000e-02 -1.48882186e-01
-6.23482941e-02 -3.27673953e-02 -1.47682486e-01
-6.21625986e-02 -3.25520055e-02 -1.46471982e-01
-6.19870997e-02 -3.23471434e-02 -1.45251557e-01
-6.18214978e-02 -3.21525236e-02 -1.44022075e-01
-6.16654961e-02 -3.19678629e-02 -1.42784380e-01
-6.15188011e-02 -3.17928805e-02 -1.41539297e-01
-6.13811231e-02 -3.16272979e-02 -1.40287631e-01
-6.12521754e-02 -3.14708395e-02 -1.39030168e-01
-6.11316753e-02 -3.13232322e-02 -1.37767675e-01
-6.10193438e-02 -3.11842061e-02 -1.36500898e-01
-6.09149057e-02 -3.10534942e-02 -1.35230566e-01
-6.08180896e-02 -3.09308327e-02 -1.33957387e-01
-6.07286283e-02 -3.08159612e-02 -1.32682048e-01
-6.06462583e-02 -3.07086228e-02 -1.31405221e-01
-6.05707206e-02 -3.06085640e-02 -1.30127556e-01
-6.05017599e-02 -3.05155351e-02 -1.28849685e-01
-6.04391254e-02 -3.04292903e-02 -1.27572220e-01
-6.03825703e-02 -3.03495876e-02 -1.26295756e-01
-6.03318520e-02 -3.02761890e-02 -1.25020869e-01
-6.02867325e-02 -3.02088609e-02 -1.23748116e-01
-6.02469778e-02 -3.01473736e-02 -1.22478036e-01
-6.02123583e-02 -3.00915019e-02 -1.21211151e-01
-6.01826488e-02 -3.00410250e-02 -1.19947962e-01
-6.01576287e-02 -2.99957266e-02 -1.18688954e-01
-6.01370816e-02 -2.99553949e-02 -1.17434596e-01
-6.01207959e-02 -2.99198228e-02 -1.16185335e-01
-6.01085641e-02 -2.98888078e-02 -1.14941603e-01
-6.01001839e-02 -2.98621522e-02 -1.13703815e-01
-6.00954571e-02 -2.98396629e-02 -1.12472367e-01
-6.00941905e-02 -2.98211518e-02 -1.11247637e-01
-6.00961956e-02 -2.98064355e-02 -1.10029989e-01
-6.01012884e-02 -2.97953353e-02 -1.08819766e-01
-6.01092901e-02 -2.97876774e-02 -1.07617297e-01
-6.01200265e-02 -2.97832927e-02 -1.06422893e-01
-6.01333283e-02 -2.97820168e-02 -1.05236848e-01
-6.01490312e-02 -2.97836901e-02 -1.04059441e-01
-6.01669756e-02 -2.97881575e-02 -1.02890933e-01
-6.01870071e-02 -2.97952687e-02 -1.01731572e-01
-6.02089762e-02 -2.98048775e-02 -1.00581586e-01
-6.02327382e-02 -2.98168427e-02 -9.94411923e-02
-6.02581534e-02 -2.98310271e-02 -9.83105900e-02
-6.02850870e-02 -2.98472979e-02 -9.71899647e-02
-6.03134093e-02 -2.98655265e-02 -9.60794877e-02
-6.03429952e-02 -2.98855883e-02 -9.49793161e-02
-6.03737246e-02 -2.99073629e-02 -9.38895937e-02
-6.04054819e-02 -2.99307339e-02 -9.28104510e-02
-6.04381564e-02 -2.99555884e-02 -9.17420061e-02
-6.04716421e-02 -2.99818176e-02 -9.06843647e-02
-6.05058372e-02 -3.00093163e-02 -8.96376206e-02
-6.05406447e-02 -3.00379828e-02 -8.86018566e-02
-6.05759717e-02 -3.00677189e-02 -8.75771445e-02
-6.06117297e-02 -3.00984300e-02 -8.65635458e-02
-6.06478341e-02 -3.01300248e-02 -8.55611120e-02
-6.06842046e-02 -3.01624152e-02 -8.45698854e-02
-6.07207644e-02 -3.01955166e-02 -8.35898992e-02
-6.07574408e-02 -3.02292474e-02 -8.26211779e-02
-6.07941645e-02 -3.02635291e-02 -8.16637381e-02
-6.08308697e-02 -3.02982864e-02 -8.07175888e-02
-6.08674940e-02 -3.03334470e-02 -7.97827314e-02
-6.09039782e-02 -3.03689418e-02 -7.88591606e-02
-6.09402662e-02 -3.04047043e-02 -7.79468646e-02
-6.09763046e-02 -3.04406713e-02 -7.70458254e-02
-6.10120432e-02 -3.04767822e-02 -7.61560190e-02
-6.10474342e-02 -3.05129794e-02 -7.52774159e-02
-6.10824325e-02 -3.05492081e-02 -7.44099814e-02
-6.11169953e-02 -3.05854162e-02 -7.35536757e-02
-6.11510824e-02 -3.06215545e-02 -7.27084541e-02
-6.11846556e-02 -3.06575763e-02 -7.18742676e-02
-6.12176789e-02 -3.06934376e-02 -7.10510627e-02
-6.12501184e-02 -3.07290970e-02 -7.02387816e-02
-6.12819420e-02 -3.07645155e-02 -6.94373629e-02
-6.13131197e-02 -3.07996567e-02 -6.86467410e-02
-6.13436232e-02 -3.08344866e-02 -6.78668469e-02
-6.13734259e-02 -3.08689732e-02 -6.70976077e-02
-6.14025029e-02 -3.09030872e-02 -6.63389476e-02
-6.14308309e-02 -3.09368011e-02 -6.55907870e-02
-6.14583885e-02 -3.09700894e-02 -6.48530435e-02
-6.14851553e-02 -3.10029289e-02 -6.41256316e-02
-6.15111129e-02 -3.10352981e-02 -6.34084626e-02
-6.15362441e-02 -3.10671770e-02 -6.27014453e-02
-6.15605332e-02 -3.10985478e-02 -6.20044856e-02
-6.15839661e-02 -3.11293938e-02 -6.13174867e-02
-6.16065298e-02 -3.11597000e-02 -6.06403497e-02
-6.16282130e-02 -3.11894528e-02 -5.99729727e-02
-6.16490055e-02 -3.12186397e-02 -5.93152522e-02
-6.16688986e-02 -3.12472496e-02 -5.86670820e-02
-6.16878849e-02 -3.12752722e-02 -5.80283542e-02
-6.17059583e-02 -3.13026986e-02 -5.73989590e-02
-6.17231140e-02 -3.13295204e-02 -5.67787847e-02
-6.17393484e-02 -3.13557304e-02 -5.61677180e-02
-6.17546592e-02 -3.13813219e-02 -5.55656443e-02
-6.17690454e-02 -3.14062891e-02 -5.49724474e-02
-6.17825070e-02 -3.14306269e-02 -5.43880101e-02
-6.17950453e-02 -3.14543305e-02 -5.38122142e-02
-6.18066627e-02 -3.14773961e-02 -5.32449403e-02
-6.18173626e-02 -3.14998200e-02 -5.26860686e-02
-6.18271496e-02 -3.15215994e-02 -5.21354785e-02
-6.18360293e-02 -3.15427318e-02 -5.15930490e-02
-6.18440080e-02 -3.15632151e-02 -5.10586589e-02
-6.18510933e-02 -3.15830478e-02 -5.05321866e-02
-6.18572933e-02 -3.16022287e-02 -5.00135108e-02
-6.18626171e-02 -3.16207574e-02 -4.95025102e-02
-6.18670746e-02 -3.16386335e-02 -4.89990637e-02
-6.18706763e-02 -3.16558574e-02 -4.85030507e-02
-6.18734333e-02 -3.16724299e-02 -4.80143511e-02
-6.18753574e-02 -3.16883523e-02 -4.75328454e-02
-6.18764608e-02 -3.17036264e-02 -4.70584151e-02
-6.18767563e-02 -3.17182544e-02 -4.65909423e-02
-6.18762570e-02 -3.17322392e-02 -4.61303104e-02
-6.18749764e-02 -3.17455842e-02 -4.56764035e-02
-6.18729282e-02 -3.17582933e-02 -4.52291074e-02
-6.18701264e-02 -3.17703711e-02 -4.47883088e-02
-6.18665852e-02 -3.17818225e-02 -4.43538958e-02
-6.18623189e-02 -3.17926531e-02 -4.39257580e-02
-6.18573418e-02 -3.18028692e-02 -4.35037866e-02
-6.18516684e-02 -3.18124774e-02 -4.30878741e-02
-6.18453131e-02 -3.18214850e-02 -4.26779148e-02
-6.18382901e-02 -3.18298997e-02 -4.22738045e-02
-6.18306137e-02 -3.18377298e-02 -4.18754408e-02
-6.18222980e-02 -3.18449839e-02 -4.14827229e-02
-6.18133569e-02 -3.18516713e-02 -4.10955517e-02
-6.18038042e-02 -3.18578016e-02 -4.07138300e-02
-6.17936534e-02 -3.18633846e-02 -4.03374622e-02
-6.17829179e-02 -3.18684307e-02 -3.99663545e-02
-6.17716106e-02 -3.18729505e-02 -3.96004148e-02
-6.17597445e-02 -3.18769547e-02 -3.92395527e-02
-6.17473320e-02 -3.18804545e-02 -3.88836797e-02
-6.17343854e-02 -3.18834611e-02 -3.85327088e-02
-6.17209166e-02 -3.18859858e-02 -3.81865549e-02
-6.17069373e-02 -3.18880399e-02 -3.78451343e-02
-6.16924590e-02 -3.18896350e-02 -3.75083652e-02
-6.16774927e-02 -3.18907823e-02 -3.71761671e-02
-6.16620494e-02 -3.18914934e-02 -3.68484613e-02
-6.16461396e-02 -3.18917793e-02 -3.65251706e-02
-6.16297736e-02 -3.18916513e-02 -3.62062192e-02
-6.16129617e-02 -3.18911201e-02 -3.58915327e-02
-6.15957135e-02 -3.18901967e-02 -3.55810383e-02
-6.15780390e-02 -3.18888914e-02 -3.52746645e-02
-6.15599474e-02 -3.18872144e-02 -3.49723410e-02
-6.15414481e-02 -3.18851757e-02 -3.46739990e-02
-6.15225503e-02 -3.18827850e-02 -3.43795707e-02
-6.15032629e-02 -3.18800514e-02 -3.40889899e-02
-6.14835948e-02 -3.18769841e-02 -3.38021911e-02
-6.14635546e-02 -3.18735916e-02 -3.35191103e-02
-6.14431511e-02 -3.18698822e-02 -3.32396845e-02
-6.14223928e-02 -3.18658640e-02 -3.29638517e-02
-6.14012880e-02 -3.18615446e-02 -3.26915510e-02
-6.13798454e-02 -3.18569312e-02 -3.24227226e-02
-6.13580731e-02 -3.18520310e-02 -3.21573075e-02
-6.13359795e-02 -3.18468505e-02 -3.18952478e-02
-6.13135728e-02 -3.18413962e-02 -3.16364866e-02
-6.12908614e-02 -3.18356742e-02 -3.13809677e-02
-6.12678534e-02 -3.18296904e-02 -3.11286359e-02
-6.12445571e-02 -3.18234506e-02 -3.08794370e-02
-6.12209806e-02 -3.18169600e-02 -3.06333175e-02
-6.11971321e-02 -3.18102240e-02 -3.03902250e-02
-6.11730199e-02 -3.18032476e-02 -3.01501075e-02
-6.11486519e-02 -3.17960358e-02 -2.99129144e-02
-6.11240365e-02 -3.17885934e-02 -2.96785954e-02
-6.10991817e-02 -3.17809251e-02 -2.94471015e-02
-6.10740957e-02 -3.17730354e-02 -2.92183842e-02
-6.10487864e-02 -3.17649289e-02 -2.89923959e-02
-6.10232619e-02 -3.17566100e-02 -2.87690900e-02
-6.09975301e-02 -3.17480833e-02 -2.85484204e-02
-6.09715991e-02 -3.17393529e-02 -2.83303422e-02
-6.09454767e-02 -3.17304234e-02 -2.81148110e-02
-6.09191706e-02 -3.17212990e-02 -2.79017833e-02
-6.08926885e-02 -3.17119841e-02 -2.76912167e-02
-6.08660381e-02 -3.17024829e-02 -2.74830693e-02
-6.08392268e-02 -3.16927999e-02 -2.72773001e-02
-6.08122621e-02 -3.16829394e-02 -2.70738692e-02
-6.07851510e-02 -3.16729055e-02 -2.68727372e-02
-6.07579008e-02 -3.16627027e-02 -2.66738656e-02
-6.07305184e-02 -3.16523353e-02 -2.64772171e-02
-6.07030105e-02 -3.16418075e-02 -2.62827547e-02
-6.06753839e-02 -3.16311236e-02 -2.60904425e-02
-6.06476448e-02 -3.16202879e-02 -2.59002456e-02
-6.06197996e-02 -3.16093044e-02 -2.57121296e-02
-6.05918542e-02 -3.15981775e-02 -2.55260610e-02
-6.05638146e-02 -3.15869111e-02 -2.53420073e-02
-6.05356864e-02 -3.15755094e-02 -2.51599365e-02
-6.05074749e-02 -3.15639763e-02 -2.49798176e-02
-6.04791853e-02 -3.15523158e-02 -2.48016202e-02
-6.04508226e-02 -3.15405317e-02 -2.46253148e-02
-6.04223915e-02 -3.15286276e-02 -2.44508724e-02
-6.03938966e-02 -3.15166074e-02 -2.42782649e-02
-6.03653420e-02 -3.15044745e-02 -2.41074647e-02
-6.03367319e-02 -3.14922325e-02 -2.39384451e-02
-6.03080700e-02 -3.14798846e-02 -2.37711798e-02
-6.02793600e-02 -3.14674342e-02 -2.36056430e-02
-6.02506052e-02 -3.14548844e-02 -2.34418099e-02
-6.02218087e-02 -3.14422384e-02 -2.32796558e-02
-6.01929737e-02 -3.14294989e-02 -2.31191567e-02
-6.01641027e-02 -3.14166690e-02 -2.29602890e-02
-6.01351984e-02 -3.14037514e-02 -2.28030297e-02
-6.01062631e-02 -3.13907488e-02 -2.26473560e-02
-6.00772990e-02 -3.13776638e-02 -2.24932458e-02
-6.00483082e-02 -3.13644989e-02 -2.23406771e-02
-6.00192926e-02 -3.13512566e-02 -2.21896284e-02
-5.99902539e-02 -3.13379393e-02 -2.20400783e-02
-5.99611937e-02 -3.13245492e-02 -2.18920061e-02
-5.99321135e-02 -3.13110887e-02 -2.17453909e-02
-5.99030147e-02 -3.12975601e-02 -2.16002125e-02
-5.98738986e-02 -3.12839654e-02 -2.14564506e-02
-5.98447664e-02 -3.12703069e-02 -2.13140854e-02
-5.98156193e-02 -3.12565866e-02 -2.11730972e-02
-5.97864584e-02 -3.12428067e-02 -2.10334665e-02
-5.97572846e-02 -3.12289694e-02 -2.08951740e-02
-5.97280991e-02 -3.12150765e-02 -2.07582006e-02
-5.96989028e-02 -3.12011303e-02 -2.06225276e-02
-5.96696967e-02 -3.11871328e-02 -2.04881362e-02
-5.96404817e-02 -3.11730861e-02 -2.03550080e-02
-5.96112589e-02 -3.11589921e-02 -2.02231247e-02
-5.95820293e-02 -3.11448530e-02 -2.00924684e-02
-5.95527939e-02 -3.11306709e-02 -1.99630212e-02
-5.95235538e-02 -3.11164477e-02 -1.98347656e-02
-5.94943100e-02 -3.11021856e-02 -1.97076842e-02
-5.94650637e-02 -3.10878866e-02 -1.95817601e-02
-5.94358162e-02 -3.10735528e-02 -1.94569763e-02
-5.94065686e-02 -3.10591861e-02 -1.93333165e-02
-5.93773223e-02 -3.10447887e-02 -1.92107644e-02
-5.93480786e-02 -3.10303626e-02 -1.90893042e-02
-5.93188388e-02 -3.10159097e-02 -1.89689201e-02
-5.92896046e-02 -3.10014320e-02 -1.88495971e-02
-5.92603772e-02 -3.09869314e-02 -1.87313202e-02
-5.92311584e-02 -3.09724100e-02 -1.86140748e-02
-5.92019497e-02 -3.09578695e-02 -1.84978468e-02
-5.91727528e-02 -3.09433117e-02 -1.83826223e-02
-5.91435692e-02 -3.09287386e-02 -1.82683880e-02
-5.91144008e-02 -3.09141517e-02 -1.81551309e-02
-5.90852493e-02 -3.08995528e-02 -1.80428381e-02
-5.90561163e-02 -3.08849434e-02 -1.79314975e-02
-5.90270036e-02 -3.08703252e-02 -1.78210972e-02
-5.89979131e-02 -3.08556996e-02 -1.77116258e-02
-5.89688464e-02 -3.08410679e-02 -1.76030720e-02
-5.89398053e-02 -3.08264316e-02 -1.74954252e-02
-5.89107915e-02 -3.08117919e-02 -1.73886750e-02
-5.88818067e-02 -3.07971500e-02 -1.72828114e-02
-5.88528526e-02 -3.07825069e-02 -1.71778248e-02
-5.88239307e-02 -3.07678637e-02 -1.70737058e-02
-5.87950427e-02 -3.07532212e-02 -1.69704455e-02
-5.87661901e-02 -3.07385804e-02 -1.68680351e-02
-5.87373742e-02 -3.07239420e-02 -1.67664663e-02
-5.87085966e-02 -3.07093068e-02 -1.66657309e-02
-5.86798585e-02 -3.06946752e-02 -1.65658211e-02
-5.86511611e-02 -3.06800479e-02 -1.64667292e-02
-5.86225057e-02 -3.06654253e-02 -1.63684478e-02
-5.85938932e-02 -3.06508079e-02 -1.62709697e-02
-5.85653248e-02 -3.06361959e-02 -1.61742877e-02
-5.85368013e-02 -3.06215896e-02 -1.60783949e-02
-5.85083235e-02 -3.06069893e-02 -1.59832846e-02
-5.84798923e-02 -3.05923951e-02 -1.58889500e-02
-5.84515081e-02 -3.05778072e-02 -1.57953846e-02
-5.84231717e-02 -3.05632255e-02 -1.57025818e-02
-5.83948835e-02 -3.05486502e-02 -1.56105350e-02
-5.83666440e-02 -3.05340813e-02 -1.55192378e-02
-5.83384533e-02 -3.05195187e-02 -1.54286837e-02
-5.83103120e-02 -3.05049625e-02 -1.53388663e-02
-5.82822200e-02 -3.04904125e-02 -1.52497791e-02
-5.82541776e-02 -3.04758688e-02 -1.51614154e-02
-5.82261849e-02 -3.04613312e-02 -1.50737687e-02
-5.81982418e-02 -3.04467997e-02 -1.49868324e-02
-5.81703483e-02 -3.04322743e-02 -1.49005998e-02
-5.81425044e-02 -3.04177548e-02 -1.48150641e-02
-5.81147099e-02 -3.04032413e-02 -1.47302184e-02
-5.80869648e-02 -3.03887337e-02 -1.46460558e-02
-5.80592689e-02 -3.03742321e-02 -1.45625693e-02
-5.80316219e-02 -3.03597365e-02 -1.44797519e-02
-5.80040237e-02 -3.03452470e-02 -1.43975962e-02
-5.79764742e-02 -3.03307635e-02 -1.43160952e-02
-5.79489730e-02 -3.03162864e-02 -1.42352415e-02
-5.79215200e-02 -3.03018156e-02 -1.41550277e-02
-5.78941151e-02 -3.02873514e-02 -1.40754465e-02
-5.78667579e-02 -3.02728940e-02 -1.39964905e-02
-5.78394484e-02 -3.02584438e-02 -1.39181520e-02
-5.78121865e-02 -3.02440008e-02 -1.38404237e-02
-5.77849719e-02 -3.02295656e-02 -1.37632982e-02
-5.77578045e-02 -3.02151384e-02 -1.36867679e-02
-5.77306844e-02 -3.02007196e-02 -1.36108254e-02
-5.77036114e-02 -3.01863097e-02 -1.35354633e-02
-5.76765855e-02 -3.01719090e-02 -1.34606744e-02
-5.76496067e-02 -3.01575181e-02 -1.33864514e-02
-5.76226750e-02 -3.01431375e-02 -1.33127872e-02
-5.75957905e-02 -3.01287676e-02 -1.32396747e-02
-5.75689533e-02 -3.01144091e-02 -1.31671071e-02
-5.75421634e-02 -3.01000624e-02 -1.30950777e-02
-5.75154211e-02 -3.00857280e-02 -1.30235797e-02
-5.74887264e-02 -3.00714066e-02 -1.29526069e-02
-5.74620795e-02 -3.00570988e-02 -1.28821529e-02
-5.74354807e-02 -3.00428050e-02 -1.28122118e-02
-5.74089300e-02 -3.00285259e-02 -1.27427777e-02
-5.73824278e-02 -3.00142619e-02 -1.26738450e-02
-5.73559742e-02 -3.00000137e-02 -1.26054083e-02
-5.73295695e-02 -2.99857818e-02 -1.25374624e-02
-5.73032139e-02 -2.99715666e-02 -1.24700023e-02
-5.72769076e-02 -2.99573687e-02 -1.24030234e-02
-5.72506508e-02 -2.99431884e-02 -1.23365212e-02
-5.72244439e-02 -2.99290264e-02 -1.22704915e-02
-5.71982869e-02 -2.99148829e-02 -1.22049302e-02
-5.71721800e-02 -2.99007583e-02 -1.21398335e-02
-5.71461235e-02 -2.98866530e-02 -1.20751979e-02
-5.71201175e-02 -2.98725673e-02 -1.20110201e-02
-5.70941621e-02 -2.98585014e-02 -1.19472968e-02
-5.70682575e-02 -2.98444556e-02 -1.18840252e-02
-5.70424038e-02 -2.98304300e-02 -1.18212024e-02
-5.70166010e-02 -2.98164249e-02 -1.17588259e-02
-5.69908492e-02 -2.98024402e-02 -1.16968932e-02
-5.69651483e-02 -2.97884762e-02 -1.16354019e-02
-5.69394985e-02 -2.97745328e-02 -1.15743500e-02
-5.69138996e-02 -2.97606099e-02 -1.15137354e-02
-5.68883516e-02 -2.97467077e-02 -1.14535560e-02
-5.68628544e-02 -2.97328259e-02 -1.13938100e-02
-5.68374079e-02 -2.97189645e-02 -1.13344954e-02
-5.68120120e-02 -2.97051232e-02 -1.12756106e-02
-5.67866665e-02 -2.96913021e-02 -1.12171536e-02
-5.67613712e-02 -2.96775007e-02 -1.11591228e-02
-5.67361259e-02 -2.96637190e-02 -1.11015162e-02
-5.67109304e-02 -2.96499566e-02 -1.10443321e-02
-5.66857845e-02 -2.96362133e-02 -1.09875685e-02
-5.66606878e-02 -2.96224888e-02 -1.09312236e-02
-5.66356402e-02 -2.96087827e-02 -1.08752952e-02
-5.66106414e-02 -2.95950949e-02 -1.08197813e-02
-5.65856911e-02 -2.95814250e-02 -1.07646796e-02
-5.65607889e-02 -2.95677727e-02 -1.07099877e-02
-5.65359347e-02 -2.95541377e-02 -1.06557033e-02
-5.65111280e-02 -2.95405196e-02 -1.06018237e-02
-5.64863687e-02 -2.95269183e-02 -1.05483462e-02
-5.64616564e-02 -2.95133334e-02 -1.04952678e-02
-5.64369908e-02 -2.94997647e-02 -1.04425856e-02
-5.64123716e-02 -2.94862120e-02 -1.03902962e-02
-5.63877987e-02 -2.94726750e-02 -1.03383965e-02
-5.63632716e-02 -2.94591535e-02 -1.02868828e-02
-5.63387902e-02 -2.94456474e-02 -1.02357515e-02
-5.63143543e-02 -2.94321566e-02 -1.01849987e-02
-5.62899635e-02 -2.94186809e-02 -1.01346206e-02
-5.62656177e-02 -2.94052204e-02 -1.00846130e-02
-5.62413167e-02 -2.93917748e-02 -1.00349716e-02
-5.62170602e-02 -2.93783444e-02 -9.98569221e-03
-5.61928482e-02 -2.93649291e-02 -9.93677023e-03
-5.61686804e-02 -2.93515289e-02 -9.88820111e-03
-5.61445567e-02 -2.93381440e-02 -9.83998020e-03
-5.61204770e-02 -2.93247745e-02 -9.79210272e-03
-5.60964411e-02 -2.93114207e-02 -9.74456388e-03
-5.60724489e-02 -2.92980826e-02 -9.69735879e-03
-5.60485003e-02 -2.92847605e-02 -9.65048255e-03
-5.60245953e-02 -2.92714547e-02 -9.60393021e-03
-5.60007337e-02 -2.92581655e-02 -9.55769685e-03
-5.59769155e-02 -2.92448931e-02 -9.51177750e-03
-5.59531405e-02 -2.92316380e-02 -9.46616725e-03
-5.59294088e-02 -2.92184004e-02 -9.42086120e-03
-5.59057201e-02 -2.92051808e-02 -9.37585451e-03
-5.58820746e-02 -2.91919794e-02 -9.33114241e-03
-5.58584720e-02 -2.91787966e-02 -9.28672017e-03
-5.58349124e-02 -2.91656330e-02 -9.24258317e-03
-5.58113955e-02 -2.91524887e-02 -9.19872689e-03
-5.57879215e-02 -2.91393643e-02 -9.15514692e-03
-5.57644900e-02 -2.91262600e-02 -9.11183895e-03
-5.57411011e-02 -2.91131762e-02 -9.06879882e-03
-5.57177546e-02 -2.91001134e-02 -9.02602250e-03
-5.56944505e-02 -2.90870717e-02 -8.98350610e-03
-5.56711884e-02 -2.90740516e-02 -8.94124588e-03
-5.56479684e-02 -2.90610533e-02 -8.89923827e-03
-5.56247903e-02 -2.90480771e-02 -8.85747984e-03
-5.56016538e-02 -2.90351231e-02 -8.81596734e-03
-5.55785588e-02 -2.90221917e-02 -8.77469766e-03
-5.55555051e-02 -2.90092829e-02 -8.73366789e-03
-5.55324925e-02 -2.89963969e-02 -8.69287525e-03
-5.55095207e-02 -2.89835337e-02 -8.65231715e-03
-5.54865895e-02 -2.89706935e-02 -8.61199114e-03
-5.54636987e-02 -2.89578762e-02 -8.57189493e-03
-5.54408479e-02 -2.89450817e-02 -8.53202639e-03
-5.54180370e-02 -2.89323101e-02 -8.49238353e-03
-5.53952656e-02 -2.89195611e-02 -8.45296451e-03
-5.53725334e-02 -2.89068347e-02 -8.41376763e-03
-5.53498402e-02 -2.88941305e-02 -8.37479128e-03
-5.53271856e-02 -2.88814484e-02 -8.33603401e-03
-5.53045693e-02 -2.88687881e-02 -8.29749447e-03
-5.52819910e-02 -2.88561492e-02 -8.25917140e-03
-5.52594505e-02 -2.88435314e-02 -8.22106363e-03
-5.52369473e-02 -2.88309342e-02 -8.18317010e-03
-5.52144812e-02 -2.88183572e-02 -8.14548980e-03
-5.51920519e-02 -2.88058000e-02 -8.10802178e-03
-5.51696591e-02 -2.87932620e-02 -8.07076516e-03
-5.51473025e-02 -2.87807427e-02 -8.03371911e-03
-5.51249817e-02 -2.87682415e-02 -7.99688282e-03
-5.51026966e-02 -2.87557579e-02 -7.96025551e-03
-5.50804468e-02 -2.87432913e-02 -7.92383642e-03
-5.50582321e-02 -2.87308410e-02 -7.88762480e-03
-5.50360522e-02 -2.87184064e-02 -7.85161992e-03
-5.50139069e-02 -2.87059870e-02 -7.81582101e-03
-5.49917960e-02 -2.86935820e-02 -7.78022732e-03
-5.49697192e-02 -2.86811908e-02 -7.74483807e-03
-5.49476764e-02 -2.86688128e-02 -7.70965246e-03
-5.49256674e-02 -2.86564473e-02 -7.67466966e-03
-5.49036920e-02 -2.86440937e-02 -7.63988880e-03
-5.48817499e-02 -2.86317514e-02 -7.60530900e-03
-5.48598412e-02 -2.86194198e-02 -7.57092932e-03
-5.48379656e-02 -2.86070983e-02 -7.53674878e-03
-5.48161230e-02 -2.85947864e-02 -7.50276638e-03
-5.47943132e-02 -2.85824835e-02 -7.46898105e-03
-5.47725363e-02 -2.85701890e-02 -7.43539172e-03
-5.47507920e-02 -2.85579025e-02 -7.40199723e-03
-5.47290802e-02 -2.85456236e-02 -7.36879643e-03
-5.47074009e-02 -2.85333518e-02 -7.33578810e-03
-5.46857540e-02 -2.85210866e-02 -7.30297099e-03
-5.46641393e-02 -2.85088278e-02 -7.27034384e-03
-5.46425568e-02 -2.84965750e-02 -7.23790535e-03
-5.46210064e-02 -2.84843280e-02 -7.20565420e-03
-5.45994879e-02 -2.84720863e-02 -7.17358904e-03
-5.45780012e-02 -2.84598500e-02 -7.14170852e-03
-5.45565463e-02 -2.84476186e-02 -7.11001130e-03
-5.45351230e-02 -2.84353922e-02 -7.07849599e-03
-5.45137311e-02 -2.84231706e-02 -7.04716124e-03
-5.44923705e-02 -2.84109537e-02 -7.01600571e-03
-5.44710411e-02 -2.83987414e-02 -6.98502805e-03
-5.44497426e-02 -2.83865339e-02 -6.95422694e-03
-5.44284748e-02 -2.83743310e-02 -6.92360109e-03
-5.44072375e-02 -2.83621328e-02 -6.89314923e-03
-5.43860305e-02 -2.83499395e-02 -6.86287014e-03
-5.43648535e-02 -2.83377511e-02 -6.83276262e-03
-5.43437062e-02 -2.83255678e-02 -6.80282553e-03
-5.43225883e-02 -2.83133898e-02 -6.77305776e-03
-5.43014995e-02 -2.83012171e-02 -6.74345827e-03
-5.42804394e-02 -2.82890500e-02 -6.71402606e-03
-5.42594076e-02 -2.82768887e-02 -6.68476020e-03
-5.42384037e-02 -2.82647335e-02 -6.65565981e-03
-5.42174274e-02 -2.82525845e-02 -6.62672406e-03
-5.41964781e-02 -2.82404420e-02 -6.59795221e-03
-5.41755554e-02 -2.82283063e-02 -6.56934356e-03
-5.41546587e-02 -2.82161776e-02 -6.54089748e-03
-5.41337876e-02 -2.82040561e-02 -6.51261339e-03
-5.41129416e-02 -2.81919421e-02 -6.48449078e-03
-5.40921200e-02 -2.81798360e-02 -6.45652920e-03
-5.40713223e-02 -2.81677378e-02 -6.42872824e-03
-5.40505480e-02 -2.81556478e-02 -6.40108756e-03
-5.40297964e-02 -2.81435663e-02 -6.37360684e-03
-5.40090668e-02 -2.81314935e-02 -6.34628585e-03
-5.39883588e-02 -2.81194295e-02 -6.31912434e-03
-5.39676716e-02 -2.81073745e-02 -6.29212214e-03
-5.39470046e-02 -2.80953288e-02 -6.26527909e-03
-5.39263572e-02 -2.80832924e-02 -6.23859505e-03
-5.39057287e-02 -2.80712655e-02 -6.21206990e-03
-5.38851184e-02 -2.80592482e-02 -6.18570351e-03
-5.38645258e-02 -2.80472406e-02 -6.15949578e-03
-5.38439501e-02 -2.80352428e-02 -6.13344659e-03
-5.38233908e-02 -2.80232547e-02 -6.10755581e-03
-5.38028472e-02 -2.80112765e-02 -6.08182327e-03
-5.37823186e-02 -2.79993081e-02 -6.05624880e-03
-5.37618046e-02 -2.79873496e-02 -6.03083218e-03
-5.37413044e-02 -2.79754008e-02 -6.00557314e-03
-5.37208176e-02 -2.79634618e-02 -5.98047138e-03
-5.37003435e-02 -2.79515325e-02 -5.95552652e-03
-5.36798816e-02 -2.79396128e-02 -5.93073813e-03
-5.36594314e-02 -2.79277026e-02 -5.90610571e-03
-5.36389925e-02 -2.79158017e-02 -5.88162866e-03
-5.36185642e-02 -2.79039101e-02 -5.85730634e-03
-5.35981463e-02 -2.78920276e-02 -5.83313798e-03
-5.35777382e-02 -2.78801540e-02 -5.80912274e-03
-5.35573396e-02 -2.78682892e-02 -5.78525967e-03
-5.35369501e-02 -2.78564330e-02 -5.76154773e-03
-5.35165694e-02 -2.78445853e-02 -5.73798577e-03
-5.34961972e-02 -2.78327458e-02 -5.71457255e-03
-5.34758332e-02 -2.78209144e-02 -5.69130669e-03
-5.34554772e-02 -2.78090908e-02 -5.66818673e-03
-5.34351289e-02 -2.77972750e-02 -5.64521109e-03
-5.34147883e-02 -2.77854667e-02 -5.62237807e-03
-5.33944551e-02 -2.77736658e-02 -5.59968589e-03
-5.33741293e-02 -2.77618721e-02 -5.57713264e-03
-5.33538107e-02 -2.77500854e-02 -5.55471632e-03
-5.33334993e-02 -2.77383056e-02 -5.53243483e-03
-5.33131951e-02 -2.77265325e-02 -5.51028597e-03
-5.32928981e-02 -2.77147661e-02 -5.48826745e-03
-5.32726084e-02 -2.77030061e-02 -5.46637690e-03
-5.32523259e-02 -2.76912525e-02 -5.44461188e-03
-5.32320509e-02 -2.76795053e-02 -5.42296986e-03
-5.32117833e-02 -2.76677643e-02 -5.40144825e-03
-5.31915234e-02 -2.76560295e-02 -5.38004444e-03
-5.31712713e-02 -2.76443008e-02 -5.35875573e-03
-5.31510273e-02 -2.76325783e-02 -5.33757940e-03
-5.31307914e-02 -2.76208619e-02 -5.31651272e-03
-5.31105639e-02 -2.76091516e-02 -5.29555291e-03
-5.30903452e-02 -2.75974476e-02 -5.27469722e-03
-5.30701353e-02 -2.75857497e-02 -5.25394289e-03
-5.30499347e-02 -2.75740582e-02 -5.23328718e-03
-5.30297435e-02 -2.75623731e-02 -5.21272737e-03
-5.30095621e-02 -2.75506945e-02 -5.19226080e-03
-5.29893908e-02 -2.75390225e-02 -5.17188484e-03
-5.29692298e-02 -2.75273573e-02 -5.15159694e-03
-5.29490796e-02 -2.75156990e-02 -5.13139462e-03
-5.29289404e-02 -2.75040478e-02 -5.11127550e-03
-5.29088125e-02 -2.74924039e-02 -5.09123729e-03
-5.28886962e-02 -2.74807674e-02 -5.07127780e-03
-5.28685920e-02 -2.74691385e-02 -5.05139498e-03
-5.28485000e-02 -2.74575175e-02 -5.03158691e-03
-5.28284207e-02 -2.74459046e-02 -5.01185181e-03
-5.28083543e-02 -2.74343000e-02 -4.99218807e-03
-5.27883010e-02 -2.74227040e-02 -4.97259421e-03
-5.27682614e-02 -2.74111167e-02 -4.95306895e-03
-5.27482355e-02 -2.73995385e-02 -4.93361118e-03
-5.27282237e-02 -2.73879695e-02 -4.91422000e-03
-5.27082262e-02 -2.73764100e-02 -4.89489466e-03
-5.26882434e-02 -2.73648603e-02 -4.87563467e-03
-5.26682754e-02 -2.73533205e-02 -4.85643970e-03
-5.26483225e-02 -2.73417910e-02 -4.83730967e-03
-5.26283848e-02 -2.73302719e-02 -4.81824470e-03
-5.26084627e-02 -2.73187635e-02 -4.79924512e-03
-5.25885563e-02 -2.73072660e-02 -4.78031151e-03
-5.25686657e-02 -2.72957796e-02 -4.76144466e-03
-5.25487911e-02 -2.72843044e-02 -4.74264559e-03
-5.25289327e-02 -2.72728408e-02 -4.72391556e-03
-5.25090906e-02 -2.72613889e-02 -4.70525602e-03
-5.24892649e-02 -2.72499488e-02 -4.68666870e-03
-5.24694557e-02 -2.72385207e-02 -4.66815549e-03
-5.24496631e-02 -2.72271048e-02 -4.64971856e-03
-5.24298872e-02 -2.72157012e-02 -4.63136025e-03
-5.24101279e-02 -2.72043099e-02 -4.61308314e-03
-5.23903855e-02 -2.71929312e-02 -4.59489000e-03
-5.23706599e-02 -2.71815651e-02 -4.57678380e-03
-5.23509510e-02 -2.71702117e-02 -4.55876771e-03
-5.23312591e-02 -2.71588710e-02 -4.54084509e-03
-5.23115839e-02 -2.71475432e-02 -4.52301946e-03
-5.22919256e-02 -2.71362281e-02 -4.50529453e-03
-5.22722841e-02 -2.71249260e-02 -4.48767415e-03
-5.22526593e-02 -2.71136367e-02 -4.47016235e-03
-5.22330514e-02 -2.71023603e-02 -4.45276326e-03
-5.22134601e-02 -2.70910968e-02 -4.43548119e-03
-5.21938855e-02 -2.70798462e-02 -4.41832052e-03
-5.21743275e-02 -2.70686083e-02 -4.40128578e-03
-5.21547861e-02 -2.70573833e-02 -4.38438158e-03
-5.21352612e-02 -2.70461710e-02 -4.36761262e-03
-5.21157527e-02 -2.70349713e-02 -4.35098368e-03
-5.20962607e-02 -2.70237843e-02 -4.33449961e-03
-5.20767850e-02 -2.70126098e-02 -4.31816530e-03
-5.20573256e-02 -2.70014477e-02 -4.30198570e-03
-5.20378824e-02 -2.69902980e-02 -4.28596579e-03
-5.20184554e-02 -2.69791607e-02 -4.27011057e-03
-5.19990446e-02 -2.69680355e-02 -4.25442505e-03
-5.19796498e-02 -2.69569224e-02 -4.23891424e-03
-5.19602712e-02 -2.69458214e-02 -4.22358316e-03
-5.19409085e-02 -2.69347323e-02 -4.20843678e-03
-5.19215619e-02 -2.69236551e-02 -4.19348009e-03
-5.19022312e-02 -2.69125897e-02 -4.17871800e-03
-5.18829165e-02 -2.69015360e-02 -4.16415540e-03
-5.18636178e-02 -2.68904939e-02 -4.14979714e-03
-5.18443350e-02 -2.68794633e-02 -4.13564800e-03
-5.18250682e-02 -2.68684443e-02 -4.12171269e-03
-5.18058173e-02 -2.68574367e-02 -4.10799587e-03
-5.17865824e-02 -2.68464405e-02 -4.09450211e-03
-5.17673636e-02 -2.68354558e-02 -4.08123591e-03
-5.17481608e-02 -2.68244823e-02 -4.06820170e-03
-5.17289740e-02 -2.68135202e-02 -4.05540380e-03
-5.17098034e-02 -2.68025694e-02 -4.04284647e-03
-5.16906490e-02 -2.67916300e-02 -4.03053386e-03
-5.16715108e-02 -2.67807019e-02 -4.01847004e-03
-5.16523889e-02 -2.67697852e-02 -4.00665898e-03
-5.16332833e-02 -2.67588800e-02 -3.99510458e-03
-5.16141942e-02 -2.67479862e-02 -3.98381064e-03
-5.15951216e-02 -2.67371041e-02 -3.97278087e-03
-5.15760656e-02 -2.67262336e-02 -3.96201890e-03
-5.15570262e-02 -2.67153748e-02 -3.95152827e-03
-5.15380035e-02 -2.67045280e-02 -3.94131245e-03
-5.15189977e-02 -2.66936931e-02 -3.93137483e-03
-5.15000087e-02 -2.66828704e-02 -3.92171874e-03
-5.14810367e-02 -2.66720600e-02 -3.91234742e-03
-5.14620818e-02 -2.66612620e-02 -3.90326408e-03
-5.14431439e-02 -2.66504767e-02 -3.89447186e-03
-5.14242232e-02 -2.66397042e-02 -3.88597385e-03
-5.14053198e-02 -2.66289448e-02 -3.87777310e-03
-5.13864337e-02 -2.66181986e-02 -3.86987262e-03
-5.13675649e-02 -2.66074658e-02 -3.86227542e-03
-5.13487135e-02 -2.65967468e-02 -3.85498446e-03
-5.13298795e-02 -2.65860417e-02 -3.84800268e-03
-5.13110630e-02 -2.65753507e-02 -3.84133305e-03
-5.12922640e-02 -2.65646743e-02 -3.83497852e-03
-5.12734824e-02 -2.65540125e-02 -3.82894204e-03
-5.12547183e-02 -2.65433657e-02 -3.82322660e-03
-5.12359716e-02 -2.65327342e-02 -3.81783521e-03
-5.12172423e-02 -2.65221182e-02 -3.81277090e-03
-5.11985304e-02 -2.65115180e-02 -3.80803674e-03
-5.11798358e-02 -2.65009339e-02 -3.80363588e-03
-5.11611585e-02 -2.64903663e-02 -3.79957148e-03
-5.11424983e-02 -2.64798153e-02 -3.79584679e-03
-5.11238551e-02 -2.64692812e-02 -3.79246512e-03
-5.11052288e-02 -2.64587644e-02 -3.78942984e-03
-5.10866192e-02 -2.64482652e-02 -3.78674444e-03
-5.10680263e-02 -2.64377837e-02 -3.78441244e-03
-5.10494498e-02 -2.64273204e-02 -3.78243749e-03
-5.10308895e-02 -2.64168754e-02 -3.78082332e-03
-5.10123452e-02 -2.64064491e-02 -3.77957375e-03
-5.09938167e-02 -2.63960416e-02 -3.77869271e-03
-5.09753038e-02 -2.63856534e-02 -3.77818423e-03
-5.09568061e-02 -2.63752846e-02 -3.77805246e-03
-5.09383234e-02 -2.63649354e-02 -3.77830164e-03
-5.09198553e-02 -2.63546061e-02 -3.77893611e-03
-5.09014016e-02 -2.63442969e-02 -3.77996033e-03
-5.08829618e-02 -2.63340081e-02 -3.78137888e-03
-5.08645357e-02 -2.63237398e-02 -3.78319643e-03
-5.08461228e-02 -2.63134923e-02 -3.78541776e-03
-5.08277228e-02 -2.63032658e-02 -3.78804773e-03
-5.08093352e-02 -2.62930603e-02 -3.79109134e-03
-5.07909597e-02 -2.62828762e-02 -3.79455366e-03
-5.07725956e-02 -2.62727135e-02 -3.79843984e-03
-5.07542427e-02 -2.62625724e-02 -3.80275513e-03
-5.07359003e-02 -2.62524531e-02 -3.80750485e-03
-5.07175681e-02 -2.62423557e-02 -3.81269441e-03
-5.06992455e-02 -2.62322802e-02 -3.81832926e-03
-5.06809319e-02 -2.62222269e-02 -3.82441491e-03
-5.06626269e-02 -2.62121958e-02 -3.83095693e-03
-5.06443299e-02 -2.62021870e-02 -3.83796092e-03
-5.06260403e-02 -2.61922006e-02 -3.84543250e-03
-5.06077575e-02 -2.61822366e-02 -3.85337731e-03
-5.05894811e-02 -2.61722953e-02 -3.86180101e-03
-5.05712103e-02 -2.61623765e-02 -3.87070922e-03
-5.05529446e-02 -2.61524804e-02 -3.88010758e-03
-5.05346834e-02 -2.61426070e-02 -3.89000167e-03
-5.05164261e-02 -2.61327564e-02 -3.90039703e-03
-5.04981721e-02 -2.61229286e-02 -3.91129915e-03
-5.04799206e-02 -2.61131237e-02 -3.92271344e-03
-5.04616712e-02 -2.61033417e-02 -3.93464521e-03
-5.04434232e-02 -2.60935825e-02 -3.94709967e-03
-5.04251759e-02 -2.60838464e-02 -3.96008193e-03
