0.00000000e+00 0.00000000e+00 0.00000000e+00
3.77356282e-10 -6.81339248e-11 -7.13412788e-10
4.66732118e-09 -9.69916572e-10 -8.80565354e-09
2.16796296e-08 -5.33140149e-09 -4.08149119e-08
5.90858748e-08 -1.82776498e-08 -1.11014970e-07
1.05590202e-07 -4.65588316e-08 -1.98200647e-07
1.08431848e-07 -9.61867342e-08 -2.04693064e-07
-4.24876885e-08 -1.69387014e-07 7.08638779e-08
-5.14364500e-07 -2.61892827e-07 9.29346445e-07
-1.51110213e-06 -3.61392606e-07 2.72892894e-06
-3.23485552e-06 -4.47523834e-07 5.80994274e-06
-5.83634818e-06 -4.93370640e-07 1.04008554e-05
-9.36328327e-06 -4.68098033e-07 1.65236792e-05
-1.37163504e-05 -3.40188890e-07 2.39168578e-05
-1.86207063e-05 -8.07346266e-08 3.19899883e-05
-2.36180814e-05 3.33672560e-07 3.98190850e-05
-2.80815310e-05 9.18740304e-07 4.61848722e-05
-3.12518657e-05 1.68109375e-06 4.96508960e-05
-3.22923373e-05 2.61768769e-06 4.86737562e-05
-3.03564363e-05 3.71588768e-06 4.17348140e-05
-2.46627073e-05 4.95404218e-06 2.74813554e-05
-1.45702826e-05 6.30236007e-06 4.86521656e-06
3.50775944e-07 7.72393467e-06 -2.67319759e-05
2.02593823e-05 9.17580067e-06 -6.73958685e-05
4.49974878e-05 1.06099622e-05 -1.16605271e-04
7.40609144e-05 1.19743765e-05 -1.73190834e-04
1.06588260e-04 1.32139125e-05 -2.35327963e-04
1.41367941e-04 1.42713221e-05 -3.00563157e-04
1.76862352e-04 1.50882655e-05 -3.65871033e-04
2.11247238e-04 1.56064267e-05 -4.27737793e-04
2.42463709e-04 1.57687310e-05 -4.82265852e-04
2.68279883e-04 1.55206643e-05 -5.25293691e-04
2.86358927e-04 1.48116632e-05 -5.52524774e-04
2.94330218e-04 1.35965336e-05 -5.59659513e-04
2.89860499e-04 1.18368375e-05 -5.42524628e-04
2.70722173e-04 9.50218429e-06 -4.97194895e-04
2.34856222e-04 6.57136077e-06 -4.20103074e-04
1.80427730e-04 3.03324097e-06 -3.08134647e-04
1.05872408e-04 -1.11257310e-06 -1.58704963e-04
9.93305872e-06 -5.85541464e-06 3.01827329e-05
-1.08314642e-04 -1.11735392e-05 2.59899044e-04
-2.49447188e-04 -1.70344396e-05 5.31169779e-04
-4.13688891e-04 -2.33954784e-05 8.44076126e-04
-6.00917517e-04 -3.02048148e-05 1.19807223e-03
-8.10679065e-04 -3.74025910e-05 1.59201834e-03
-1.04221058e-03 -4.49223386e-05 2.02422739e-03
-1.29446974e-03 -5.26925548e-05 2.49252256e-03
-1.56616990e-03 -6.06384005e-05 2.99430345e-03
-1.85581917e-03 -6.86834684e-05 3.52661836e-03
-2.16176221e-03 -7.67515704e-05 4.08624018e-03
-2.48222332e-03 -8.47684963e-05 4.66974384e-03
-2.81534971e-03 -9.26636986e-05 5.27358307e-03
-3.15925377e-03 -1.00371864e-04 5.89416486e-03
-3.51205337e-03 -1.07834331e-04 6.52791985e-03
-3.87190935e-03 -1.15000329e-04 7.17136758e-03
-4.23705955e-03 -1.21828008e-04 7.82117545e-03
-4.60584891e-03 -1.28285238e-04 8.47421074e-03
-4.97675514e-03 -1.34350170e-04 9.12758507e-03
-5.34840992e-03 -1.40011545e-04 9.77869124e-03
-5.71961542e-03 -1.45268750e-04 1.04252321e-02
-6.08935625e-03 -1.50131629e-04 1.10652420e-02
-6.45680696e-03 -1.54620057e-04 1.16971004e-02
-6.82133534e-03 -1.58763292e-04 1.23195388e-02
-7.18250181e-03 -1.62599131e-04 1.29316414e-02
-7.54005537e-03 -1.66172895e-04 1.35328387e-02
-7.89392630e-03 -1.69536274e-04 1.41228973e-02
-8.24421632e-03 -1.72746065e-04 1.47019039e-02
-8.59118646e-03 -1.75862848e-04 1.52702458e-02
-8.93524319e-03 -1.78949623e-04 1.58285877e-02
-9.27692321e-03 -1.82070463e-04 1.63778468e-02
-9.61687738e-03 -1.85289203e-04 1.69191648e-02
-9.95585412e-03 -1.88668211e-04 1.74538793e-02
-1.02946827e-02 -1.92267267e-04 1.79834942e-02
-1.06342566e-02 -1.96142576e-04 1.85096499e-02
-1.09755178e-02 -2.00345930e-04 1.90340938e-02
-1.13194411e-02 -2.04924046e-04 1.95586516e-02
-1.16670201e-02 -2.09918080e-04 2.00851998e-02
-1.20192537e-02 -2.15363319e-04 2.06156392e-02
-1.23771343e-02 -2.21289048e-04 2.11518709e-02
-1.27416371e-02 -2.27718593e-04 2.16957737e-02
-1.31137108e-02 -2.34669509e-04 2.22491840e-02
-1.34942694e-02 -2.42153907e-04 2.28138781e-02
-1.38841863e-02 -2.50178898e-04 2.33915564e-02
-1.42842884e-02 -2.58747117e-04 2.39838304e-02
-1.46953526e-02 -2.67857329e-04 2.45922125e-02
-1.51181027e-02 -2.77505053e-04 2.52181073e-02
-1.55532084e-02 -2.87683223e-04 2.58628060e-02
-1.60012839e-02 -2.98382825e-04 2.65274824e-02
-1.64628887e-02 -3.09593509e-04 2.72131915e-02
-1.69385285e-02 -3.21304161e-04 2.79208694e-02
-1.74286568e-02 -3.33503404e-04 2.86513355e-02
-1.79336773e-02 -3.46180035e-04 2.94052954e-02
-1.84539466e-02 -3.59323380e-04 3.01833461e-02
-1.89897771e-02 -3.72923568e-04 3.09859813e-02
-1.95414404e-02 -3.86971728e-04 3.18135985e-02
-2.01091707e-02 -4.01460102e-04 3.26665056e-02
-2.06931681e-02 -4.16382097e-04 3.35449293e-02
-2.12936024e-02 -4.31732269e-04 3.44490225e-02
-2.19106164e-02 -4.47506260e-04 3.53788731e-02
-2.25443291e-02 -4.63700694e-04 3.63345112e-02
-2.31948388e-02 -4.80313050e-04 3.73159177e-02
-2.38622262e-02 -4.97341516e-04 3.83230312e-02
-2.45465570e-02 -5.14784845e-04 3.93557552e-02
-2.52478845e-02 -5.32642212e-04 4.04139649e-02
-2.59662514e-02 -5.50913094e-04 4.14975129e-02
-2.67016923e-02 -5.69597167e-04 4.26062343e-02
-2.74542347e-02 -5.88694230e-04 4.37399518e-02
-2.82239013e-02 -6.08204168e-04 4.48984793e-02
-2.90107102e-02 -6.28126940e-04 4.60816252e-02
-2.98146765e-02 -6.48462596e-04 4.72891955e-02
-3.06358129e-02 -6.69211330e-04 4.85209949e-02
-3.14741298e-02 -6.90373548e-04 4.97768294e-02
-3.23296360e-02 -7.11949966e-04 5.10565060e-02
-3.32023388e-02 -7.33941705e-04 5.23598341e-02
-3.40922438e-02 -7.56350411e-04 5.36866246e-02
-3.49993547e-02 -7.79178358e-04 5.50366904e-02
-3.59236733e-02 -8.02428552e-04 5.64098446e-02
-3.68651989e-02 -8.26104821e-04 5.78059005e-02
-3.78239279e-02 -8.50211887e-04 5.92246697e-02
-3.87998531e-02 -8.74755410e-04 6.06659610e-02
-3.97929634e-02 -8.99742014e-04 6.21295789e-02
-4.08032430e-02 -9.25179276e-04 6.36153220e-02
-4.18306705e-02 -9.51075696e-04 6.51229816e-02
-4.28752188e-02 -9.77440629e-04 6.66523395e-02
-4.39368538e-02 -1.00428420e-03 6.82031674e-02
-4.50155340e-02 -1.03161718e-03 6.97752246e-02
-4.61112100e-02 -1.05945087e-03 7.13682566e-02
-4.72238233e-02 -1.08779693e-03 7.29819944e-02
-4.83533061e-02 -1.11666723e-03 7.46161524e-02
-4.94995804e-02 -1.14607368e-03 7.62704277e-02
-5.06625575e-02 -1.17602807e-03 7.79444988e-02
-5.18421377e-02 -1.20654189e-03 7.96380248e-02
-5.30382090e-02 -1.23762619e-03 8.13506443e-02
-5.42506474e-02 -1.26929143e-03 8.30819747e-02
-5.54793159e-02 -1.30154738e-03 8.48316113e-02
-5.67240645e-02 -1.33440299e-03 8.65991271e-02
-5.79847292e-02 -1.36786631e-03 8.83840716e-02
-5.92611323e-02 -1.40194448e-03 9.01859708e-02
-6.05530814e-02 -1.43664364e-03 9.20043268e-02
-6.18603698e-02 -1.47196895e-03 9.38386170e-02
-6.31827756e-02 -1.50792462e-03 9.56882942e-02
-6.45200619e-02 -1.54451390e-03 9.75527862e-02
-6.58719765e-02 -1.58173919e-03 9.94314957e-02
-6.72382516e-02 -1.61960207e-03 1.01323800e-01
-6.86186038e-02 -1.65810343e-03 1.03229051e-01
-7.00127339e-02 -1.69724348e-03 1.05146574e-01
-7.14203271e-02 -1.73702193e-03 1.07075672e-01
-7.28410524e-02 -1.77743806e-03 1.09015620e-01
-7.42745632e-02 -1.81849080e-03 1.10965667e-01
-7.57204968e-02 -1.86017884e-03 1.12925039e-01
-7.71784748e-02 -1.90250072e-03 1.14892936e-01
-7.86481027e-02 -1.94545490e-03 1.16868533e-01
-8.01289704e-02 -1.98903982e-03 1.18850981e-01
-8.16206520e-02 -2.03325398e-03 1.20839406e-01
-8.31227061e-02 -2.07809596e-03 1.22832911e-01
-8.46346756e-02 -2.12356443e-03 1.24830574e-01
-8.61560882e-02 -2.16965822e-03 1.26831453e-01
-8.76864564e-02 -2.21637626e-03 1.28834579e-01
-8.92252774e-02 -2.26371764e-03 1.30838965e-01
-9.07720338e-02 -2.31168153e-03 1.32843601e-01
-9.23261933e-02 -2.36026717e-03 1.34847454e-01
-9.38872092e-02 -2.40947388e-03 1.36849474e-01
-9.54545206e-02 -2.45930096e-03 1.38848590e-01
-9.70275526e-02 -2.50974770e-03 1.40843710e-01
-9.86057163e-02 -2.56081331e-03 1.42833727e-01
-1.00188410e-01 -2.61249688e-03 1.44817514e-01
-1.01775017e-01 -2.66479737e-03 1.46793927e-01
-1.03364911e-01 -2.71771354e-03 1.48761807e-01
-1.04957450e-01 -2.77124394e-03 1.50719980e-01
-1.06551981e-01 -2.82538688e-03 1.52667256e-01
-1.08147840e-01 -2.88014039e-03 1.54602431e-01
-1.09744349e-01 -2.93550225e-03 1.56524291e-01
-1.11340822e-01 -2.99146993e-03 1.58431606e-01
-1.12936560e-01 -3.04804065e-03 1.60323139e-01
-1.14530855e-01 -3.10521129e-03 1.62197639e-01
-1.16122988e-01 -3.16297851e-03 1.64053848e-01
-1.17712232e-01 -3.22133868e-03 1.65890500e-01
-1.19297850e-01 -3.28028791e-03 1.67706319e-01
-1.20879098e-01 -3.33982209e-03 1.69500026e-01
-1.22455222e-01 -3.39993691e-03 1.71270334e-01
-1.24025462e-01 -3.46062784e-03 1.73015953e-01
-1.25589052e-01 -3.52189019e-03 1.74735590e-01
-1.27145217e-01 -3.58371912e-03 1.76427948e-01
-1.28693178e-01 -3.64610965e-03 1.78091732e-01
-1.30232152e-01 -3.70905668e-03 1.79725644e-01
-1.31761350e-01 -3.77255499e-03 1.81328389e-01
-1.33279979e-01 -3.83659928e-03 1.82898674e-01
-1.34787242e-01 -3.90118416e-03 1.84435208e-01
-1.36282342e-01 -3.96630414e-03 1.85936708e-01
-1.37764478e-01 -4.03195368e-03 1.87401894e-01
-1.39232848e-01 -4.09812713e-03 1.88829495e-01
-1.40686650e-01 -4.16481879e-03 1.90218246e-01
-1.42125080e-01 -4.23202286e-03 1.91566895e-01
-1.43547337e-01 -4.29973345e-03 1.92874199e-01
-1.44952621e-01 -4.36794460e-03 1.94138927e-01
-1.46340134e-01 -4.43665023e-03 1.95359862e-01
-1.47709079e-01 -4.50584417e-03 1.96535803e-01
-1.49058666e-01 -4.57552013e-03 1.97665563e-01
-1.50388106e-01 -4.64567173e-03 1.98747973e-01
-1.51696617e-01 -4.71629246e-03 1.99781883e-01
-1.52983423e-01 -4.78737570e-03 2.00766163e-01
-1.54247753e-01 -4.85891470e-03 2.01699705e-01
-1.55488844e-01 -4.93090260e-03 2.02581422e-01
-1.56705940e-01 -5.00333244e-03 2.03410252e-01
-1.57898296e-01 -5.07619712e-03 2.04185156e-01
-1.59065175e-01 -5.14948947e-03 2.04905124e-01
-1.60205850e-01 -5.22320219e-03 2.05569171e-01
-1.61319604e-01 -5.29732791e-03 2.06176342e-01
-1.62405734e-01 -5.37185918e-03 2.06725712e-01
-1.63463547e-01 -5.44678848e-03 2.07216386e-01
-1.64492364e-01 -5.52210821e-03 2.07647502e-01
-1.65491521e-01 -5.59781074e-03 2.08018231e-01
-1.66460367e-01 -5.67388840e-03 2.08327778e-01
-1.67398265e-01 -5.75033347e-03 2.08575383e-01
-1.68304596e-01 -5.82713825e-03 2.08760323e-01
-1.69178757e-01 -5.90429498e-03 2.08881913e-01
-1.70020161e-01 -5.98179593e-03 2.08939506e-01
-1.70828239e-01 -6.05963338e-03 2.08932492e-01
-1.71602442e-01 -6.13779959e-03 2.08860305e-01
-1.72342237e-01 -6.21628686e-03 2.08722418e-01
-1.73047114e-01 -6.29508752e-03 2.08518345e-01
-1.73716580e-01 -6.37419388e-03 2.08247644e-01
-1.74350164e-01 -6.45359833e-03 2.07909917e-01
-1.74947418e-01 -6.53329325e-03 2.07504809e-01
-1.75507912e-01 -6.61327107e-03 2.07032008e-01
-1.76031242e-01 -6.69352424e-03 2.06491252e-01
-1.76517024e-01 -6.77404524e-03 2.05882321e-01
-1.76964898e-01 -6.85482658e-03 2.05205043e-01
-1.77374528e-01 -6.93586079e-03 2.04459292e-01
-1.77745602e-01 -7.01714044e-03 2.03644991e-01
-1.78077832e-01 -7.09865811e-03 2.02762109e-01
-1.78370955e-01 -7.18040643e-03 2.01810665e-01
-1.78624733e-01 -7.26237803e-03 2.00790724e-01
-1.78838954e-01 -7.34456557e-03 1.99702403e-01
-1.79013430e-01 -7.42696175e-03 1.98545864e-01
-1.79148000e-01 -7.50955926e-03 1.97321320e-01
-1.79242531e-01 -7.59235087e-03 1.96029033e-01
-1.79296914e-01 -7.67532933e-03 1.94669314e-01
-1.79311066e-01 -7.75848743e-03 1.93242522e-01
-1.79284934e-01 -7.84181801e-03 1.91749066e-01
-1.79218489e-01 -7.92531392e-03 1.90189403e-01
-1.79111729e-01 -8.00896806e-03 1.88564040e-01
-1.78964682e-01 -8.09277336e-03 1.86873529e-01
-1.78777399e-01 -8.17672278e-03 1.85118474e-01
-1.78549961e-01 -8.26080934e-03 1.83299525e-01
-1.78282474e-01 -8.34502610e-03 1.81417378e-01
-1.77975074e-01 -8.42936616e-03 1.79472777e-01
-1.77627919e-01 -8.51382265e-03 1.77466512e-01
-1.77241200e-01 -8.59838878e-03 1.75399420e-01
-1.76815128e-01 -8.68305780e-03 1.73272380e-01
-1.76349947e-01 -8.76782300e-03 1.71086318e-01
-1.75845922e-01 -8.85267773e-03 1.68842203e-01
-1.75303347e-01 -8.93761538e-03 1.66541046e-01
-1.74722542e-01 -9.02262940e-03 1.64183901e-01
-1.74103850e-01 -9.10771329e-03 1.61771864e-01
-1.73447642e-01 -9.19286060e-03 1.59306068e-01
-1.72754312e-01 -9.27806492e-03 1.56787689e-01
-1.72024281e-01 -9.36331988e-03 1.54217940e-01
-1.71257990e-01 -9.44861918e-03 1.51598070e-01
-1.70455909e-01 -9.53395654e-03 1.48929366e-01
-1.69618526e-01 -9.61932572e-03 1.46213148e-01
-1.68746356e-01 -9.70472053e-03 1.43450773e-01
-1.67839935e-01 -9.79013481e-03 1.40643628e-01
-1.66899819e-01 -9.87556243e-03 1.37793131e-01
-1.65926589e-01 -9.96099731e-03 1.34900733e-01
-1.64920844e-01 -1.00464334e-02 1.31967912e-01
-1.63883203e-01 -1.01318646e-02 1.28996172e-01
-1.62814306e-01 -1.02172850e-02 1.25987047e-01
-1.61714812e-01 -1.03026885e-02 1.22942092e-01
-1.60585398e-01 -1.03880692e-02 1.19862887e-01
-1.59426758e-01 -1.04734212e-02 1.16751035e-01
-1.58239604e-01 -1.05587386e-02 1.13608156e-01
-1.57024663e-01 -1.06440154e-02 1.10435893e-01
-1.55782680e-01 -1.07292457e-02 1.07235903e-01
-1.54514412e-01 -1.08144238e-02 1.04009861e-01
-1.53220633e-01 -1.08995437e-02 1.00759456e-01
-1.51902128e-01 -1.09845996e-02 9.74863884e-02
-1.50559696e-01 -1.10695858e-02 9.41923717e-02
-1.49194148e-01 -1.11544963e-02 9.08791280e-02
-1.47806305e-01 -1.12393255e-02 8.75483878e-02
-1.46397001e-01 -1.13240674e-02 8.42018881e-02
-1.44967077e-01 -1.14087165e-02 8.08413710e-02
-1.43517383e-01 -1.14932668e-02 7.74685818e-02
-1.42048779e-01 -1.15777127e-02 7.40852675e-02
-1.40562129e-01 -1.16620484e-02 7.06931757e-02
-1.39058307e-01 -1.17462682e-02 6.72940523e-02
-1.37538189e-01 -1.18303663e-02 6.38896405e-02
-1.36002660e-01 -1.19143371e-02 6.04816790e-02
-1.34452604e-01 -1.19981748e-02 5.70719007e-02
-1.32888912e-01 -1.20818737e-02 5.36620308e-02
-1.31312475e-01 -1.21654281e-02 5.02537856e-02
-1.29724188e-01 -1.22488323e-02 4.68488709e-02
-1.28124944e-01 -1.23320806e-02 4.34489806e-02
-1.26515637e-01 -1.24151674e-02 4.00557953e-02
-1.24897162e-01 -1.24980868e-02 3.66709805e-02
-1.23270408e-01 -1.25808333e-02 3.32961858e-02
-1.21636267e-01 -1.26634010e-02 2.99330432e-02
-1.19995623e-01 -1.27457844e-02 2.65831656e-02
-1.18349359e-01 -1.28279778e-02 2.32481459e-02
-1.16698353e-01 -1.29099753e-02 1.99295553e-02
-1.15043476e-01 -1.29917714e-02 1.66289424e-02
-1.13385595e-01 -1.30733603e-02 1.33478317e-02
-1.11725567e-01 -1.31547364e-02 1.00877228e-02
-1.10064246e-01 -1.32358940e-02 6.85008864e-03
-1.08402474e-01 -1.33168273e-02 3.63637507e-03
-1.06741086e-01 -1.33975307e-02 4.47999337e-04
-1.05080906e-01 -1.34779986e-02 -2.71365075e-03
-1.03422749e-01 -1.35582252e-02 -5.84721788e-03
-1.01767420e-01 -1.36382048e-02 -8.95137615e-03
-1.00115710e-01 -1.37179319e-02 -1.20248320e-02
-9.84684013e-02 -1.37974008e-02 -1.50663250e-02
-9.68262609e-02 -1.38766057e-02 -1.80746288e-02
-9.51900442e-02 -1.39555412e-02 -2.10485517e-02
-9.35604928e-02 -1.40342016e-02 -2.39869376e-02
-9.19383341e-02 -1.41125813e-02 -2.68886666e-02
-9.03242811e-02 -1.41906747e-02 -2.97526554e-02
-8.87190318e-02 -1.42684762e-02 -3.25778583e-02
-8.71232688e-02 -1.43459804e-02 -3.53632674e-02
-8.55376586e-02 -1.44231817e-02 -3.81079134e-02
-8.39628518e-02 -1.45000745e-02 -4.08108657e-02
-8.23994823e-02 -1.45766536e-02 -4.34712331e-02
-8.08481671e-02 -1.46529133e-02 -4.60881638e-02
-7.93095058e-02 -1.47288483e-02 -4.86608461e-02
-7.77840807e-02 -1.48044532e-02 -5.11885086e-02
-7.62724561e-02 -1.48797228e-02 -5.36704202e-02
-7.47751782e-02 -1.49546515e-02 -5.61058901e-02
-7.32927751e-02 -1.50292343e-02 -5.84942686e-02
-7.18257560e-02 -1.51034659e-02 -6.08349466e-02
-7.03746119e-02 -1.51773411e-02 -6.31273556e-02
-6.89398145e-02 -1.52508547e-02 -6.53709682e-02
-6.75218169e-02 -1.53240016e-02 -6.75652975e-02
-6.61210527e-02 -1.53967769e-02 -6.97098972e-02
-6.47379366e-02 -1.54691755e-02 -7.18043615e-02
-6.33728639e-02 -1.55411924e-02 -7.38483250e-02
-6.20262106e-02 -1.56128229e-02 -7.58414621e-02
-6.06983335e-02 -1.56840620e-02 -7.77834871e-02
-5.93895697e-02 -1.57549050e-02 -7.96741539e-02
-5.81002374e-02 -1.58253472e-02 -8.15132553e-02
-5.68306352e-02 -1.58953840e-02 -8.33006229e-02
-5.55810426e-02 -1.59650107e-02 -8.50361267e-02
-5.43517200e-02 -1.60342229e-02 -8.67196745e-02
-5.31429085e-02 -1.61030161e-02 -8.83512114e-02
-5.19548305e-02 -1.61713860e-02 -8.99307195e-02
-5.07876895e-02 -1.62393283e-02 -9.14582171e-02
-4.96416703e-02 -1.63068387e-02 -9.29337582e-02
-4.85169393e-02 -1.63739133e-02 -9.43574320e-02
-4.74136446e-02 -1.64405478e-02 -9.57293619e-02
-4.63319161e-02 -1.65067383e-02 -9.70497053e-02
-4.52718660e-02 -1.65724810e-02 -9.83186528e-02
-4.42335886e-02 -1.66377721e-02 -9.95364269e-02
-4.32171610e-02 -1.67026078e-02 -1.00703282e-01
-4.22226433e-02 -1.67669846e-02 -1.01819504e-01
-4.12500785e-02 -1.68308989e-02 -1.02885408e-01
-4.02994931e-02 -1.68943473e-02 -1.03901338e-01
-3.93708975e-02 -1.69573265e-02 -1.04867668e-01
-3.84642860e-02 -1.70198332e-02 -1.05784798e-01
-3.75796374e-02 -1.70818643e-02 -1.06653156e-01
-3.67169152e-02 -1.71434167e-02 -1.07473195e-01
-3.58760679e-02 -1.72044876e-02 -1.08245393e-01
-3.50570296e-02 -1.72650740e-02 -1.08970254e-01
-3.42597200e-02 -1.73251732e-02 -1.09648303e-01
-3.34840452e-02 -1.73847826e-02 -1.10280087e-01
-3.27298977e-02 -1.74438997e-02 -1.10866177e-01
-3.19971568e-02 -1.75025220e-02 -1.11407163e-01
-3.12856895e-02 -1.75606472e-02 -1.11903654e-01
-3.05953503e-02 -1.76182732e-02 -1.12356278e-01
-2.99259818e-02 -1.76753977e-02 -1.12765682e-01
-2.92774152e-02 -1.77320188e-02 -1.13132528e-01
-2.86494707e-02 -1.77881346e-02 -1.13457495e-01
-2.80419578e-02 -1.78437433e-02 -1.13741277e-01
-2.74546758e-02 -1.78988432e-02 -1.13984580e-01
-2.68874143e-02 -1.79534327e-02 -1.14188127e-01
-2.63399533e-02 -1.80075105e-02 -1.14352650e-01
-2.58120640e-02 -1.80610750e-02 -1.14478894e-01
-2.53035090e-02 -1.81141252e-02 -1.14567612e-01
-2.48140429e-02 -1.81666598e-02 -1.14619569e-01
-2.43434124e-02 -1.82186777e-02 -1.14635538e-01
-2.38913570e-02 -1.82701782e-02 -1.14616300e-01
-2.34576095e-02 -1.83211603e-02 -1.14562642e-01
-2.30418959e-02 -1.83716234e-02 -1.14475356e-01
-2.26439364e-02 -1.84215667e-02 -1.14355243e-01
-2.22634454e-02 -1.84709899e-02 -1.14203105e-01
-2.19001323e-02 -1.85198926e-02 -1.14019749e-01
-2.15537014e-02 -1.85682743e-02 -1.13805984e-01
-2.12238526e-02 -1.86161350e-02 -1.13562621e-01
-2.09102819e-02 -1.86634745e-02 -1.13290473e-01
-2.06126814e-02 -1.87102928e-02 -1.12990353e-01
-2.03307400e-02 -1.87565902e-02 -1.12663075e-01
-2.00641438e-02 -1.88023666e-02 -1.12309450e-01
-1.98125760e-02 -1.88476225e-02 -1.11930288e-01
-1.95757179e-02 -1.88923583e-02 -1.11526398e-01
-1.93532487e-02 -1.89365744e-02 -1.11098584e-01
-1.91448464e-02 -1.89802715e-02 -1.10647647e-01
-1.89501874e-02 -1.90234502e-02 -1.10174386e-01
-1.87689476e-02 -1.90661112e-02 -1.09679593e-01
-1.86008022e-02 -1.91082555e-02 -1.09164054e-01
-1.84454261e-02 -1.91498840e-02 -1.08628550e-01
-1.83024945e-02 -1.91909977e-02 -1.08073857e-01
-1.81716828e-02 -1.92315977e-02 -1.07500742e-01
-1.80526671e-02 -1.92716852e-02 -1.06909965e-01
-1.79451244e-02 -1.93112616e-02 -1.06302278e-01
-1.78487331e-02 -1.93503281e-02 -1.05678425e-01
-1.77631727e-02 -1.93888863e-02 -1.05039141e-01
-1.76881248e-02 -1.94269376e-02 -1.04385152e-01
-1.76232726e-02 -1.94644835e-02 -1.03717174e-01
-1.75683018e-02 -1.95015259e-02 -1.03035912e-01
-1.75229004e-02 -1.95380664e-02 -1.02342064e-01
-1.74867589e-02 -1.95741067e-02 -1.01636314e-01
-1.74595707e-02 -1.96096489e-02 -1.00919336e-01
-1.74410323e-02 -1.96446947e-02 -1.00191793e-01
-1.74308434e-02 -1.96792463e-02 -9.94543372e-02
-1.74287069e-02 -1.97133056e-02 -9.87076075e-02
-1.74343294e-02 -1.97468748e-02 -9.79522320e-02
-1.74474213e-02 -1.97799561e-02 -9.71888261e-02
-1.74676966e-02 -1.98125517e-02 -9.64179931e-02
-1.74948735e-02 -1.98446639e-02 -9.56403237e-02
-1.75286743e-02 -1.98762949e-02 -9.48563957e-02
-1.75688255e-02 -1.99074474e-02 -9.40667745e-02
-1.76150580e-02 -1.99381235e-02 -9.32720122e-02
-1.76671071e-02 -1.99683260e-02 -9.24726482e-02
-1.77247128e-02 -1.99980572e-02 -9.16692084e-02
-1.77876196e-02 -2.00273197e-02 -9.08622060e-02
-1.78555770e-02 -2.00561163e-02 -9.00521406e-02
-1.79283389e-02 -2.00844495e-02 -8.92394989e-02
-1.80056645e-02 -2.01123220e-02 -8.84247540e-02
-1.80873177e-02 -2.01397366e-02 -8.76083660e-02
-1.81730674e-02 -2.01666961e-02 -8.67907818e-02
-1.82626877e-02 -2.01932031e-02 -8.59724348e-02
-1.83559575e-02 -2.02192607e-02 -8.51537455e-02
-1.84526609e-02 -2.02448716e-02 -8.43351210e-02
-1.85525874e-02 -2.02700387e-02 -8.35169557e-02
-1.86555312e-02 -2.02947650e-02 -8.26996308e-02
-1.87612918e-02 -2.03190533e-02 -8.18835146e-02
-1.88696741e-02 -2.03429067e-02 -8.10689626e-02
-1.89804877e-02 -2.03663282e-02 -8.02563177e-02
-1.90935477e-02 -2.03893207e-02 -7.94459102e-02
-1.92086743e-02 -2.04118873e-02 -7.86380580e-02
-1.93256925e-02 -2.04340310e-02 -7.78330667e-02
-1.94444328e-02 -2.04557548e-02 -7.70312296e-02
-1.95647304e-02 -2.04770620e-02 -7.62328282e-02
-1.96864259e-02 -2.04979555e-02 -7.54381321e-02
-1.98093645e-02 -2.05184384e-02 -7.46473992e-02
-1.99333966e-02 -2.05385139e-02 -7.38608759e-02
-2.00583774e-02 -2.05581850e-02 -7.30787974e-02
-2.01841671e-02 -2.05774550e-02 -7.23013877e-02
-2.03106305e-02 -2.05963269e-02 -7.15288598e-02
-2.04376372e-02 -2.06148039e-02 -7.07614162e-02
-2.05650617e-02 -2.06328891e-02 -6.99992486e-02
-2.06927828e-02 -2.06505857e-02 -6.92425386e-02
-2.08206841e-02 -2.06678968e-02 -6.84914576e-02
-2.09486536e-02 -2.06848256e-02 -6.77461671e-02
-2.10765837e-02 -2.07013752e-02 -6.70068189e-02
-2.12043713e-02 -2.07175488e-02 -6.62735554e-02
-2.13319173e-02 -2.07333496e-02 -6.55465097e-02
-2.14591272e-02 -2.07487806e-02 -6.48258060e-02
-2.15859102e-02 -2.07638450e-02 -6.41115594e-02
-2.17121798e-02 -2.07785461e-02 -6.34038768e-02
-2.18378534e-02 -2.07928868e-02 -6.27028566e-02
-2.19628524e-02 -2.08068703e-02 -6.20085891e-02
-2.20871018e-02 -2.08204998e-02 -6.13211566e-02
-2.22105303e-02 -2.08337784e-02 -6.06406338e-02
-2.23330706e-02 -2.08467092e-02 -5.99670881e-02
-2.24546585e-02 -2.08592952e-02 -5.93005795e-02
-2.25752335e-02 -2.08715396e-02 -5.86411611e-02
-2.26947384e-02 -2.08834454e-02 -5.79888792e-02
-2.28131194e-02 -2.08950157e-02 -5.73437735e-02
-2.29303257e-02 -2.09062536e-02 -5.67058775e-02
-2.30463097e-02 -2.09171621e-02 -5.60752185e-02
-2.31610271e-02 -2.09277442e-02 -5.54518180e-02
-2.32744360e-02 -2.09380030e-02 -5.48356916e-02
-2.33864978e-02 -2.09479414e-02 -5.42268496e-02
-2.34971766e-02 -2.09575625e-02 -5.36252971e-02
-2.36064390e-02 -2.09668691e-02 -5.30310340e-02
-2.37142543e-02 -2.09758644e-02 -5.24440555e-02
-2.38205944e-02 -2.09845512e-02 -5.18643519e-02
-2.39254336e-02 -2.09929325e-02 -5.12919094e-02
-2.40287485e-02 -2.10010111e-02 -5.07267095e-02
-2.41305180e-02 -2.10087900e-02 -5.01687300e-02
-2.42307231e-02 -2.10162721e-02 -4.96179446e-02
-2.43293472e-02 -2.10234601e-02 -4.90743235e-02
-2.44263754e-02 -2.10303570e-02 -4.85378331e-02
-2.45217949e-02 -2.10369656e-02 -4.80084367e-02
-2.46155948e-02 -2.10432887e-02 -4.74860942e-02
-2.47077660e-02 -2.10493291e-02 -4.69707627e-02
-2.47983011e-02 -2.10550896e-02 -4.64623963e-02
-2.48871945e-02 -2.10605728e-02 -4.59609465e-02
-2.49744419e-02 -2.10657817e-02 -4.54663623e-02
-2.50600409e-02 -2.10707188e-02 -4.49785901e-02
-2.51439902e-02 -2.10753869e-02 -4.44975744e-02
-2.52262902e-02 -2.10797886e-02 -4.40232574e-02
-2.53069424e-02 -2.10839267e-02 -4.35555793e-02
-2.53859497e-02 -2.10878037e-02 -4.30944787e-02
-2.54633161e-02 -2.10914223e-02 -4.26398923e-02
-2.55390468e-02 -2.10947851e-02 -4.21917555e-02
-2.56131480e-02 -2.10978947e-02 -4.17500019e-02
-2.56856271e-02 -2.11007536e-02 -4.13145642e-02
-2.57564923e-02 -2.11033643e-02 -4.08853736e-02
-2.58257529e-02 -2.11057295e-02 -4.04623605e-02
-2.58934187e-02 -2.11078516e-02 -4.00454539e-02
-2.59595008e-02 -2.11097331e-02 -3.96345825e-02
-2.60240107e-02 -2.11113764e-02 -3.92296737e-02
-2.60869607e-02 -2.11127841e-02 -3.88306545e-02
-2.61483639e-02 -2.11139585e-02 -3.84374514e-02
-2.62082339e-02 -2.11149020e-02 -3.80499901e-02
-2.62665848e-02 -2.11156170e-02 -3.76681962e-02
-2.63234315e-02 -2.11161059e-02 -3.72919949e-02
-2.63787890e-02 -2.11163710e-02 -3.69213109e-02
-2.64326732e-02 -2.11164147e-02 -3.65560692e-02
-2.64851002e-02 -2.11162393e-02 -3.61961943e-02
-2.65360864e-02 -2.11158470e-02 -3.58416109e-02
-2.65856487e-02 -2.11152401e-02 -3.54922435e-02
-2.66338042e-02 -2.11144209e-02 -3.51480171e-02
-2.66805704e-02 -2.11133916e-02 -3.48088565e-02
-2.67259649e-02 -2.11121544e-02 -3.44746868e-02
-2.67700058e-02 -2.11107114e-02 -3.41454334e-02
-2.68127110e-02 -2.11090650e-02 -3.38210221e-02
-2.68540989e-02 -2.11072171e-02 -3.35013789e-02
-2.68941879e-02 -2.11051700e-02 -3.31864304e-02
-2.69329965e-02 -2.11029257e-02 -3.28761035e-02
-2.69705433e-02 -2.11004864e-02 -3.25703256e-02
-2.70068470e-02 -2.10978541e-02 -3.22690248e-02
-2.70419263e-02 -2.10950309e-02 -3.19721295e-02
-2.70758001e-02 -2.10920188e-02 -3.16795690e-02
-2.71084870e-02 -2.10888198e-02 -3.13912730e-02
-2.71400058e-02 -2.10854359e-02 -3.11071720e-02
-2.71703753e-02 -2.10818692e-02 -3.08271970e-02
-2.71996141e-02 -2.10781215e-02 -3.05512800e-02
-2.72277408e-02 -2.10741949e-02 -3.02793534e-02
-2.72547741e-02 -2.10700912e-02 -3.00113506e-02
-2.72807323e-02 -2.10658124e-02 -2.97472056e-02
-2.73056339e-02 -2.10613603e-02 -2.94868533e-02
-2.73294969e-02 -2.10567368e-02 -2.92302295e-02
-2.73523397e-02 -2.10519438e-02 -2.89772705e-02
-2.73741801e-02 -2.10469832e-02 -2.87279137e-02
-2.73950360e-02 -2.10418566e-02 -2.84820972e-02
-2.74149251e-02 -2.10365660e-02 -2.82397600e-02
-2.74338648e-02 -2.10311132e-02 -2.80008420e-02
-2.74518726e-02 -2.10254998e-02 -2.77652839e-02
-2.74689656e-02 -2.10197277e-02 -2.75330272e-02
-2.74851607e-02 -2.10137985e-02 -2.73040144e-02
-2.75004748e-02 -2.10077141e-02 -2.70781889e-02
-2.75149244e-02 -2.10014760e-02 -2.68554947e-02
-2.75285260e-02 -2.09950861e-02 -2.66358770e-02
-2.75412957e-02 -2.09885459e-02 -2.64192817e-02
-2.75532495e-02 -2.09818571e-02 -2.62056555e-02
-2.75644031e-02 -2.09750214e-02 -2.59949463e-02
-2.75747722e-02 -2.09680404e-02 -2.57871026e-02
-2.75843720e-02 -2.09609156e-02 -2.55820737e-02
-2.75932176e-02 -2.09536487e-02 -2.53798100e-02
-2.76013239e-02 -2.09462413e-02 -2.51802625e-02
-2.76087056e-02 -2.09386948e-02 -2.49833834e-02
-2.76153771e-02 -2.09310109e-02 -2.47891253e-02
-2.76213526e-02 -2.09231911e-02 -2.45974421e-02
-2.76266461e-02 -2.09152369e-02 -2.44082881e-02
-2.76312713e-02 -2.09071498e-02 -2.42216188e-02
-2.76352417e-02 -2.08989312e-02 -2.40373903e-02
-2.76385706e-02 -2.08905828e-02 -2.38555594e-02
-2.76412712e-02 -2.08821058e-02 -2.36760841e-02
-2.76433562e-02 -2.08735017e-02 -2.34989228e-02
-2.76448382e-02 -2.08647720e-02 -2.33240349e-02
-2.76457297e-02 -2.08559182e-02 -2.31513804e-02
-2.76460428e-02 -2.08469415e-02 -2.29809202e-02
-2.76457895e-02 -2.08378433e-02 -2.28126159e-02
-2.76449815e-02 -2.08286251e-02 -2.26464298e-02
-2.76436303e-02 -2.08192883e-02 -2.24823251e-02
-2.76417472e-02 -2.08098340e-02 -2.23202655e-02
-2.76393432e-02 -2.08002637e-02 -2.21602156e-02
-2.76364294e-02 -2.07905787e-02 -2.20021405e-02
-2.76330162e-02 -2.07807804e-02 -2.18460062e-02
-2.76291143e-02 -2.07708699e-02 -2.16917791e-02
-2.76247338e-02 -2.07608485e-02 -2.15394265e-02
-2.76198847e-02 -2.07507176e-02 -2.13889164e-02
-2.76145771e-02 -2.07404784e-02 -2.12402172e-02
-2.76088204e-02 -2.07301321e-02 -2.10932980e-02
-2.76026242e-02 -2.07196800e-02 -2.09481288e-02
-2.75959977e-02 -2.07091232e-02 -2.08046797e-02
-2.75889501e-02 -2.06984630e-02 -2.06629219e-02
-2.75814903e-02 -2.06877006e-02 -2.05228269e-02
-2.75736269e-02 -2.06768371e-02 -2.03843669e-02
-2.75653685e-02 -2.06658737e-02 -2.02475144e-02
-2.75567235e-02 -2.06548116e-02 -2.01122429e-02
-2.75477001e-02 -2.06436519e-02 -1.99785261e-02
-2.75383062e-02 -2.06323958e-02 -1.98463384e-02
-2.75285499e-02 -2.06210444e-02 -1.97156546e-02
-2.75184387e-02 -2.06095987e-02 -1.95864500e-02
-2.75079803e-02 -2.05980599e-02 -1.94587006e-02
-2.74971819e-02 -2.05864290e-02 -1.93323827e-02
-2.74860508e-02 -2.05747073e-02 -1.92074731e-02
-2.74745941e-02 -2.05628956e-02 -1.90839492e-02
-2.74628187e-02 -2.05509951e-02 -1.89617888e-02
-2.74507315e-02 -2.05390068e-02 -1.88409700e-02
-2.74383389e-02 -2.05269318e-02 -1.87214715e-02
-2.74256476e-02 -2.05147710e-02 -1.86032725e-02
-2.74126638e-02 -2.05025255e-02 -1.84863524e-02
-2.73993939e-02 -2.04901964e-02 -1.83706912e-02
-2.73858439e-02 -2.04777845e-02 -1.82562691e-02
-2.73720197e-02 -2.04652908e-02 -1.81430671e-02
-2.73579273e-02 -2.04527165e-02 -1.80310660e-02
-2.73435723e-02 -2.04400623e-02 -1.79202476e-02
-2.73289603e-02 -2.04273293e-02 -1.78105936e-02
-2.73140968e-02 -2.04145184e-02 -1.77020862e-02
-2.72989872e-02 -2.04016306e-02 -1.75947081e-02
-2.72836367e-02 -2.03886667e-02 -1.74884421e-02
-2.72680504e-02 -2.03756278e-02 -1.73832716e-02
-2.72522334e-02 -2.03625146e-02 -1.72791801e-02
-2.72361906e-02 -2.03493281e-02 -1.71761516e-02
-2.72199269e-02 -2.03360692e-02 -1.70741703e-02
-2.72034469e-02 -2.03227388e-02 -1.69732207e-02
-2.71867552e-02 -2.03093377e-02 -1.68732877e-02
-2.71698564e-02 -2.02958668e-02 -1.67743565e-02
-2.71527550e-02 -2.02823270e-02 -1.66764124e-02
-2.71354552e-02 -2.02687190e-02 -1.65794412e-02
-2.71179613e-02 -2.02550439e-02 -1.64834288e-02
-2.71002775e-02 -2.02413022e-02 -1.63883616e-02
-2.70824078e-02 -2.02274950e-02 -1.62942259e-02
-2.70643562e-02 -2.02136230e-02 -1.62010087e-02
-2.70461267e-02 -2.01996870e-02 -1.61086970e-02
-2.70277230e-02 -2.01856878e-02 -1.60172779e-02
-2.70091489e-02 -2.01716262e-02 -1.59267390e-02
-2.69904081e-02 -2.01575030e-02 -1.58370681e-02
-2.69715041e-02 -2.01433189e-02 -1.57482531e-02
-2.69524406e-02 -2.01290747e-02 -1.56602822e-02
-2.69332209e-02 -2.01147712e-02 -1.55731439e-02
-2.69138484e-02 -2.01004092e-02 -1.54868268e-02
-2.68943265e-02 -2.00859893e-02 -1.54013196e-02
-2.68746583e-02 -2.00715123e-02 -1.53166115e-02
-2.68548471e-02 -2.00569789e-02 -1.52326916e-02
-2.68348960e-02 -2.00423899e-02 -1.51495495e-02
-2.68148081e-02 -2.00277459e-02 -1.50671747e-02
-2.67945863e-02 -2.00130477e-02 -1.49855571e-02
-2.67742335e-02 -1.99982960e-02 -1.49046866e-02
-2.67537527e-02 -1.99834915e-02 -1.48245534e-02
-2.67331466e-02 -1.99686348e-02 -1.47451478e-02
-2.67124181e-02 -1.99537266e-02 -1.46664605e-02
-2.66915699e-02 -1.99387677e-02 -1.45884819e-02
-2.66706045e-02 -1.99237586e-02 -1.45112031e-02
-2.66495247e-02 -1.99087000e-02 -1.44346150e-02
-2.66283329e-02 -1.98935926e-02 -1.43587087e-02
-2.66070316e-02 -1.98784370e-02 -1.42834756e-02
-2.65856235e-02 -1.98632339e-02 -1.42089071e-02
-2.65641107e-02 -1.98479839e-02 -1.41349949e-02
-2.65424958e-02 -1.98326877e-02 -1.40617306e-02
-2.65207810e-02 -1.98173458e-02 -1.39891062e-02
-2.64989686e-02 -1.98019588e-02 -1.39171136e-02
-2.64770608e-02 -1.97865274e-02 -1.38457451e-02
-2.64550599e-02 -1.97710522e-02 -1.37749930e-02
-2.64329680e-02 -1.97555338e-02 -1.37048496e-02
-2.64107871e-02 -1.97399727e-02 -1.36353075e-02
-2.63885195e-02 -1.97243696e-02 -1.35663593e-02
-2.63661670e-02 -1.97087250e-02 -1.34979979e-02
-2.63437317e-02 -1.96930395e-02 -1.34302161e-02
-2.63212156e-02 -1.96773137e-02 -1.33630069e-02
-2.62986205e-02 -1.96615481e-02 -1.32963636e-02
-2.62759485e-02 -1.96457434e-02 -1.32302793e-02
-2.62532012e-02 -1.96298999e-02 -1.31647473e-02
-2.62303806e-02 -1.96140184e-02 -1.30997612e-02
-2.62074884e-02 -1.95980993e-02 -1.30353144e-02
-2.61845263e-02 -1.95821431e-02 -1.29714007e-02
-2.61614962e-02 -1.95661505e-02 -1.29080138e-02
-2.61383997e-02 -1.95501219e-02 -1.28451475e-02
-2.61152384e-02 -1.95340578e-02 -1.27827959e-02
-2.60920140e-02 -1.95179588e-02 -1.27209529e-02
-2.60687281e-02 -1.95018253e-02 -1.26596126e-02
-2.60453823e-02 -1.94856580e-02 -1.25987694e-02
-2.60219781e-02 -1.94694572e-02 -1.25384176e-02
-2.59985170e-02 -1.94532235e-02 -1.24785514e-02
-2.59750006e-02 -1.94369573e-02 -1.24191655e-02
-2.59514302e-02 -1.94206592e-02 -1.23602543e-02
-2.59278073e-02 -1.94043297e-02 -1.23018126e-02
-2.59041334e-02 -1.93879691e-02 -1.22438350e-02
-2.58804099e-02 -1.93715780e-02 -1.21863164e-02
-2.58566380e-02 -1.93551569e-02 -1.21292516e-02
-2.58328192e-02 -1.93387062e-02 -1.20726356e-02
-2.58089547e-02 -1.93222263e-02 -1.20164635e-02
-2.57850459e-02 -1.93057178e-02 -1.19607303e-02
-2.57610941e-02 -1.92891810e-02 -1.19054312e-02
-2.57371004e-02 -1.92726165e-02 -1.18505615e-02
-2.57130661e-02 -1.92560246e-02 -1.17961164e-02
-2.56889924e-02 -1.92394058e-02 -1.17420914e-02
-2.56648806e-02 -1.92227606e-02 -1.16884818e-02
-2.56407317e-02 -1.92060893e-02 -1.16352833e-02
-2.56165469e-02 -1.91893924e-02 -1.15824913e-02
-2.55923274e-02 -1.91726703e-02 -1.15301015e-02
-2.55680742e-02 -1.91559234e-02 -1.14781096e-02
-2.55437885e-02 -1.91391521e-02 -1.14265114e-02
-2.55194713e-02 -1.91223569e-02 -1.13753026e-02
-2.54951236e-02 -1.91055381e-02 -1.13244791e-02
-2.54707466e-02 -1.90886961e-02 -1.12740369e-02
-2.54463411e-02 -1.90718314e-02 -1.12239719e-02
-2.54219083e-02 -1.90549443e-02 -1.11742802e-02
-2.53974491e-02 -1.90380353e-02 -1.11249578e-02
-2.53729644e-02 -1.90211046e-02 -1.10760010e-02
-2.53484552e-02 -1.90041528e-02 -1.10274059e-02
-2.53239225e-02 -1.89871801e-02 -1.09791687e-02
-2.52993672e-02 -1.89701869e-02 -1.09312858e-02
-2.52747901e-02 -1.89531736e-02 -1.08837534e-02
-2.52501922e-02 -1.89361407e-02 -1.08365681e-02
-2.52255743e-02 -1.89190883e-02 -1.07897262e-02
-2.52009373e-02 -1.89020170e-02 -1.07432243e-02
-2.51762820e-02 -1.88849270e-02 -1.06970588e-02
-2.51516094e-02 -1.88678187e-02 -1.06512264e-02
-2.51269201e-02 -1.88506925e-02 -1.06057237e-02
-2.51022150e-02 -1.88335487e-02 -1.05605474e-02
-2.50774949e-02 -1.88163876e-02 -1.05156942e-02
-2.50527606e-02 -1.87992096e-02 -1.04711609e-02
-2.50280128e-02 -1.87820151e-02 -1.04269442e-02
-2.50032524e-02 -1.87648043e-02 -1.03830411e-02
-2.49784799e-02 -1.87475776e-02 -1.03394484e-02
-2.49536963e-02 -1.87303353e-02 -1.02961630e-02
-2.49289022e-02 -1.87130777e-02 -1.02531819e-02
-2.49040982e-02 -1.86958052e-02 -1.02105022e-02
-2.48792852e-02 -1.86785181e-02 -1.01681209e-02
-2.48544638e-02 -1.86612167e-02 -1.01260351e-02
-2.48296347e-02 -1.86439012e-02 -1.00842419e-02
-2.48047986e-02 -1.86265721e-02 -1.00427385e-02
-2.47799560e-02 -1.86092296e-02 -1.00015220e-02
-2.47551077e-02 -1.85918741e-02 -9.96058978e-03
-2.47302543e-02 -1.85745057e-02 -9.91993905e-03
-2.47053965e-02 -1.85571249e-02 -9.87956713e-03
-2.46805347e-02 -1.85397318e-02 -9.83947135e-03
-2.46556697e-02 -1.85223269e-02 -9.79964910e-03
-2.46308021e-02 -1.85049104e-02 -9.76009779e-03
-2.46059324e-02 -1.84874825e-02 -9.72081485e-03
-2.45810612e-02 -1.84700436e-02 -9.68179776e-03
-2.45561891e-02 -1.84525939e-02 -9.64304403e-03
-2.45313167e-02 -1.84351338e-02 -9.60455118e-03
-2.45064445e-02 -1.84176634e-02 -9.56631678e-03
-2.44815730e-02 -1.84001831e-02 -9.52833842e-03
-2.44567027e-02 -1.83826931e-02 -9.49061373e-03
-2.44318343e-02 -1.83651937e-02 -9.45314035e-03
-2.44069682e-02 -1.83476852e-02 -9.41591595e-03
-2.43821050e-02 -1.83301678e-02 -9.37893825e-03
-2.43572450e-02 -1.83126417e-02 -9.34220497e-03
-2.43323889e-02 -1.82951073e-02 -9.30571386e-03
-2.43075370e-02 -1.82775648e-02 -9.26946271e-03
-2.42826900e-02 -1.82600145e-02 -9.23344931e-03
-2.42578481e-02 -1.82424565e-02 -9.19767150e-03
-2.42330120e-02 -1.82248912e-02 -9.16212713e-03
-2.42081820e-02 -1.82073187e-02 -9.12681407e-03
-2.41833586e-02 -1.81897394e-02 -9.09173022e-03
-2.41585422e-02 -1.81721535e-02 -9.05687351e-03
-2.41337332e-02 -1.81545611e-02 -9.02224187e-03
-2.41089321e-02 -1.81369626e-02 -8.98783327e-03
-2.40841392e-02 -1.81193582e-02 -8.95364571e-03
-2.40593550e-02 -1.81017480e-02 -8.91967718e-03
-2.40345799e-02 -1.80841324e-02 -8.88592572e-03
-2.40098142e-02 -1.80665116e-02 -8.85238937e-03
-2.39850584e-02 -1.80488858e-02 -8.81906622e-03
-2.39603128e-02 -1.80312552e-02 -8.78595434e-03
-2.39355777e-02 -1.80136200e-02 -8.75305187e-03
-2.39108536e-02 -1.79959804e-02 -8.72035692e-03
-2.38861408e-02 -1.79783368e-02 -8.68786765e-03
-2.38614397e-02 -1.79606892e-02 -8.65558225e-03
-2.38367505e-02 -1.79430380e-02 -8.62349890e-03
-2.38120737e-02 -1.79253832e-02 -8.59161582e-03
-2.37874095e-02 -1.79077252e-02 -8.55993124e-03
-2.37627583e-02 -1.78900641e-02 -8.52844343e-03
-2.37381205e-02 -1.78724002e-02 -8.49715065e-03
-2.37134963e-02 -1.78547336e-02 -8.46605121e-03
-2.36888860e-02 -1.78370646e-02 -8.43514342e-03
-2.36642900e-02 -1.78193933e-02 -8.40442562e-03
-2.36397085e-02 -1.78017200e-02 -8.37389616e-03
-2.36151419e-02 -1.77840447e-02 -8.34355343e-03
-2.35905905e-02 -1.77663679e-02 -8.31339581e-03
-2.35660545e-02 -1.77486895e-02 -8.28342174e-03
-2.35415343e-02 -1.77310099e-02 -8.25362963e-03
-2.35170300e-02 -1.77133292e-02 -8.22401795e-03
-2.34925421e-02 -1.76956475e-02 -8.19458517e-03
-2.34680707e-02 -1.76779652e-02 -8.16532978e-03
-2.34436161e-02 -1.76602823e-02 -8.13625029e-03
-2.34191787e-02 -1.76425990e-02 -8.10734524e-03
-2.33947585e-02 -1.76249154e-02 -8.07861317e-03
-2.33703560e-02 -1.76072319e-02 -8.05005264e-03
-2.33459714e-02 -1.75895485e-02 -8.02166223e-03
-2.33216048e-02 -1.75718654e-02 -7.99344055e-03
-2.32972566e-02 -1.75541828e-02 -7.96538619e-03
-2.32729270e-02 -1.75365009e-02 -7.93749779e-03
-2.32486162e-02 -1.75188197e-02 -7.90977399e-03
-2.32243245e-02 -1.75011395e-02 -7.88221345e-03
-2.32000520e-02 -1.74834604e-02 -7.85481483e-03
-2.31757990e-02 -1.74657825e-02 -7.82757682e-03
-2.31515657e-02 -1.74481061e-02 -7.80049810e-03
-2.31273523e-02 -1.74304313e-02 -7.77357738e-03
-2.31031590e-02 -1.74127582e-02 -7.74681338e-03
-2.30789860e-02 -1.73950870e-02 -7.72020483e-03
-2.30548335e-02 -1.73774178e-02 -7.69375045e-03
-2.30307018e-02 -1.73597507e-02 -7.66744898e-03
-2.30065909e-02 -1.73420860e-02 -7.64129920e-03
-2.29825011e-02 -1.73244238e-02 -7.61529984e-03
-2.29584325e-02 -1.73067641e-02 -7.58944969e-03
-2.29343854e-02 -1.72891073e-02 -7.56374752e-03
-2.29103598e-02 -1.72714533e-02 -7.53819212e-03
-2.28863560e-02 -1.72538024e-02 -7.51278227e-03
-2.28623742e-02 -1.72361546e-02 -7.48751678e-03
-2.28384144e-02 -1.72185102e-02 -7.46239445e-03
-2.28144769e-02 -1.72008693e-02 -7.43741410e-03
-2.27905618e-02 -1.71832321e-02 -7.41257455e-03
-2.27666693e-02 -1.71655986e-02 -7.38787464e-03
-2.27427995e-02 -1.71479690e-02 -7.36331321e-03
-2.27189526e-02 -1.71303436e-02 -7.33888911e-03
-2.26951287e-02 -1.71127223e-02 -7.31460121e-03
-2.26713280e-02 -1.70951055e-02 -7.29044838e-03
-2.26475507e-02 -1.70774932e-02 -7.26642951e-03
-2.26237968e-02 -1.70598856e-02 -7.24254351e-03
-2.26000667e-02 -1.70422829e-02 -7.21878928e-03
-2.25763603e-02 -1.70246851e-02 -7.19516578e-03
-2.25526779e-02 -1.70070925e-02 -7.17167195e-03
-2.25290197e-02 -1.69895053e-02 -7.14830676e-03
-2.25053858e-02 -1.69719235e-02 -7.12506920e-03
-2.24817764e-02 -1.69543473e-02 -7.10195829e-03
-2.24581917e-02 -1.69367769e-02 -7.07897306e-03
-2.24346318e-02 -1.69192124e-02 -7.05611258e-03
-2.24110969e-02 -1.69016540e-02 -7.03337593e-03
-2.23875873e-02 -1.68841018e-02 -7.01076223e-03
-2.23641030e-02 -1.68665560e-02 -6.98827060e-03
-2.23406443e-02 -1.68490167e-02 -6.96590023e-03
-2.23172114e-02 -1.68314840e-02 -6.94365030e-03
-2.22938045e-02 -1.68139581e-02 -6.92152004e-03
-2.22704238e-02 -1.67964390e-02 -6.89950871e-03
-2.22470694e-02 -1.67789270e-02 -6.87761559e-03
-2.22237416e-02 -1.67614221e-02 -6.85583998e-03
-2.22004406e-02 -1.67439244e-02 -6.83418124e-03
-2.21771666e-02 -1.67264341e-02 -6.81263872e-03
-2.21539197e-02 -1.67089511e-02 -6.79121182e-03
-2.21307003e-02 -1.66914757e-02 -6.76989995e-03
-2.21075084e-02 -1.66740078e-02 -6.74870256e-03
-2.20843442e-02 -1.66565475e-02 -6.72761910e-03
-2.20612080e-02 -1.66390949e-02 -6.70664905e-03
-2.20380999e-02 -1.66216501e-02 -6.68579191e-03
-2.20150201e-02 -1.66042129e-02 -6.66504717e-03
-2.19919687e-02 -1.65867836e-02 -6.64441435e-03
-2.19689458e-02 -1.65693621e-02 -6.62389297e-03
-2.19459517e-02 -1.65519483e-02 -6.60348252e-03
-2.19229864e-02 -1.65345424e-02 -6.58318254e-03
-2.19000500e-02 -1.65171442e-02 -6.56299252e-03
-2.18771425e-02 -1.64997539e-02 -6.54291194e-03
-2.18542642e-02 -1.64823712e-02 -6.52294029e-03
-2.18314149e-02 -1.64649963e-02 -6.50307699e-03
-2.18085947e-02 -1.64476290e-02 -6.48332147e-03
-2.17858036e-02 -1.64302694e-02 -6.46367312e-03
-2.17630416e-02 -1.64129173e-02 -6.44413127e-03
-2.17403086e-02 -1.63955728e-02 -6.42469522e-03
-2.17176046e-02 -1.63782358e-02 -6.40536424e-03
-2.16949294e-02 -1.63609062e-02 -6.38613750e-03
-2.16722829e-02 -1.63435840e-02 -6.36701417e-03
-2.16496650e-02 -1.63262692e-02 -6.34799330e-03
-2.16270754e-02 -1.63089618e-02 -6.32907393e-03
-2.16045140e-02 -1.62916616e-02 -6.31025499e-03
-2.15819806e-02 -1.62743688e-02 -6.29153536e-03
-2.15594749e-02 -1.62570834e-02 -6.27291385e-03
-2.15369965e-02 -1.62398052e-02 -6.25438918e-03
-2.15145453e-02 -1.62225345e-02 -6.23596000e-03
-2.14921208e-02 -1.62052711e-02 -6.21762491e-03
-2.14697229e-02 -1.61880153e-02 -6.19938240e-03
-2.14473510e-02 -1.61707671e-02 -6.18123092e-03
-2.14250049e-02 -1.61535266e-02 -6.16316883e-03
-2.14026841e-02 -1.61362940e-02 -6.14519443e-03
-2.13803883e-02 -1.61190694e-02 -6.12730596e-03
-2.13581172e-02 -1.61018531e-02 -6.10950162e-03
-2.13358702e-02 -1.60846452e-02 -6.09177953e-03
-2.13136471e-02 -1.60674461e-02 -6.07413779e-03
-2.12914475e-02 -1.60502560e-02 -6.05657446e-03
-2.12692710e-02 -1.60330753e-02 -6.03908757e-03
-2.12471172e-02 -1.60159042e-02 -6.02167514e-03
-2.12249858e-02 -1.59987433e-02 -6.00433518e-03
-2.12028766e-02 -1.59815928e-02 -5.98706572e-03
-2.11807892e-02 -1.59644533e-02 -5.96986477e-03
-2.11587234e-02 -1.59473251e-02 -5.95273042e-03
-2.11366791e-02 -1.59302089e-02 -5.93566076e-03
-2.11146559e-02 -1.59131051e-02 -5.91865397e-03
-2.10926538e-02 -1.58960143e-02 -5.90170828e-03
-2.10706728e-02 -1.58789370e-02 -5.88482200e-03
-2.10487127e-02 -1.58618738e-02 -5.86799356e-03
-2.10267737e-02 -1.58448253e-02 -5.85122149e-03
-2.10048558e-02 -1.58277920e-02 -5.83450444e-03
-2.09829593e-02 -1.58107748e-02 -5.81784120e-03
-2.09610842e-02 -1.57937740e-02 -5.80123074e-03
-2.09392309e-02 -1.57767904e-02 -5.78467217e-03
-2.09173998e-02 -1.57598245e-02 -5.76816480e-03
-2.08955912e-02 -1.57428769e-02 -5.75170810e-03
-2.08738058e-02 -1.57259482e-02 -5.73530178e-03
-2.08520440e-02 -1.57090390e-02 -5.71894574e-03
-2.08303065e-02 -1.56921497e-02 -5.70264013e-03
-2.08085940e-02 -1.56752809e-02 -5.68638529e-03
-2.07869074e-02 -1.56584331e-02 -5.67018184e-03
-2.07652475e-02 -1.56416065e-02 -5.65403061e-03
-2.07436153e-02 -1.56248016e-02 -5.63793270e-03
-2.07220117e-02 -1.56080188e-02 -5.62188946e-03
-2.07004378e-02 -1.55912581e-02 -5.60590249e-03
-2.06788948e-02 -1.55745199e-02 -5.58997363e-03
-2.06573839e-02 -1.55578041e-02 -5.57410499e-03
-2.06359063e-02 -1.55411109e-02 -5.55829891e-03
-2.06144633e-02 -1.55244402e-02 -5.54255799e-03
-2.05930563e-02 -1.55077918e-02 -5.52688505e-03
-2.05716868e-02 -1.54911656e-02 -5.51128316e-03
-2.05503560e-02 -1.54745613e-02 -5.49575559e-03
-2.05290656e-02 -1.54579783e-02 -5.48030581e-03
-2.05078170e-02 -1.54414163e-02 -5.46493751e-03
-2.04866117e-02 -1.54248746e-02 -5.44965454e-03
-2.04654512e-02 -1.54083525e-02 -5.43446093e-03
-2.04443372e-02 -1.53918493e-02 -5.41936084e-03
-2.04232710e-02 -1.53753640e-02 -5.40435858e-03
-2.04022544e-02 -1.53588956e-02 -5.38945855e-03
-2.03812887e-02 -1.53424431e-02 -5.37466527e-03
-2.03603756e-02 -1.53260053e-02 -5.35998331e-03
-2.03395165e-02 -1.53095809e-02 -5.34541730e-03
-2.03187128e-02 -1.52931685e-02 -5.33097189e-03
-2.02979660e-02 -1.52767666e-02 -5.31665175e-03
-2.02772774e-02 -1.52603738e-02 -5.30246154e-03
-2.02566484e-02 -1.52439884e-02 -5.28840587e-03
-2.02360803e-02 -1.52276087e-02 -5.27448931e-03
-2.02155743e-02 -1.52112331e-02 -5.26071632e-03
-2.01951315e-02 -1.51948595e-02 -5.24709131e-03
-2.01747530e-02 -1.51784864e-02 -5.23361853e-03
-2.01544399e-02 -1.51621116e-02 -5.22030212e-03
-2.01341931e-02 -1.51457333e-02 -5.20714604e-03
-2.01140134e-02 -1.51293496e-02 -5.19415412e-03
-2.00939018e-02 -1.51129585e-02 -5.18132996e-03
-2.00738588e-02 -1.50965579e-02 -5.16867698e-03
-2.00538851e-02 -1.50801460e-02 -5.15619839e-03
-2.00339813e-02 -1.50637208e-02 -5.14389717e-03
-2.00141478e-02 -1.50472803e-02 -5.13177608e-03
-1.99943850e-02 -1.50308226e-02 -5.11983763e-03
-1.99746933e-02 -1.50143459e-02 -5.10808410e-03
-1.99550727e-02 -1.49978483e-02 -5.09651750e-03
-1.99355235e-02 -1.49813282e-02 -5.08513962e-03
-1.99160457e-02 -1.49647838e-02 -5.07395200e-03
-1.98966393e-02 -1.49482136e-02 -5.06295592e-03
-1.98773041e-02 -1.49316160e-02 -5.05215245e-03
-1.98580401e-02 -1.49149897e-02 -5.04154241e-03
-1.98388470e-02 -1.48983334e-02 -5.03112643e-03
-1.98197244e-02 -1.48816458e-02 -5.02090489e-03
-1.98006720e-02 -1.48649260e-02 -5.01087801e-03
-1.97816895e-02 -1.48481729e-02 -5.00104581e-03
-1.97627762e-02 -1.48313859e-02 -4.99140818e-03
-1.97439317e-02 -1.48145642e-02 -4.98196482e-03
-1.97251554e-02 -1.47977072e-02 -4.97271533e-03
-1.97064467e-02 -1.47808148e-02 -4.96365922e-03
-1.96878050e-02 -1.47638865e-02 -4.95479590e-03
-1.96692296e-02 -1.47469224e-02 -4.94612472e-03
-1.96507197e-02 -1.47299225e-02 -4.93764500e-03
-1.96322746e-02 -1.47128870e-02 -4.92935606e-03
-1.96138937e-02 -1.46958164e-02 -4.92125721e-03
-1.95955760e-02 -1.46787110e-02 -4.91334784e-03
-1.95773210e-02 -1.46615717e-02 -4.90562736e-03
-1.95591277e-02 -1.46443991e-02 -4.89809529e-03
-1.95409954e-02 -1.46271943e-02 -4.89075128e-03
-1.95229233e-02 -1.46099583e-02 -4.88359510e-03
-1.95049106e-02 -1.45926923e-02 -4.87662667e-03
-1.94869566e-02 -1.45753976e-02 -4.86984612e-03
-1.94690604e-02 -1.45580757e-02 -4.86325378e-03
-1.94512214e-02 -1.45407281e-02 -4.85685019e-03
-1.94334389e-02 -1.45233564e-02 -4.85063614e-03
-1.94157119e-02 -1.45059624e-02 -4.84461271e-03
-1.93980400e-02 -1.44885478e-02 -4.83878121e-03
-1.93804223e-02 -1.44711145e-02 -4.83314328e-03
-1.93628583e-02 -1.44536643e-02 -4.82770084e-03
-1.93453472e-02 -1.44361993e-02 -4.82245614e-03
-1.93278884e-02 -1.44187215e-02 -4.81741173e-03
-1.93104813e-02 -1.44012328e-02 -4.81257050e-03
-1.92931254e-02 -1.43837352e-02 -4.80793568e-03
-1.92758201e-02 -1.43662309e-02 -4.80351081e-03
-1.92585648e-02 -1.43487217e-02 -4.79929977e-03
-1.92413590e-02 -1.43312098e-02 -4.79530677e-03
-1.92242022e-02 -1.43136969e-02 -4.79153633e-03
-1.92070939e-02 -1.42961851e-02 -4.78799330e-03
-1.91900336e-02 -1.42786762e-02 -4.78468283e-03
-1.91730210e-02 -1.42611719e-02 -4.78161035e-03
-1.91560555e-02 -1.42436740e-02 -4.77878159e-03
-1.91391368e-02 -1.42261841e-02 -4.77620253e-03
-1.91222644e-02 -1.42087037e-02 -4.77387940e-03
-1.91054380e-02 -1.41912343e-02 -4.77181865e-03
-1.90886572e-02 -1.41737771e-02 -4.77002694e-03
-1.90719216e-02 -1.41563333e-02 -4.76851113e-03
-1.90552309e-02 -1.41389041e-02 -4.76727822e-03
-1.90385848e-02 -1.41214904e-02 -4.76633535e-03
-1.90219828e-02 -1.41040929e-02 -4.76568978e-03
-1.90054248e-02 -1.40867125e-02 -4.76534886e-03
-1.89889103e-02 -1.40693496e-02 -4.76531998e-03
-1.89724390e-02 -1.40520046e-02 -4.76561056e-03
-1.89560107e-02 -1.40346778e-02 -4.76622805e-03
-1.89396250e-02 -1.40173694e-02 -4.76717985e-03
-1.89232816e-02 -1.40000793e-02 -4.76847331e-03
-1.89069802e-02 -1.39828073e-02 -4.77011571e-03
-1.88907206e-02 -1.39655531e-02 -4.77211422e-03
-1.88745023e-02 -1.39483164e-02 -4.77447588e-03
-1.88583252e-02 -1.39310966e-02 -4.77720756e-03
-1.88421889e-02 -1.39138929e-02 -4.78031595e-03
-1.88260932e-02 -1.38967046e-02 -4.78380753e-03
-1.88100376e-02 -1.38795307e-02 -4.78768856e-03
-1.87940219e-02 -1.38623703e-02 -4.79196502e-03
-1.87780458e-02 -1.38452221e-02 -4.79664265e-03
-1.87621089e-02 -1.38280851e-02 -4.80172686e-03
-1.87462109e-02 -1.38109577e-02 -4.80722277e-03
-1.87303515e-02 -1.37938388e-02 -4.81313517e-03
-1.87145304e-02 -1.37767267e-02 -4.81946851e-03
-1.86987470e-02 -1.37596201e-02 -4.82622686e-03
-1.86830011e-02 -1.37425173e-02 -4.83341394e-03
-1.86672923e-02 -1.37254168e-02 -4.84103311e-03
-1.86516202e-02 -1.37083170e-02 -4.84908730e-03
