0.00000000e+00 0.00000000e+00 0.00000000e+00
3.52356717e-17 -5.97145656e-18 -6.69152854e-17
2.23828017e-15 -4.02859223e-16 -4.25320919e-15
2.61657597e-14 -4.98459514e-15 -4.97625994e-14
1.53519612e-13 -3.12567128e-14 -2.92344427e-13
5.96993506e-13 -1.32026747e-13 -1.13913433e-12
1.73823989e-12 -4.27801705e-13 -3.32745956e-12
4.02194429e-12 -1.14318860e-12 -7.74064130e-12
7.55235815e-12 -2.63532856e-12 -1.46779493e-11
1.12330340e-11 -5.40045479e-12 -2.22884839e-11
1.13260574e-11 -1.00466699e-11 -2.39486868e-11
-6.20464771e-13 -1.72265388e-11 -4.50153060e-12
-4.04300125e-11 -2.75308771e-11 6.45402747e-11
-1.34385564e-10 -4.13536379e-11 2.30523624e-10
-3.22490320e-10 -5.87455436e-11 5.65425362e-10
-6.61560315e-10 -7.92798395e-11 1.17122277e-09
-1.22775426e-09 -1.01956431e-10 2.18413191e-09
-2.11812826e-09 -1.25170354e-10 3.77695911e-09
-3.45082343e-09 -1.46767073e-10 6.15886002e-09
-5.36355123e-09 -1.64200946e-10 9.57191779e-09
-8.01012986e-09 -1.74805000e-10 1.42841259e-08
-1.15549375e-08 -1.76170815e-10 2.05785785e-08
-1.61652774e-08 -1.66627612e-10 2.87389156e-08
-2.20017848e-08 -1.45800559e-10 3.90313213e-08
-2.92071395e-08 -1.15220453e-10 5.16836211e-08
-3.78934713e-08 -7.89510378e-11 6.68622430e-08
-4.81289502e-08 -4.41965400e-11 8.46479972e-08
-5.99241384e-08 -2.18508740e-11 1.05011766e-07
-7.32187368e-08 -2.69513589e-11 1.27791292e-07
-8.78693857e-08 -7.90035486e-11 1.52670273e-07
-1.03639180e-07 -2.02149647e-10 1.79160981e-07
-1.20189526e-07 -4.25160546e-10 2.06591502e-07
-1.37074918e-07 -7.81240294e-10 2.34098634e-07
-1.53741114e-07 -1.30764133e-09 2.60627251e-07
-1.69527118e-07 -2.04509847e-09 2.84936803e-07
-1.83671237e-07 -3.03709890e-09 3.05615360e-07
-1.95321360e-07 -4.32901428e-09 3.21101389e-07
-2.03549489e-07 -5.96712794e-09 3.29713197e-07
-2.07370397e-07 -7.99759662e-09 3.29685737e-07
-2.05764166e-07 -1.04653898e-08 3.19214219e-07
-1.97702248e-07 -1.34132524e-08 2.96503778e-07
-1.82176546e-07 -1.68807362e-08 2.59824213e-07
-1.58230952e-07 -2.09033456e-08 2.07568667e-07
-1.24994655e-07 -2.55118363e-08 1.38314968e-07
-8.17164914e-08 -3.07317054e-08 5.08882305e-08
-2.77995552e-08 -3.65829006e-08 -5.55767376e-08
3.71647578e-08 -4.30797712e-08 -1.81574727e-07
1.13364086e-07 -5.02312747e-08 -3.27172631e-07
2.00734642e-07 -5.80414430e-08 -4.91956628e-07
2.98933748e-07 -6.65101053e-08 -6.74985463e-07
4.07316111e-07 -7.56338525e-08 -8.74751135e-07
5.24914527e-07 -8.54072240e-08 -1.08914820e-06
6.50425634e-07 -9.58240847e-08 -1.31545275e-06
7.82201245e-07 -1.06879158e-07 -1.55031194e-06
9.18245691e-07 -1.18569669e-07 -1.78974479e-06
1.05621953e-06 -1.30897058e-07 -2.02915480e-06
1.19344983e-06 -1.43868705e-07 -2.26335469e-06
1.32694714e-06 -1.57499621e-07 -2.48660336e-06
1.45342923e-06 -1.71814046e-07 -2.69265507e-06
1.56935135e-06 -1.86846915e-07 -2.87482043e-06
1.67094297e-06 -2.02645130e-07 -3.02603889e-06
1.75425050e-06 -2.19268596e-07 -3.13896187e-06
1.81518581e-06 -2.36790992e-07 -3.20604593e-06
1.84957975e-06 -2.55300226e-07 -3.21965472e-06
1.85324037e-06 -2.74898559e-07 -3.17216885e-06
1.82201496e-06 -2.95702370e-07 -3.05610216e-06
1.75185533e-06 -3.17841562e-07 -2.86422317e-06
1.63888541e-06 -3.41458580e-07 -2.58968029e-06
1.47947055e-06 -3.66707081e-07 -2.22612908e-06
1.27028740e-06 -3.93750234e-07 -1.76786020e-06
1.00839383e-06 -4.22758694e-07 -1.20992628e-06
6.91297651e-07 -4.53908265e-07 -5.48266271e-07
3.17023585e-07 -4.87377295e-07 2.20174456e-07
-1.15822563e-07 -5.23343834e-07 1.09732969e-06
-6.07993298e-07 -5.61982617e-07 2.08390520e-06
-1.15954320e-06 -6.03461907e-07 3.17928022e-06
-1.76977780e-06 -6.47940261e-07 4.38141888e-06
-2.43720832e-06 -6.95563279e-07 5.68679293e-06
-3.15951282e-06 -7.46460389e-07 7.09031670e-06
-3.93350441e-06 -8.00741725e-07 8.58529551e-06
-4.75510707e-06 -8.58495172e-07 1.01633882e-05
-5.61933934e-06 -9.19783611e-07 1.18145849e-05
-6.52030640e-06 -9.84642447e-07 1.35271995e-05
-7.45120074e-06 -1.05307745e-06 1.52878794e-05
-8.40431162e-06 -1.12506295e-06 1.70816300e-05
-9.37104335e-06 -1.20054049e-06 1.88918567e-05
-1.03419425e-05 -1.27941785e-06 2.07004226e-05
-1.13067342e-05 -1.36156862e-06 2.24877226e-05
-1.22543663e-05 -1.44683225e-06 2.42327728e-05
-1.31730634e-05 -1.53501459e-06 2.59133161e-05
-1.40503873e-05 -1.62588902e-06 2.75059418e-05
-1.48733069e-05 -1.71919806e-06 2.89862191e-05
-1.56282746e-05 -1.81465556e-06 3.03288450e-05
-1.63013093e-05 -1.91194933e-06 3.15078023e-05
-1.68780865e-05 -2.01074438e-06 3.24965309e-05
-1.73440335e-05 -2.11068655e-06 3.32681076e-05
-1.76844302e-05 -2.21140665e-06 3.37954354e-05
-1.78845137e-05 -2.31252492e-06 3.40514402e-05
-1.79295870e-05 -2.41365598e-06 3.40092733e-05
-1.78051304e-05 -2.51441402e-06 3.36425195e-05
-1.74969156e-05 -2.61441828e-06 3.29254082e-05
-1.69911204e-05 -2.71329876e-06 3.18330260e-05
-1.62744448e-05 -2.81070209e-06 3.03415309e-05
-1.53342266e-05 -2.90629749e-06 2.84283653e-05
-1.41585563e-05 -2.99978281e-06 2.60724665e-05
-1.27363905e-05 -3.09089047e-06 2.32544741e-05
-1.10576627e-05 -3.17939346e-06 1.99569325e-05
-9.11339138e-06 -3.26511106e-06 1.61644873e-05
-6.89578411e-06 -3.34791443e-06 1.18640742e-05
-4.39833759e-06 -3.42773197e-06 7.04509953e-06
-1.61593259e-06 -3.50455430e-06 1.69961167e-06
1.45507645e-06 -3.57843896e-06 -4.17753859e-06
4.81677793e-06 -3.64951464e-06 -1.05885488e-05
8.46962600e-06 -3.71798498e-06 -1.75325279e-05
1.24123703e-05 -3.78413189e-06 -2.50053721e-05
1.66419931e-05 -3.84831834e-06 -3.29996545e-05
2.11536536e-05 -3.91099057e-06 -4.15045286e-05
2.59406407e-05 -3.97267977e-06 -5.05056466e-05
3.09943330e-05 -4.03400312e-06 -5.99850926e-05
3.63041676e-05 -4.09566422e-06 -6.99213301e-05
4.18576165e-05 -4.15845296e-06 -8.02891662e-05
4.76401724e-05 -4.22324467e-06 -9.10597294e-05
5.36353412e-05 -4.29099876e-06 -1.02200464e-04
5.98246441e-05 -4.36275667e-06 -1.13675139e-04
6.61876272e-05 -4.43963927e-06 -1.25443871e-04
7.27018791e-05 -4.52284371e-06 -1.37463164e-04
7.93430562e-05 -4.61363963e-06 -1.49685960e-04
8.60849158e-05 -4.71336494e-06 -1.62061704e-04
9.28993559e-05 -4.82342112e-06 -1.74536429e-04
9.97564624e-05 -4.94526796e-06 -1.87052837e-04
1.06624562e-04 -5.08041806e-06 -1.99550412e-04
1.13470284e-04 -5.23043077e-06 -2.11965529e-04
1.20258622e-04 -5.39690603e-06 -2.24231580e-04
1.26953007e-04 -5.58147773e-06 -2.36279105e-04
1.33515383e-04 -5.78580700e-06 -2.48035940e-04
1.39906285e-04 -6.01157527e-06 -2.59427361e-04
1.46084925e-04 -6.26047725e-06 -2.70376244e-04
1.52009276e-04 -6.53421380e-06 -2.80803226e-04
1.57636164e-04 -6.83448482e-06 -2.90626876e-04
1.62921359e-04 -7.16298222e-06 -2.99763860e-04
1.67819667e-04 -7.52138292e-06 -3.08129122e-04
1.72285027e-04 -7.91134206e-06 -3.15636054e-04
1.76270608e-04 -8.33448637e-06 -3.22196679e-04
1.79728899e-04 -8.79240776e-06 -3.27721823e-04
1.82611811e-04 -9.28665730e-06 -3.32121297e-04
1.84870766e-04 -9.81873938e-06 -3.35304066e-04
1.86456793e-04 -1.03901064e-05 -3.37178429e-04
1.87320619e-04 -1.10021536e-05 -3.37652179e-04
1.87412758e-04 -1.16562150e-05 -3.36632776e-04
1.86683596e-04 -1.23535584e-05 -3.34027502e-04
1.85083479e-04 -1.30953829e-05 -3.29743616e-04
1.82562785e-04 -1.38828149e-05 -3.23688506e-04
1.79072010e-04 -1.47169059e-05 -3.15769823e-04
1.74561830e-04 -1.55986306e-05 -3.05895624e-04
1.68983179e-04 -1.65288852e-05 -2.93974487e-04
1.62287301e-04 -1.75084865e-05 -2.79915638e-04
1.54425819e-04 -1.85381717e-05 -2.63629054e-04
1.45350779e-04 -1.96185981e-05 -2.45025562e-04
1.35014704e-04 -2.07503444e-05 -2.24016932e-04
1.23370632e-04 -2.19339117e-05 -2.00515952e-04
1.10372155e-04 -2.31697251e-05 -1.74436502e-04
9.59734491e-05 -2.44581360e-05 -1.45693611e-04
8.01293000e-05 -2.57994250e-05 -1.14203507e-04
6.27951228e-05 -2.71938048e-05 -7.98836546e-05
4.39269751e-05 -2.86414240e-05 -4.26527871e-05
2.34815660e-05 -3.01423711e-05 -2.43092044e-06
1.41625781e-06 -3.16966783e-05 4.08606361e-05
-2.23109367e-05 -3.33043271e-05 8.72992822e-05
-4.77413628e-05 -3.49652523e-05 1.36961139e-04
-7.49157382e-05 -3.66793478e-05 1.89921068e-04
-1.03874171e-04 -3.84464719e-05 2.46252706e-04
-1.34656186e-04 -4.02664526e-05 3.06028499e-04
-1.67300751e-04 -4.21390936e-05 3.69319756e-04
-2.01846310e-04 -4.40641803e-05 4.36196701e-04
-2.38330825e-04 -4.60414850e-05 5.06728540e-04
-2.76791812e-04 -4.80707734e-05 5.80983530e-04
-3.17266390e-04 -5.01518102e-05 6.59029062e-04
-3.59791333e-04 -5.22843652e-05 7.40931741e-04
-4.04403114e-04 -5.44682184e-05 8.26757479e-04
-4.51137967e-04 -5.67031661e-05 9.16571590e-04
-5.00031944e-04 -5.89890262e-05 1.01043889e-03
-5.51120972e-04 -6.13256434e-05 1.10842382e-03
-6.04440919e-04 -6.37128938e-05 1.21059051e-03
-6.60027653e-04 -6.61506902e-05 1.31700295e-03
-7.17917111e-04 -6.86389864e-05 1.42772504e-03
-7.78145364e-04 -7.11777809e-05 1.54282078e-03
-8.40748680e-04 -7.37671213e-05 1.66235430e-03
-9.05763595e-04 -7.64071071e-05 1.78639008e-03
-9.73226978e-04 -7.90978936e-05 1.91499296e-03
-1.04317609e-03 -8.18396939e-05 2.04822834e-03
-1.11564868e-03 -8.46327816e-05 2.18616226e-03
-1.19068299e-03 -8.74774925e-05 2.32886153e-03
-1.26831787e-03 -9.03742267e-05 2.47639381e-03
-1.34859283e-03 -9.33234487e-05 2.62882775e-03
-1.43154809e-03 -9.63256893e-05 2.78623312e-03
-1.51722463e-03 -9.93815452e-05 2.94868083e-03
-1.60566425e-03 -1.02491679e-04 3.11624311e-03
-1.69690963e-03 -1.05656819e-04 3.28899356e-03
-1.79100439e-03 -1.08877758e-04 3.46700726e-03
-1.88799308e-03 -1.12155352e-04 3.65036082e-03
-1.98792129e-03 -1.15490520e-04 3.83913248e-03
-2.09083564e-03 -1.18884241e-04 4.03340218e-03
-2.19678385e-03 -1.22337550e-04 4.23325162e-03
-2.30581473e-03 -1.25851539e-04 4.43876428e-03
-2.41797823e-03 -1.29427352e-04 4.65002553e-03
-2.53332546e-03 -1.33066183e-04 4.86712260e-03
-2.65190870e-03 -1.36769270e-04 5.09014466e-03
-2.77378142e-03 -1.40537894e-04 5.31918283e-03
-2.89899827e-03 -1.44373377e-04 5.55433016e-03
-3.02761509e-03 -1.48277073e-04 5.79568169e-03
-3.15968891e-03 -1.52250367e-04 6.04333439e-03
-3.29527795e-03 -1.56294672e-04 6.29738717e-03
-3.43444158e-03 -1.60411420e-04 6.55794088e-03
-3.57724032e-03 -1.64602063e-04 6.82509822e-03
-3.72373580e-03 -1.68868064e-04 7.09896374e-03
-3.87399077e-03 -1.73210896e-04 7.37964376e-03
-4.02806901e-03 -1.77632035e-04 7.66724632e-03
-4.18603532e-03 -1.82132957e-04 7.96188113e-03
-4.34795548e-03 -1.86715130e-04 8.26365944e-03
-4.51389618e-03 -1.91380016e-04 8.57269398e-03
-4.68392498e-03 -1.96129059e-04 8.88909883e-03
-4.85811024e-03 -2.00963687e-04 9.21298936e-03
-5.03652105e-03 -2.05885302e-04 9.54448206e-03
-5.21922719e-03 -2.10895282e-04 9.88369443e-03
-5.40629901e-03 -2.15994972e-04 1.02307448e-02
-5.59780739e-03 -2.21185680e-04 1.05857524e-02
-5.79382361e-03 -2.26468678e-04 1.09488367e-02
-5.99441932e-03 -2.31845193e-04 1.13201178e-02
-6.19966639e-03 -2.37316406e-04 1.16997161e-02
-6.40963686e-03 -2.42883448e-04 1.20877518e-02
-6.62440279e-03 -2.48547398e-04 1.24843452e-02
-6.84403621e-03 -2.54309278e-04 1.28896161e-02
-7.06860896e-03 -2.60170052e-04 1.33036837e-02
-7.29819260e-03 -2.66130622e-04 1.37266668e-02
-7.53285832e-03 -2.72191826e-04 1.41586828e-02
-7.77267677e-03 -2.78354437e-04 1.45998482e-02
-8.01771798e-03 -2.84619158e-04 1.50502779e-02
-8.26805121e-03 -2.90986623e-04 1.55100854e-02
-8.52374483e-03 -2.97457392e-04 1.59793821e-02
-8.78486620e-03 -3.04031953e-04 1.64582772e-02
-9.05148154e-03 -3.10710718e-04 1.69468777e-02
-9.32365577e-03 -3.17494023e-04 1.74452881e-02
-9.60145240e-03 -3.24382125e-04 1.79536095e-02
-9.88493340e-03 -3.31375204e-04 1.84719405e-02
-1.01741590e-02 -3.38473359e-04 1.90003758e-02
-1.04691877e-02 -3.45676608e-04 1.95390067e-02
-1.07700760e-02 -3.52984890e-04 2.00879204e-02
-1.10768781e-02 -3.60398062e-04 2.06472000e-02
-1.13896461e-02 -3.67915895e-04 2.12169242e-02
-1.17084299e-02 -3.75538084e-04 2.17971668e-02
-1.20332765e-02 -3.83264235e-04 2.23879967e-02
-1.23642304e-02 -3.91093876e-04 2.29894775e-02
-1.27013333e-02 -3.99026448e-04 2.36016673e-02
-1.30446239e-02 -4.07061312e-04 2.42246183e-02
-1.33941378e-02 -4.15197744e-04 2.48583768e-02
-1.37499072e-02 -4.23434937e-04 2.55029826e-02
-1.41119613e-02 -4.31772002e-04 2.61584689e-02
-1.44803254e-02 -4.40207965e-04 2.68248622e-02
-1.48550213e-02 -4.48741773e-04 2.75021817e-02
-1.52360671e-02 -4.57372287e-04 2.81904394e-02
-1.56234768e-02 -4.66098286e-04 2.88896396e-02
-1.60172604e-02 -4.74918469e-04 2.95997787e-02
-1.64174239e-02 -4.83831451e-04 3.03208452e-02
-1.68239687e-02 -4.92835766e-04 3.10528190e-02
-1.72368920e-02 -5.01929868e-04 3.17956716e-02
-1.76561864e-02 -5.11112128e-04 3.25493658e-02
-1.80818397e-02 -5.20380839e-04 3.33138552e-02
-1.85138351e-02 -5.29734210e-04 3.40890843e-02
-1.89521509e-02 -5.39170373e-04 3.48749882e-02
-1.93967603e-02 -5.48687380e-04 3.56714923e-02
-1.98476314e-02 -5.58283203e-04 3.64785123e-02
-2.03047272e-02 -5.67955736e-04 3.72959539e-02
-2.07680053e-02 -5.77702794e-04 3.81237125e-02
-2.12374181e-02 -5.87522116e-04 3.89616735e-02
-2.17129123e-02 -5.97411362e-04 3.98097115e-02
-2.21944291e-02 -6.07368117e-04 4.06676906e-02
-2.26819041e-02 -6.17389888e-04 4.15354643e-02
-2.31752673e-02 -6.27474110e-04 4.24128749e-02
-2.36744428e-02 -6.37618140e-04 4.32997539e-02
-2.41793488e-02 -6.47819264e-04 4.41959216e-02
-2.46898977e-02 -6.58074694e-04 4.51011873e-02
-2.52059960e-02 -6.68381571e-04 4.60153487e-02
-2.57275441e-02 -6.78736964e-04 4.69381924e-02
-2.62544363e-02 -6.89137875e-04 4.78694934e-02
-2.67865610e-02 -6.99581236e-04 4.88090152e-02
-2.73238004e-02 -7.10063911e-04 4.97565099e-02
-2.78660306e-02 -7.20582700e-04 5.07117180e-02
-2.84131214e-02 -7.31134339e-04 5.16743685e-02
-2.89649367e-02 -7.41715502e-04 5.26441786e-02
-2.95213340e-02 -7.52322801e-04 5.36208541e-02
-3.00821646e-02 -7.62952790e-04 5.46040893e-02
-3.06472740e-02 -7.73601967e-04 5.55935670e-02
-3.12165010e-02 -7.84266775e-04 5.65889583e-02
-3.17896788e-02 -7.94943606e-04 5.75899231e-02
-3.23666341e-02 -8.05628800e-04 5.85961100e-02
-3.29471877e-02 -8.16318652e-04 5.96071562e-02
-3.35311544e-02 -8.27009411e-04 6.06226878e-02
-3.41183428e-02 -8.37697284e-04 6.16423200e-02
-3.47085558e-02 -8.48378442e-04 6.26656569e-02
-3.53015903e-02 -8.59049017e-04 6.36922918e-02
-3.58972373e-02 -8.69705110e-04 6.47218077e-02
-3.64952822e-02 -8.80342792e-04 6.57537767e-02
-3.70955048e-02 -8.90958110e-04 6.67877610e-02
-3.76976791e-02 -9.01547088e-04 6.78233124e-02
-3.83015737e-02 -9.12105730e-04 6.88599730e-02
-3.89069519e-02 -9.22630028e-04 6.98972753e-02
-3.95135716e-02 -9.33115962e-04 7.09347422e-02
-4.01211858e-02 -9.43559505e-04 7.19718874e-02
-4.07295420e-02 -9.53956628e-04 7.30082159e-02
-4.13383832e-02 -9.64303304e-04 7.40432237e-02
-4.19474474e-02 -9.74595512e-04 7.50763988e-02
-4.25564681e-02 -9.84829239e-04 7.61072209e-02
-4.31651742e-02 -9.95000491e-04 7.71351619e-02
-4.37732902e-02 -1.00510529e-03 7.81596863e-02
-4.43805367e-02 -1.01513968e-03 7.91802515e-02
-4.49866300e-02 -1.02509974e-03 8.01963081e-02
-4.55912826e-02 -1.03498158e-03 8.12073003e-02
-4.61942036e-02 -1.04478135e-03 8.22126662e-02
-4.67950983e-02 -1.05449522e-03 8.32118384e-02
-4.73936688e-02 -1.06411945e-03 8.42042440e-02
-4.79896143e-02 -1.07365031e-03 8.51893053e-02
-4.85826309e-02 -1.08308415e-03 8.61664401e-02
-4.91724122e-02 -1.09241738e-03 8.71350622e-02
-4.97586491e-02 -1.10164646e-03 8.80945818e-02
-5.03410305e-02 -1.11076794e-03 8.90444058e-02
-5.09192432e-02 -1.11977844e-03 8.99839384e-02
-5.14929721e-02 -1.12867464e-03 9.09125816e-02
-5.20619006e-02 -1.13745333e-03 9.18297355e-02
-5.26257110e-02 -1.14611138e-03 9.27347989e-02
-5.31840841e-02 -1.15464574e-03 9.36271697e-02
-5.37367002e-02 -1.16305348e-03 9.45062454e-02
-5.42832389e-02 -1.17133174e-03 9.53714237e-02
-5.48233794e-02 -1.17947779e-03 9.62221027e-02
-5.53568009e-02 -1.18748900e-03 9.70576820e-02
-5.58831827e-02 -1.19536285e-03 9.78775623e-02
-5.64022047e-02 -1.20309693e-03 9.86811469e-02
-5.69135474e-02 -1.21068896e-03 9.94678415e-02
-5.74168922e-02 -1.21813677e-03 1.00237055e-01
-5.79119218e-02 -1.22543833e-03 1.00988200e-01
-5.83983205e-02 -1.23259172e-03 1.01720693e-01
-5.88757742e-02 -1.23959517e-03 1.02433956e-01
-5.93439710e-02 -1.24644703e-03 1.03127416e-01
-5.98026012e-02 -1.25314579e-03 1.03800505e-01
-6.02513579e-02 -1.25969007e-03 1.04452662e-01
-6.06899367e-02 -1.26607865e-03 1.05083333e-01
-6.11180368e-02 -1.27231043e-03 1.05691972e-01
-6.15353605e-02 -1.27838446e-03 1.06278038e-01
-6.19416139e-02 -1.28429994e-03 1.06841002e-01
-6.23365070e-02 -1.29005622e-03 1.07380341e-01
-6.27197541e-02 -1.29565278e-03 1.07895545e-01
-6.30910740e-02 -1.30108927e-03 1.08386109e-01
-6.34501902e-02 -1.30636546e-03 1.08851544e-01
-6.37968313e-02 -1.31148131e-03 1.09291367e-01
-6.41307312e-02 -1.31643688e-03 1.09705110e-01
-6.44516292e-02 -1.32123243e-03 1.10092314e-01
-6.47592707e-02 -1.32586833e-03 1.10452536e-01
-6.50534068e-02 -1.33034513e-03 1.10785343e-01
-6.53337952e-02 -1.33466349e-03 1.11090315e-01
-6.56002000e-02 -1.33882426e-03 1.11367049e-01
-6.58523921e-02 -1.34282841e-03 1.11615154e-01
-6.60901495e-02 -1.34667707e-03 1.11834252e-01
-6.63132574e-02 -1.35037151e-03 1.12023984e-01
-6.65215085e-02 -1.35391313e-03 1.12184004e-01
-6.67147032e-02 -1.35730349e-03 1.12313983e-01
-6.68926497e-02 -1.36054429e-03 1.12413607e-01
-6.70551646e-02 -1.36363735e-03 1.12482580e-01
-6.72020725e-02 -1.36658465e-03 1.12520622e-01
-6.73332066e-02 -1.36938827e-03 1.12527472e-01
-6.74484090e-02 -1.37205045e-03 1.12502884e-01
-6.75475305e-02 -1.37457355e-03 1.12446633e-01
-6.76304309e-02 -1.37696006e-03 1.12358511e-01
-6.76969793e-02 -1.37921256e-03 1.12238328e-01
-6.77470542e-02 -1.38133380e-03 1.12085915e-01
-6.77805436e-02 -1.38332660e-03 1.11901118e-01
-6.77973451e-02 -1.38519393e-03 1.11683808e-01
-6.77973662e-02 -1.38693883e-03 1.11433871e-01
-6.77805241e-02 -1.38856448e-03 1.11151215e-01
-6.77467464e-02 -1.39007413e-03 1.10835767e-01
-6.76959704e-02 -1.39147116e-03 1.10487476e-01
-6.76281439e-02 -1.39275902e-03 1.10106309e-01
-6.75432250e-02 -1.39394124e-03 1.09692254e-01
-6.74411820e-02 -1.39502147e-03 1.09245322e-01
-6.73219939e-02 -1.39600341e-03 1.08765541e-01
-6.71856501e-02 -1.39689084e-03 1.08252961e-01
-6.70321505e-02 -1.39768763e-03 1.07707655e-01
-6.68615056e-02 -1.39839768e-03 1.07129713e-01
-6.66737368e-02 -1.39902500e-03 1.06519249e-01
-6.64688757e-02 -1.39957361e-03 1.05876396e-01
-6.62469648e-02 -1.40004762e-03 1.05201309e-01
-6.60080573e-02 -1.40045115e-03 1.04494162e-01
-6.57522170e-02 -1.40078841e-03 1.03755151e-01
-6.54795181e-02 -1.40106360e-03 1.02984493e-01
-6.51900456e-02 -1.40128097e-03 1.02182425e-01
-6.48838950e-02 -1.40144482e-03 1.01349202e-01
-6.45611722e-02 -1.40155943e-03 1.00485103e-01
-6.42219936e-02 -1.40162913e-03 9.95904254e-02
-6.38664858e-02 -1.40165825e-03 9.86654857e-02
-6.34947859e-02 -1.40165113e-03 9.77106208e-02
-6.31070410e-02 -1.40161210e-03 9.67261870e-02
-6.27034082e-02 -1.40154549e-03 9.57125596e-02
-6.22840546e-02 -1.40145564e-03 9.46701329e-02
-6.18491572e-02 -1.40134685e-03 9.35993198e-02
-6.13989027e-02 -1.40122341e-03 9.25005513e-02
-6.09334872e-02 -1.40108960e-03 9.13742768e-02
-6.04531163e-02 -1.40094966e-03 9.02209632e-02
-5.99580049e-02 -1.40080778e-03 8.90410945e-02
-5.94483768e-02 -1.40066813e-03 8.78351720e-02
-5.89244649e-02 -1.40053483e-03 8.66037133e-02
-5.83865107e-02 -1.40041195e-03 8.53472525e-02
-5.78347641e-02 -1.40030351e-03 8.40663390e-02
-5.72694835e-02 -1.40021348e-03 8.27615378e-02
-5.66909354e-02 -1.40014573e-03 8.14334289e-02
-5.60993941e-02 -1.40010410e-03 8.00826064e-02
-5.54951416e-02 -1.40009235e-03 7.87096785e-02
-5.48784673e-02 -1.40011415e-03 7.73152669e-02
-5.42496678e-02 -1.40017309e-03 7.59000062e-02
-5.36090468e-02 -1.40027270e-03 7.44645434e-02
-5.29569145e-02 -1.40041638e-03 7.30095377e-02
-5.22935877e-02 -1.40060747e-03 7.15356593e-02
-5.16193893e-02 -1.40084919e-03 7.00435895e-02
-5.09346480e-02 -1.40114468e-03 6.85340200e-02
-5.02396985e-02 -1.40149696e-03 6.70076519e-02
-4.95348806e-02 -1.40190894e-03 6.54651957e-02
-4.88205391e-02 -1.40238344e-03 6.39073706e-02
-4.80970239e-02 -1.40292313e-03 6.23349036e-02
-4.73646893e-02 -1.40353059e-03 6.07485293e-02
-4.66238936e-02 -1.40420827e-03 5.91489890e-02
-4.58749994e-02 -1.40495850e-03 5.75370304e-02
-4.51183727e-02 -1.40578348e-03 5.59134066e-02
-4.43543829e-02 -1.40668528e-03 5.42788759e-02
-4.35834025e-02 -1.40766585e-03 5.26342009e-02
-4.28058065e-02 -1.40872699e-03 5.09801482e-02
-4.20219725e-02 -1.40987038e-03 4.93174874e-02
-4.12322803e-02 -1.41109756e-03 4.76469908e-02
-4.04371113e-02 -1.41240993e-03 4.59694325e-02
-3.96368486e-02 -1.41380876e-03 4.42855881e-02
-3.88318763e-02 -1.41529515e-03 4.25962338e-02
-3.80225795e-02 -1.41687010e-03 4.09021461e-02
-3.72093440e-02 -1.41853445e-03 3.92041009e-02
-3.63925558e-02 -1.42028888e-03 3.75028731e-02
-3.55726006e-02 -1.42213395e-03 3.57992357e-02
-3.47498643e-02 -1.42407007e-03 3.40939597e-02
-3.39247317e-02 -1.42609751e-03 3.23878130e-02
-3.30975870e-02 -1.42821639e-03 3.06815602e-02
-3.22688131e-02 -1.43042669e-03 2.89759617e-02
-3.14387912e-02 -1.43272825e-03 2.72717735e-02
-3.06079011e-02 -1.43512075e-03 2.55697462e-02
-2.97765202e-02 -1.43760377e-03 2.38706248e-02
-2.89450237e-02 -1.44017672e-03 2.21751481e-02
-2.81137840e-02 -1.44283887e-03 2.04840478e-02
-2.72831709e-02 -1.44558937e-03 1.87980486e-02
-2.64535506e-02 -1.44842722e-03 1.71178672e-02
-2.56252864e-02 -1.45135130e-03 1.54442118e-02
-2.47987374e-02 -1.45436035e-03 1.37777819e-02
-2.39742591e-02 -1.45745298e-03 1.21192677e-02
-2.31522027e-02 -1.46062768e-03 1.04693493e-02
-2.23329148e-02 -1.46388281e-03 8.82869699e-03
-2.15167377e-02 -1.46721661e-03 7.19796989e-03
-2.07040086e-02 -1.47062720e-03 5.57781620e-03
-1.98950595e-02 -1.47411260e-03 3.96887252e-03
-1.90902172e-02 -1.47767068e-03 2.37176346e-03
-1.82898030e-02 -1.48129925e-03 7.87101264e-04
-1.74941324e-02 -1.48499597e-03 -7.84514544e-04
-1.67035150e-02 -1.48875842e-03 -2.34249755e-03
-1.59182543e-02 -1.49258407e-03 -3.88627476e-03
-1.51386475e-02 -1.49647032e-03 -5.41528697e-03
-1.43649853e-02 -1.50041444e-03 -6.92898905e-03
-1.35975518e-02 -1.50441364e-03 -8.42685022e-03
-1.28366244e-02 -1.50846505e-03 -9.90835440e-03
-1.20824735e-02 -1.51256569e-03 -1.13730004e-02
-1.13353624e-02 -1.51671254e-03 -1.28203022e-02
-1.05955473e-02 -1.52090249e-03 -1.42497892e-02
-9.86327703e-03 -1.52513237e-03 -1.56610063e-02
-9.13879298e-03 -1.52939894e-03 -1.70535144e-02
-8.42232903e-03 -1.53369891e-03 -1.84268903e-02
-7.71411140e-03 -1.53802895e-03 -1.97807269e-02
-7.01435861e-03 -1.54238565e-03 -2.11146334e-02
-6.32328135e-03 -1.54676558e-03 -2.24282354e-02
-5.64108244e-03 -1.55116528e-03 -2.37211753e-02
-4.96795673e-03 -1.55558122e-03 -2.49931118e-02
-4.30409110e-03 -1.56000988e-03 -2.62437205e-02
-3.64966437e-03 -1.56444768e-03 -2.74726937e-02
-3.00484724e-03 -1.56889105e-03 -2.86797405e-02
-2.36980231e-03 -1.57333639e-03 -2.98645870e-02
-1.74468404e-03 -1.57778009e-03 -3.10269761e-02
-1.12963870e-03 -1.58221853e-03 -3.21666674e-02
-5.24804391e-04 -1.58664810e-03 -3.32834376e-02
6.96889494e-05 -1.59106519e-03 -3.43770801e-02
6.53719561e-04 -1.59546618e-03 -3.54474049e-02
1.22717383e-03 -1.59984749e-03 -3.64942391e-02
1.78994629e-03 -1.60420553e-03 -3.75174261e-02
2.34193955e-03 -1.60853676e-03 -3.85168258e-02
2.88306432e-03 -1.61283764e-03 -3.94923148e-02
3.41323929e-03 -1.61710468e-03 -4.04437857e-02
3.93239115e-03 -1.62133440e-03 -4.13711475e-02
4.44045451e-03 -1.62552337e-03 -4.22743250e-02
4.93737179e-03 -1.62966822e-03 -4.31532591e-02
5.42309324e-03 -1.63376560e-03 -4.40079062e-02
5.89757678e-03 -1.63781221e-03 -4.48382382e-02
6.36078795e-03 -1.64180483e-03 -4.56442423e-02
6.81269984e-03 -1.64574027e-03 -4.64259208e-02
7.25329296e-03 -1.64961540e-03 -4.71832911e-02
7.68255516e-03 -1.65342719e-03 -4.79163847e-02
8.10048153e-03 -1.65717263e-03 -4.86252480e-02
8.50707427e-03 -1.66084880e-03 -4.93099412e-02
8.90234259e-03 -1.66445287e-03 -4.99705386e-02
9.28630257e-03 -1.66798206e-03 -5.06071280e-02
9.65897708e-03 -1.67143369e-03 -5.12198106e-02
1.00203956e-02 -1.67480515e-03 -5.18087004e-02
1.03705941e-02 -1.67809391e-03 -5.23739244e-02
1.07096149e-02 -1.68129754e-03 -5.29156221e-02
1.10375066e-02 -1.68441369e-03 -5.34339448e-02
1.13543238e-02 -1.68744009e-03 -5.39290559e-02
1.16601271e-02 -1.69037460e-03 -5.44011301e-02
1.19549828e-02 -1.69321513e-03 -5.48503536e-02
1.22389629e-02 -1.69595972e-03 -5.52769230e-02
1.25121448e-02 -1.69860649e-03 -5.56810456e-02
1.27746112e-02 -1.70115365e-03 -5.60629391e-02
1.30264500e-02 -1.70359955e-03 -5.64228305e-02
1.32677541e-02 -1.70594259e-03 -5.67609567e-02
1.34986211e-02 -1.70818131e-03 -5.70775636e-02
1.37191534e-02 -1.71031433e-03 -5.73729057e-02
1.39294578e-02 -1.71234040e-03 -5.76472461e-02
1.41296455e-02 -1.71425835e-03 -5.79008559e-02
1.43198317e-02 -1.71606712e-03 -5.81340139e-02
1.45001357e-02 -1.71776575e-03 -5.83470062e-02
1.46706805e-02 -1.71935341e-03 -5.85401258e-02
1.48315930e-02 -1.72082935e-03 -5.87136725e-02
1.49830032e-02 -1.72219292e-03 -5.88679523e-02
1.51250446e-02 -1.72344361e-03 -5.90032770e-02
1.52578539e-02 -1.72458096e-03 -5.91199641e-02
1.53815705e-02 -1.72560466e-03 -5.92183361e-02
1.54963368e-02 -1.72651448e-03 -5.92987205e-02
1.56022977e-02 -1.72731030e-03 -5.93614493e-02
1.56996006e-02 -1.72799209e-03 -5.94068585e-02
1.57883952e-02 -1.72855992e-03 -5.94352880e-02
1.58688332e-02 -1.72901399e-03 -5.94470811e-02
1.59410684e-02 -1.72935454e-03 -5.94425844e-02
1.60052563e-02 -1.72958195e-03 -5.94221469e-02
1.60615540e-02 -1.72969669e-03 -5.93861204e-02
1.61101202e-02 -1.72969930e-03 -5.93348588e-02
1.61511147e-02 -1.72959043e-03 -5.92687176e-02
1.61846986e-02 -1.72937080e-03 -5.91880539e-02
1.62110340e-02 -1.72904125e-03 -5.90932261e-02
1.62302837e-02 -1.72860267e-03 -5.89845932e-02
1.62426115e-02 -1.72805605e-03 -5.88625152e-02
1.62481815e-02 -1.72740245e-03 -5.87273519e-02
1.62471583e-02 -1.72664304e-03 -5.85794634e-02
1.62397068e-02 -1.72577902e-03 -5.84192094e-02
1.62259919e-02 -1.72481169e-03 -5.82469492e-02
1.62061788e-02 -1.72374243e-03 -5.80630411e-02
1.61804322e-02 -1.72257267e-03 -5.78678422e-02
1.61489169e-02 -1.72130392e-03 -5.76617087e-02
1.61117971e-02 -1.71993773e-03 -5.74449947e-02
1.60692365e-02 -1.71847575e-03 -5.72180528e-02
1.60213984e-02 -1.71691966e-03 -5.69812334e-02
1.59684451e-02 -1.71527120e-03 -5.67348846e-02
1.59105382e-02 -1.71353218e-03 -5.64793520e-02
1.58478383e-02 -1.71170444e-03 -5.62149786e-02
1.57805050e-02 -1.70978988e-03 -5.59421044e-02
1.57086968e-02 -1.70779045e-03 -5.56610661e-02
1.56325708e-02 -1.70570811e-03 -5.53721974e-02
1.55522828e-02 -1.70354491e-03 -5.50758283e-02
1.54679872e-02 -1.70130291e-03 -5.47722852e-02
1.53798369e-02 -1.69898419e-03 -5.44618906e-02
1.52879831e-02 -1.69659089e-03 -5.41449632e-02
1.51925755e-02 -1.69412516e-03 -5.38218174e-02
1.50937618e-02 -1.69158918e-03 -5.34927633e-02
1.49916882e-02 -1.68898516e-03 -5.31581067e-02
1.48864985e-02 -1.68631533e-03 -5.28181487e-02
1.47783351e-02 -1.68358193e-03 -5.24731861e-02
1.46673381e-02 -1.68078721e-03 -5.21235104e-02
1.45536453e-02 -1.67793346e-03 -5.17694087e-02
1.44373929e-02 -1.67502294e-03 -5.14111628e-02
1.43187144e-02 -1.67205795e-03 -5.10490495e-02
1.41977415e-02 -1.66904078e-03 -5.06833407e-02
1.40746032e-02 -1.66597373e-03 -5.03143026e-02
1.39494264e-02 -1.66285909e-03 -4.99421966e-02
1.38223358e-02 -1.65969915e-03 -4.95672784e-02
1.36934535e-02 -1.65649621e-03 -4.91897984e-02
1.35628992e-02 -1.65325253e-03 -4.88100016e-02
1.34307902e-02 -1.64997039e-03 -4.84281274e-02
1.32972413e-02 -1.64665206e-03 -4.80444097e-02
1.31623649e-02 -1.64329977e-03 -4.76590767e-02
1.30262707e-02 -1.63991575e-03 -4.72723513e-02
1.28890661e-02 -1.63650222e-03 -4.68844504e-02
1.27508559e-02 -1.63306136e-03 -4.64955857e-02
1.26117422e-02 -1.62959535e-03 -4.61059629e-02
1.24718247e-02 -1.62610632e-03 -4.57157823e-02
1.23312006e-02 -1.62259640e-03 -4.53252384e-02
1.21899643e-02 -1.61906768e-03 -4.49345202e-02
1.20482078e-02 -1.61552222e-03 -4.45438110e-02
1.19060206e-02 -1.61196205e-03 -4.41532887e-02
1.17634896e-02 -1.60838917e-03 -4.37631254e-02
1.16206991e-02 -1.60480556e-03 -4.33734878e-02
1.14777308e-02 -1.60121313e-03 -4.29845372e-02
1.13346641e-02 -1.59761379e-03 -4.25964292e-02
1.11915758e-02 -1.59400940e-03 -4.22093141e-02
1.10485401e-02 -1.59040177e-03 -4.18233370e-02
1.09056289e-02 -1.58679268e-03 -4.14386374e-02
1.07629115e-02 -1.58318388e-03 -4.10553496e-02
1.06204548e-02 -1.57957705e-03 -4.06736028e-02
1.04783234e-02 -1.57597386e-03 -4.02935211e-02
1.03365795e-02 -1.57237591e-03 -3.99152232e-02
1.01952827e-02 -1.56878477e-03 -3.95388230e-02
1.00544906e-02 -1.56520197e-03 -3.91644296e-02
9.91425841e-03 -1.56162898e-03 -3.87921469e-02
9.77463892e-03 -1.55806723e-03 -3.84220741e-02
9.63568283e-03 -1.55451811e-03 -3.80543057e-02
9.49743859e-03 -1.55098295e-03 -3.76889316e-02
9.35995250e-03 -1.54746305e-03 -3.73260371e-02
9.22326871e-03 -1.54395964e-03 -3.69657029e-02
9.08742928e-03 -1.54047393e-03 -3.66080054e-02
8.95247421e-03 -1.53700706e-03 -3.62530166e-02
8.81844147e-03 -1.53356013e-03 -3.59008043e-02
8.68536704e-03 -1.53013419e-03 -3.55514323e-02
8.55328497e-03 -1.52673026e-03 -3.52049600e-02
8.42222739e-03 -1.52334928e-03 -3.48614432e-02
8.29222457e-03 -1.51999216e-03 -3.45209336e-02
8.16330495e-03 -1.51665976e-03 -3.41834791e-02
8.03549517e-03 -1.51335291e-03 -3.38491241e-02
7.90882016e-03 -1.51007236e-03 -3.35179091e-02
7.78330312e-03 -1.50681883e-03 -3.31898715e-02
7.65896560e-03 -1.50359302e-03 -3.28650448e-02
7.53582752e-03 -1.50039553e-03 -3.25434596e-02
7.41390723e-03 -1.49722695e-03 -3.22251430e-02
7.29322155e-03 -1.49408784e-03 -3.19101192e-02
7.17378580e-03 -1.49097867e-03 -3.15984091e-02
7.05561385e-03 -1.48789990e-03 -3.12900309e-02
6.93871815e-03 -1.48485194e-03 -3.09849996e-02
6.82310982e-03 -1.48183516e-03 -3.06833279e-02
6.70879860e-03 -1.47884988e-03 -3.03850255e-02
6.59579300e-03 -1.47589638e-03 -3.00900996e-02
6.48410024e-03 -1.47297492e-03 -2.97985549e-02
6.37372638e-03 -1.47008569e-03 -2.95103938e-02
6.26467628e-03 -1.46722886e-03 -2.92256162e-02
6.15695372e-03 -1.46440456e-03 -2.89442199e-02
6.05056136e-03 -1.46161289e-03 -2.86662005e-02
5.94550084e-03 -1.45885390e-03 -2.83915517e-02
5.84177280e-03 -1.45612762e-03 -2.81202650e-02
5.73937690e-03 -1.45343403e-03 -2.78523302e-02
5.63831189e-03 -1.45077308e-03 -2.75877352e-02
5.53857562e-03 -1.44814471e-03 -2.73264662e-02
5.44016510e-03 -1.44554881e-03 -2.70685077e-02
5.34307651e-03 -1.44298523e-03 -2.68138428e-02
5.24730527e-03 -1.44045382e-03 -2.65624529e-02
5.15284604e-03 -1.43795437e-03 -2.63143181e-02
5.05969277e-03 -1.43548668e-03 -2.60694172e-02
4.96783875e-03 -1.43305048e-03 -2.58277275e-02
4.87727661e-03 -1.43064552e-03 -2.55892254e-02
4.78799838e-03 -1.42827148e-03 -2.53538861e-02
4.69999552e-03 -1.42592807e-03 -2.51216835e-02
4.61325891e-03 -1.42361493e-03 -2.48925908e-02
4.52777896e-03 -1.42133170e-03 -2.46665802e-02
4.44354555e-03 -1.41907801e-03 -2.44436228e-02
4.36054814e-03 -1.41685346e-03 -2.42236891e-02
4.27877573e-03 -1.41465762e-03 -2.40067489e-02
4.19821694e-03 -1.41249007e-03 -2.37927711e-02
4.11886001e-03 -1.41035036e-03 -2.35817242e-02
4.04069282e-03 -1.40823801e-03 -2.33735760e-02
3.96370294e-03 -1.40615256e-03 -2.31682936e-02
3.88787764e-03 -1.40409352e-03 -2.29658439e-02
3.81320390e-03 -1.40206037e-03 -2.27661933e-02
3.73966848e-03 -1.40005261e-03 -2.25693077e-02
3.66725789e-03 -1.39806972e-03 -2.23751528e-02
3.59595842e-03 -1.39611115e-03 -2.21836939e-02
3.52575621e-03 -1.39417638e-03 -2.19948961e-02
3.45663720e-03 -1.39226485e-03 -2.18087243e-02
3.38858721e-03 -1.39037602e-03 -2.16251432e-02
3.32159192e-03 -1.38850931e-03 -2.14441174e-02
3.25563689e-03 -1.38666417e-03 -2.12656115e-02
3.19070762e-03 -1.38484003e-03 -2.10895898e-02
3.12678950e-03 -1.38303631e-03 -2.09160168e-02
3.06386790e-03 -1.38125245e-03 -2.07448569e-02
3.00192811e-03 -1.37948787e-03 -2.05760747e-02
2.94095542e-03 -1.37774199e-03 -2.04096345e-02
2.88093509e-03 -1.37601423e-03 -2.02455012e-02
2.82185238e-03 -1.37430403e-03 -2.00836395e-02
2.76369259e-03 -1.37261080e-03 -1.99240142e-02
2.70644101e-03 -1.37093398e-03 -1.97665904e-02
2.65008298e-03 -1.36927300e-03 -1.96113336e-02
2.59460390e-03 -1.36762729e-03 -1.94582091e-02
2.53998921e-03 -1.36599628e-03 -1.93071828e-02
2.48622444e-03 -1.36437942e-03 -1.91582206e-02
2.43329519e-03 -1.36277615e-03 -1.90112888e-02
2.38118715e-03 -1.36118593e-03 -1.88663540e-02
2.32988609e-03 -1.35960822e-03 -1.87233832e-02
2.27937791e-03 -1.35804247e-03 -1.85823435e-02
2.22964860e-03 -1.35648816e-03 -1.84432024e-02
2.18068429e-03 -1.35494477e-03 -1.83059280e-02
2.13247122e-03 -1.35341179e-03 -1.81704885e-02
2.08499576e-03 -1.35188870e-03 -1.80368525e-02
2.03824444e-03 -1.35037500e-03 -1.79049891e-02
1.99220390e-03 -1.34887022e-03 -1.77748677e-02
1.94686096e-03 -1.34737387e-03 -1.76464582e-02
1.90220257e-03 -1.34588548e-03 -1.75197307e-02
1.85821583e-03 -1.34440458e-03 -1.73946560e-02
1.81488803e-03 -1.34293073e-03 -1.72712052e-02
1.77220659e-03 -1.34146349e-03 -1.71493498e-02
1.73015912e-03 -1.34000242e-03 -1.70290616e-02
1.68873338e-03 -1.33854711e-03 -1.69103132e-02
1.64791731e-03 -1.33709715e-03 -1.67930773e-02
1.60769903e-03 -1.33565213e-03 -1.66773273e-02
1.56806682e-03 -1.33421168e-03 -1.65630367e-02
1.52900915e-03 -1.33277540e-03 -1.64501799e-02
1.49051464e-03 -1.33134295e-03 -1.63387314e-02
1.45257212e-03 -1.32991397e-03 -1.62286663e-02
1.41517059e-03 -1.32848811e-03 -1.61199600e-02
1.37829921e-03 -1.32706505e-03 -1.60125886e-02
1.34194733e-03 -1.32564446e-03 -1.59065285e-02
1.30610450e-03 -1.32422604e-03 -1.58017564e-02
1.27076042e-03 -1.32280950e-03 -1.56982498e-02
1.23590497e-03 -1.32139455e-03 -1.55959863e-02
1.20152823e-03 -1.31998092e-03 -1.54949441e-02
1.16762043e-03 -1.31856834e-03 -1.53951019e-02
1.13417198e-03 -1.31715658e-03 -1.52964386e-02
1.10117349e-03 -1.31574539e-03 -1.51989339e-02
1.06861571e-03 -1.31433455e-03 -1.51025675e-02
1.03648958e-03 -1.31292384e-03 -1.50073198e-02
1.00478621e-03 -1.31151306e-03 -1.49131715e-02
9.73496862e-04 -1.31010202e-03 -1.48201039e-02
9.42612987e-04 -1.30869054e-03 -1.47280985e-02
9.12126186e-04 -1.30727845e-03 -1.46371373e-02
8.82028226e-04 -1.30586559e-03 -1.45472027e-02
8.52311037e-04 -1.30445181e-03 -1.44582774e-02
8.22966703e-04 -1.30303698e-03 -1.43703447e-02
7.93987466e-04 -1.30162097e-03 -1.42833881e-02
7.65365724e-04 -1.30020366e-03 -1.41973915e-02
7.37094022e-04 -1.29878496e-03 -1.41123392e-02
7.09165057e-04 -1.29736475e-03 -1.40282160e-02
6.81571671e-04 -1.29594296e-03 -1.39450068e-02
6.54306852e-04 -1.29451951e-03 -1.38626972e-02
6.27363726e-04 -1.29309433e-03 -1.37812728e-02
6.00735562e-04 -1.29166737e-03 -1.37007197e-02
5.74415762e-04 -1.29023857e-03 -1.36210245e-02
5.48397862e-04 -1.28880791e-03 -1.35421739e-02
5.22675531e-04 -1.28737534e-03 -1.34641550e-02
4.97242564e-04 -1.28594085e-03 -1.33869552e-02
4.72092885e-04 -1.28450442e-03 -1.33105623e-02
4.47220538e-04 -1.28306605e-03 -1.32349644e-02
4.22619688e-04 -1.28162574e-03 -1.31601499e-02
3.98284620e-04 -1.28018350e-03 -1.30861074e-02
3.74209733e-04 -1.27873935e-03 -1.30128258e-02
3.50389539e-04 -1.27729332e-03 -1.29402945e-02
3.26818660e-04 -1.27584543e-03 -1.28685030e-02
3.03491827e-04 -1.27439573e-03 -1.27974411e-02
2.80403873e-04 -1.27294426e-03 -1.27270989e-02
2.57549739e-04 -1.27149108e-03 -1.26574667e-02
2.34924461e-04 -1.27003624e-03 -1.25885351e-02
2.12523178e-04 -1.26857981e-03 -1.25202951e-02
1.90341120e-04 -1.26712187e-03 -1.24527376e-02
1.68373615e-04 -1.26566249e-03 -1.23858541e-02
1.46616078e-04 -1.26420174e-03 -1.23196362e-02
1.25064016e-04 -1.26273973e-03 -1.22540756e-02
1.03713021e-04 -1.26127654e-03 -1.21891644e-02
8.25587719e-05 -1.25981227e-03 -1.21248949e-02
6.15970277e-05 -1.25834702e-03 -1.20612595e-02
4.08236296e-05 -1.25688090e-03 -1.19982509e-02
2.02344976e-05 -1.25541403e-03 -1.19358621e-02
-1.74371497e-07 -1.25394651e-03 -1.18740860e-02
-2.04069058e-05 -1.25247847e-03 -1.18129160e-02
-4.04669599e-05 -1.25101003e-03 -1.17523455e-02
-6.03583166e-05 -1.24954132e-03 -1.16923682e-02
-8.00846884e-05 -1.24807246e-03 -1.16329778e-02
-9.96497194e-05 -1.24660360e-03 -1.15741684e-02
-1.19056986e-04 -1.24513486e-03 -1.15159341e-02
-1.38310000e-04 -1.24366639e-03 -1.14582693e-02
-1.57412208e-04 -1.24219833e-03 -1.14011683e-02
-1.76366993e-04 -1.24073082e-03 -1.13446259e-02
-1.95177676e-04 -1.23926402e-03 -1.12886367e-02
-2.13847519e-04 -1.23779806e-03 -1.12331957e-02
-2.32379722e-04 -1.23633310e-03 -1.11782979e-02
-2.50777428e-04 -1.23486930e-03 -1.11239385e-02
-2.69043720e-04 -1.23340680e-03 -1.10701128e-02
-2.87181627e-04 -1.23194577e-03 -1.10168162e-02
-3.05194119e-04 -1.23048635e-03 -1.09640441e-02
-3.23084112e-04 -1.22902872e-03 -1.09117923e-02
-3.40854467e-04 -1.22757302e-03 -1.08600565e-02
-3.58507990e-04 -1.22611943e-03 -1.08088325e-02
-3.76047435e-04 -1.22466809e-03 -1.07581162e-02
-3.93475501e-04 -1.22321918e-03 -1.07079038e-02
-4.10794834e-04 -1.22177285e-03 -1.06581912e-02
-4.28008030e-04 -1.22032927e-03 -1.06089747e-02
-4.45117629e-04 -1.21888859e-03 -1.05602505e-02
-4.62126123e-04 -1.21745099e-03 -1.05120150e-02
-4.79035948e-04 -1.21601662e-03 -1.04642646e-02
-4.95849491e-04 -1.21458565e-03 -1.04169958e-02
-5.12569086e-04 -1.21315824e-03 -1.03702050e-02
-5.29197015e-04 -1.21173454e-03 -1.03238889e-02
-5.45735508e-04 -1.21031473e-03 -1.02780441e-02
-5.62186744e-04 -1.20889895e-03 -1.02326672e-02
-5.78552849e-04 -1.20748737e-03 -1.01877550e-02
-5.94835895e-04 -1.20608015e-03 -1.01433041e-02
-6.11037904e-04 -1.20467744e-03 -1.00993114e-02
-6.27160842e-04 -1.20327940e-03 -1.00557737e-02
-6.43206623e-04 -1.20188618e-03 -1.00126877e-02
-6.59177106e-04 -1.20049794e-03 -9.97005028e-03
-6.75074096e-04 -1.19911481e-03 -9.92785831e-03
-6.90899344e-04 -1.19773696e-03 -9.88610863e-03
-7.06654544e-04 -1.19636453e-03 -9.84479807e-03
-7.22341333e-04 -1.19499766e-03 -9.80392349e-03
-7.37961293e-04 -1.19363650e-03 -9.76348173e-03
-7.53515948e-04 -1.19228119e-03 -9.72346962e-03
-7.69006764e-04 -1.19093186e-03 -9.68388398e-03
-7.84435147e-04 -1.18958865e-03 -9.64472161e-03
-7.99802444e-04 -1.18825169e-03 -9.60597927e-03
-8.15109943e-04 -1.18692111e-03 -9.56765373e-03
-8.30358868e-04 -1.18559704e-03 -9.52974169e-03
-8.45550384e-04 -1.18427961e-03 -9.49223984e-03
-8.60685591e-04 -1.18296892e-03 -9.45514483e-03
-8.75765528e-04 -1.18166511e-03 -9.41845324e-03
-8.90791166e-04 -1.18036828e-03 -9.38216164e-03
-9.05763414e-04 -1.17907855e-03 -9.34626653e-03
-9.20683114e-04 -1.17779601e-03 -9.31076436e-03
-9.35551040e-04 -1.17652079e-03 -9.27565151e-03
-9.50367899e-04 -1.17525297e-03 -9.24092431e-03
-9.65134330e-04 -1.17399265e-03 -9.20657904e-03
-9.79850901e-04 -1.17273992e-03 -9.17261189e-03
-9.94518112e-04 -1.17149487e-03 -9.13901898e-03
-1.00913639e-03 -1.17025759e-03 -9.10579636e-03
-1.02370609e-03 -1.16902814e-03 -9.07294001e-03
-1.03822750e-03 -1.16780662e-03 -9.04044581e-03
-1.05270082e-03 -1.16659308e-03 -9.00830958e-03
-1.06712620e-03 -1.16538759e-03 -8.97652704e-03
-1.08150368e-03 -1.16419021e-03 -8.94509382e-03
-1.09583327e-03 -1.16300101e-03 -8.91400546e-03
-1.11011486e-03 -1.16182001e-03 -8.88325741e-03
-1.12434830e-03 -1.16064729e-03 -8.85284502e-03
-1.13853332e-03 -1.15948286e-03 -8.82276354e-03
-1.15266962e-03 -1.15832677e-03 -8.79300813e-03
-1.16675679e-03 -1.15717905e-03 -8.76357382e-03
-1.18079435e-03 -1.15603972e-03 -8.73445557e-03
-1.19478175e-03 -1.15490880e-03 -8.70564821e-03
-1.20871833e-03 -1.15378630e-03 -8.67714647e-03
-1.22260338e-03 -1.15267222e-03 -8.64894498e-03
-1.23643611e-03 -1.15156657e-03 -8.62103824e-03
-1.25021563e-03 -1.15046935e-03 -8.59342064e-03
-1.26394099e-03 -1.14938053e-03 -8.56608649e-03
-1.27761113e-03 -1.14830010e-03 -8.53902995e-03
-1.29122495e-03 -1.14722804e-03 -8.51224508e-03
-1.30478123e-03 -1.14616431e-03 -8.48572583e-03
-1.31827869e-03 -1.14510887e-03 -8.45946602e-03
-1.33171597e-03 -1.14406169e-03 -8.43345938e-03
-1.34509162e-03 -1.14302270e-03 -8.40769950e-03
-1.35840412e-03 -1.14199185e-03 -8.38217987e-03
-1.37165187e-03 -1.14096907e-03 -8.35689387e-03
-1.38483317e-03 -1.13995430e-03 -8.33183476e-03
-1.39794628e-03 -1.13894743e-03 -8.30699567e-03
-1.41098934e-03 -1.13794840e-03 -8.28236966e-03
-1.42396045e-03 -1.13695710e-03 -8.25794964e-03
-1.43685760e-03 -1.13597343e-03 -8.23372843e-03
-1.44967872e-03 -1.13499727e-03 -8.20969874e-03
-1.46242167e-03 -1.13402851e-03 -8.18585317e-03
-1.47508423e-03 -1.13306701e-03 -8.16218423e-03
-1.48766411e-03 -1.13211265e-03 -8.13868431e-03
-1.50015893e-03 -1.13116527e-03 -8.11534571e-03
-1.51256627e-03 -1.13022473e-03 -8.09216063e-03
-1.52488362e-03 -1.12929085e-03 -8.06912117e-03
-1.53710840e-03 -1.12836347e-03 -8.04621936e-03
-1.54923797e-03 -1.12744241e-03 -8.02344712e-03
-1.56126964e-03 -1.12652748e-03 -8.00079629e-03
-1.57320062e-03 -1.12561848e-03 -7.97825863e-03
-1.58502809e-03 -1.12471520e-03 -7.95582583e-03
-1.59674915e-03 -1.12381743e-03 -7.93348949e-03
-1.60836087e-03 -1.12292493e-03 -7.91124115e-03
-1.61986022e-03 -1.12203748e-03 -7.88907228e-03
-1.63124416e-03 -1.12115482e-03 -7.86697430e-03
-1.64250957e-03 -1.12027670e-03 -7.84493855e-03
-1.65365329e-03 -1.11940284e-03 -7.82295635e-03
-1.66467210e-03 -1.11853298e-03 -7.80101893e-03
-1.67556276e-03 -1.11766683e-03 -7.77911752e-03
-1.68632195e-03 -1.11680407e-03 -7.75724329e-03
-1.69694636e-03 -1.11594442e-03 -7.73538738e-03
-1.70743258e-03 -1.11508754e-03 -7.71354091e-03
-1.71777723e-03 -1.11423310e-03 -7.69169498e-03
-1.72797684e-03 -1.11338077e-03 -7.66984066e-03
-1.73802794e-03 -1.11253018e-03 -7.64796905e-03
-1.74792703e-03 -1.11168097e-03 -7.62607120e-03
-1.75767058e-03 -1.11083276e-03 -7.60413820e-03
-1.76725505e-03 -1.10998517e-03 -7.58216114e-03
-1.77667686e-03 -1.10913779e-03 -7.56013112e-03
-1.78593243e-03 -1.10829021e-03 -7.53803927e-03
-1.79501817e-03 -1.10744200e-03 -7.51587676e-03
-1.80393048e-03 -1.10659273e-03 -7.49363479e-03
-1.81266573e-03 -1.10574194e-03 -7.47130460e-03
-1.82122032e-03 -1.10488918e-03 -7.44887750e-03
-1.82959064e-03 -1.10403396e-03 -7.42634483e-03
-1.83777307e-03 -1.10317580e-03 -7.40369804e-03
-1.84576401e-03 -1.10231419e-03 -7.38092862e-03
-1.85355988e-03 -1.10144863e-03 -7.35802815e-03
-1.86115709e-03 -1.10057858e-03 -7.33498831e-03
-1.86855208e-03 -1.09970351e-03 -7.31180087e-03
-1.87574132e-03 -1.09882285e-03 -7.28845771e-03
-1.88272128e-03 -1.09793605e-03 -7.26495082e-03
-1.88948849e-03 -1.09704252e-03 -7.24127232e-03
-1.89603948e-03 -1.09614166e-03 -7.21741444e-03
-1.90237084e-03 -1.09523287e-03 -7.19336957e-03
-1.90847917e-03 -1.09431553e-03 -7.16913024e-03
-1.91436115e-03 -1.09338899e-03 -7.14468911e-03
-1.92001347e-03 -1.09245262e-03 -7.12003903e-03
-1.92543290e-03 -1.09150575e-03 -7.09517300e-03
-1.93061622e-03 -1.09054769e-03 -7.07008421e-03
-1.93556032e-03 -1.08957777e-03 -7.04476604e-03
-1.94026210e-03 -1.08859528e-03 -7.01921203e-03
-1.94471856e-03 -1.08759949e-03 -6.99341596e-03
-1.94892675e-03 -1.08658968e-03 -6.96737179e-03
-1.95288379e-03 -1.08556511e-03 -6.94107370e-03
-1.95658688e-03 -1.08452501e-03 -6.91451612e-03
-1.96003328e-03 -1.08346862e-03 -6.88769367e-03
-1.96322036e-03 -1.08239514e-03 -6.86060123e-03
-1.96614554e-03 -1.08130378e-03 -6.83323394e-03
-1.96880636e-03 -1.08019374e-03 -6.80558716e-03
-1.97120041e-03 -1.07906417e-03 -6.77765653e-03
-1.97332543e-03 -1.07791426e-03 -6.74943795e-03
-1.97517919e-03 -1.07674315e-03 -6.72092760e-03
-1.97675962e-03 -1.07554998e-03 -6.69212194e-03
-1.97806470e-03 -1.07433387e-03 -6.66301771e-03
-1.97909256e-03 -1.07309394e-03 -6.63361195e-03
-1.97984142e-03 -1.07182930e-03 -6.60390200e-03
-1.98030960e-03 -1.07053904e-03 -6.57388548e-03
-1.98049554e-03 -1.06922223e-03 -6.54356037e-03
-1.98039782e-03 -1.06787796e-03 -6.51292491e-03
-1.98001511e-03 -1.06650528e-03 -6.48197772e-03
-1.97934620e-03 -1.06510324e-03 -6.45071770e-03
-1.97839004e-03 -1.06367089e-03 -6.41914411e-03
-1.97714566e-03 -1.06220726e-03 -6.38725652e-03
-1.97561226e-03 -1.06071137e-03 -6.35505488e-03
-1.97378915e-03 -1.05918225e-03 -6.32253946e-03
-1.97167576e-03 -1.05761890e-03 -6.28971087e-03
-1.96927168e-03 -1.05602033e-03 -6.25657009e-03
-1.96657663e-03 -1.05438554e-03 -6.22311846e-03
-1.96359047e-03 -1.05271351e-03 -6.18935767e-03
-1.96031319e-03 -1.05100324e-03 -6.15528978e-03
-1.95674492e-03 -1.04925370e-03 -6.12091720e-03
-1.95288595e-03 -1.04746388e-03 -6.08624272e-03
-1.94873671e-03 -1.04563276e-03 -6.05126950e-03
-1.94429776e-03 -1.04375930e-03 -6.01600106e-03
-1.93956983e-03 -1.04184249e-03 -5.98044131e-03
-1.93455378e-03 -1.03988129e-03 -5.94459451e-03
-1.92925063e-03 -1.03787467e-03 -5.90846531e-03
-1.92366153e-03 -1.03582163e-03 -5.87205874e-03
-1.91778782e-03 -1.03372111e-03 -5.83538018e-03
-1.91163095e-03 -1.03157212e-03 -5.79843541e-03
-1.90519254e-03 -1.02937364e-03 -5.76123056e-03
-1.89847435e-03 -1.02712464e-03 -5.72377215e-03
-1.89147832e-03 -1.02482413e-03 -5.68606705e-03
-1.88420650e-03 -1.02247110e-03 -5.64812253e-03
-1.87666113e-03 -1.02006458e-03 -5.60994620e-03
-1.86884457e-03 -1.01760357e-03 -5.57154604e-03
-1.86075936e-03 -1.01508710e-03 -5.53293039e-03
-1.85240817e-03 -1.01251422e-03 -5.49410796e-03
-1.84379382e-03 -1.00988398e-03 -5.45508781e-03
-1.83491929e-03 -1.00719545e-03 -5.41587933e-03
-1.82578771e-03 -1.00444769e-03 -5.37649229e-03
-1.81640233e-03 -1.00163982e-03 -5.33693677e-03
-1.80676660e-03 -9.98770952e-04 -5.29722322e-03
-1.79688405e-03 -9.95840211e-04 -5.25736238e-03
-1.78675841e-03 -9.92846752e-04 -5.21736536e-03
-1.77639352e-03 -9.89789750e-04 -5.17724355e-03
-1.76579336e-03 -9.86668402e-04 -5.13700868e-03
-1.75496208e-03 -9.83481926e-04 -5.09667277e-03
-1.74390393e-03 -9.80229569e-04 -5.05624815e-03
-1.73262332e-03 -9.76910601e-04 -5.01574744e-03
-1.72112479e-03 -9.73524323e-04 -4.97518353e-03
-1.70941299e-03 -9.70070061e-04 -4.93456961e-03
-1.69749274e-03 -9.66547175e-04 -4.89391910e-03
-1.68536894e-03 -9.62955056e-04 -4.85324573e-03
-1.67304666e-03 -9.59293127e-04 -4.81256342e-03
-1.66053105e-03 -9.55560847e-04 -4.77188638e-03
-1.64782741e-03 -9.51757712e-04 -4.73122902e-03
-1.63494115e-03 -9.47883252e-04 -4.69060597e-03
-1.62187778e-03 -9.43937039e-04 -4.65003209e-03
-1.60864294e-03 -9.39918684e-04 -4.60952241e-03
-1.59524236e-03 -9.35827840e-04 -4.56909217e-03
-1.58168188e-03 -9.31664204e-04 -4.52875678e-03
-1.56796745e-03 -9.27427515e-04 -4.48853180e-03
-1.55410512e-03 -9.23117561e-04 -4.44843295e-03
-1.54010102e-03 -9.18734174e-04 -4.40847611e-03
-1.52596138e-03 -9.14277236e-04 -4.36867726e-03
-1.51169252e-03 -9.09746679e-04 -4.32905252e-03
-1.49730084e-03 -9.05142487e-04 -4.28961807e-03
-1.48279282e-03 -9.00464694e-04 -4.25039024e-03
-1.46817502e-03 -8.95713391e-04 -4.21138539e-03
-1.45345408e-03 -8.90888721e-04 -4.17261995e-03
-1.43863671e-03 -8.85990885e-04 -4.13411043e-03
-1.42372966e-03 -8.81020141e-04 -4.09587333e-03
-1.40873977e-03 -8.75976806e-04 -4.05792520e-03
-1.39367394e-03 -8.70861257e-04 -4.02028260e-03
-1.37853909e-03 -8.65673930e-04 -3.98296206e-03
-1.36334223e-03 -8.60415326e-04 -3.94598012e-03
-1.34809040e-03 -8.55086007e-04 -3.90935326e-03
-1.33279068e-03 -8.49686599e-04 -3.87309792e-03
-1.31745018e-03 -8.44217794e-04 -3.83723047e-03
-1.30207606e-03 -8.38680351e-04 -3.80176720e-03
-1.28667549e-03 -8.33075093e-04 -3.76672432e-03
-1.27125570e-03 -8.27402913e-04 -3.73211792e-03
-1.25582390e-03 -8.21664772e-04 -3.69796395e-03
-1.24038734e-03 -8.15861699e-04 -3.66427826e-03
-1.22495327e-03 -8.09994795e-04 -3.63107651e-03
-1.20952898e-03 -8.04065230e-04 -3.59837420e-03
