0.00000000e+00 0.00000000e+00 0.00000000e+00
0.00000000e+00 0.00000000e+00 0.00000000e+00
1.24246497e-22 -2.03697961e-23 -2.35961894e-22
1.29983468e-20 -2.05864554e-21 -2.46605759e-20
2.72118835e-19 -4.20820865e-20 -5.15869185e-19
2.77795876e-18 -4.21069279e-19 -5.26271215e-18
1.83690102e-17 -2.73486128e-18 -3.47770566e-17
9.01113565e-17 -1.31985393e-17 -1.70500298e-16
3.54424198e-16 -5.11384999e-17 -6.70227323e-16
1.17418296e-15 -1.67111610e-16 -2.21923819e-15
3.38838562e-15 -4.76336539e-16 -6.40102995e-15
8.72375884e-15 -1.21325855e-15 -1.64730417e-14
2.03969284e-14 -2.81146121e-15 -3.85015799e-14
4.38946595e-14 -6.00945786e-15 -8.28338331e-14
8.78506839e-14 -1.19773252e-14 -1.65757328e-13
1.64842289e-13 -2.24524465e-14 -3.11021770e-13
2.91815557e-13 -3.98660815e-14 -5.50689260e-13
4.89728035e-13 -6.74376617e-14 -9.24561169e-13
7.81889498e-13 -1.09212230e-13 -1.47723669e-12
1.19040560e-12 -1.70019637e-13 -2.25172660e-12
1.73010628e-12 -2.55342722e-13 -3.27851391e-12
2.39938870e-12 -3.71095773e-13 -4.55905235e-12
3.16753659e-12 -5.23333107e-13 -6.04294774e-12
3.95829964e-12 -7.17929014e-13 -7.59848462e-12
4.62982693e-12 -9.60292018e-13 -8.97673571e-12
4.95143464e-12 -1.25519563e-12 -9.77020194e-12
4.57813215e-12 -1.60682134e-12 -9.36773850e-12
3.02430429e-12 -2.01911492e-12 -6.90837594e-12
-3.61582448e-13 -2.49655146e-12 -1.23748356e-12
-6.41895122e-12 -3.04538721e-12 9.13052096e-12
-1.61911121e-11 -3.67544611e-12 2.60381063e-11
-3.09323942e-11 -4.40244694e-12 5.16940058e-11
-5.21034277e-11 -5.25082595e-12 8.86607178e-11
-8.13516684e-11 -6.25695126e-12 1.39815002e-10
-1.20474523e-10 -7.47256505e-12 2.08276785e-10
-1.71362899e-10 -8.96823067e-12 2.97302776e-10
-2.35923653e-10 -1.08365105e-11 4.10142345e-10
-3.15980267e-10 -1.31945604e-11 5.49854766e-10
-4.13152062e-10 -1.61858044e-11 7.19088760e-10
-5.28713384e-10 -1.99803486e-11 9.19827347e-10
-6.63435430e-10 -2.47738161e-11 1.15310316e-09
-8.17414597e-10 -3.07843264e-11 1.41869165e-09
-9.89892475e-10 -3.82474134e-11 1.71479182e-09
-1.17907381e-09 -4.74087670e-11 2.03770608e-09
-1.38194972e-09 -5.85147961e-11 2.38153278e-09
-1.59413447e-09 -7.18011353e-11 2.73788642e-09
-1.80972447e-09 -8.74793587e-11 3.09566146e-09
-2.02118900e-09 -1.05722301e-10 3.44085650e-09
-2.21930168e-09 -1.26648527e-10 3.75647547e-09
-2.39312195e-09 -1.50306615e-10 4.02252184e-09
-2.53003496e-09 -1.76660029e-10 4.21610101e-09
-2.61585742e-09 -2.05573442e-10 4.31164377e-09
-2.63501558e-09 -2.36801420e-10 4.28126180e-09
-2.57080019e-09 -2.69980402e-10 4.09524280e-09
-2.40570100e-09 -3.04624884e-10 3.72268955e-09
-2.12182148e-09 -3.40128659e-10 3.13230324e-09
-1.70137197e-09 -3.75771856e-10 2.29330686e-09
-1.12723703e-09 -4.10734381e-10 1.17650013e-09
-3.83609960e-10 -4.44116176e-10 -2.44567506e-10
5.43315024e-10 -4.74964505e-10 -1.99232404e-09
1.66460510e-09 -5.02308239e-10 -4.08382517e-09
2.98782033e-09 -5.25198812e-10 -6.52935492e-09
4.51623133e-09 -5.42757318e-10 -9.33100838e-09
6.24804207e-09 -5.54226865e-10 -1.24812915e-08
8.17563856e-09 -5.59029085e-10 -1.59617763e-08
1.02848857e-08 -5.56823416e-10 -1.97418523e-08
1.25544948e-08 -5.47567567e-10 -2.37776154e-08
1.49554862e-08 -5.31577339e-10 -2.80109391e-08
1.74507691e-08 -5.09583877e-10 -3.23687674e-08
1.99948622e-08 -4.82786260e-10 -3.67626746e-08
2.25337769e-08 -4.52897328e-10 -4.10887272e-08
2.50050821e-08 -4.22180627e-10 -4.52276867e-08
2.73381689e-08 -3.93476423e-10 -4.90455833e-08
2.94547295e-08 -3.70214860e-10 -5.23946862e-08
3.12694626e-08 -3.56414519e-10 -5.51148929e-08
3.26910117e-08 -3.56664890e-10 -5.70355474e-08
3.36231421e-08 -3.76091560e-10 -5.79776960e-08
3.39661529e-08 -4.20303249e-10 -5.77567756e-08
3.36185212e-08 -4.95320264e-10 -5.61857235e-08
3.24787668e-08 -6.07484286e-10 -5.30784893e-08
3.04475221e-08 -7.63349932e-10 -4.82539169e-08
2.74297866e-08 -9.69558936e-10 -4.15399598e-08
2.33373414e-08 -1.23269828e-09 -3.27781797e-08
1.80912934e-08 -1.55914405e-09 -2.18284727e-08
1.16247141e-08 -1.95489333e-09 -8.57395804e-09
3.88533564e-09 -2.42538661e-09 7.07404384e-09
-5.16173957e-09 -2.97532395e-09 2.51710228e-08
-1.55313598e-08 -3.60847808e-09 4.57343650e-08
-2.72157244e-08 -4.32750818e-09 6.87386029e-08
-4.01819128e-08 -5.13377816e-09 9.41109226e-08
-5.43695934e-08 -6.02718349e-09 1.21727023e-07
-6.96889647e-08 -7.00599060e-09 1.51407425e-07
-8.60189780e-08 -8.06669300e-09 1.82914319e-07
-1.03205893e-07 -9.20388816e-09 2.15949051e-07
-1.21062216e-07 -1.04101789e-08 2.50150335e-07
-1.39366059e-07 -1.16761031e-08 2.85093266e-07
-1.57860972e-07 -1.29900950e-08 3.20289222e-07
-1.76256279e-07 -1.43384808e-08 3.55186715e-07
-1.94227947e-07 -1.57055116e-08 3.89173257e-07
-2.11420024e-07 -1.70734356e-08 4.21578275e-07
-2.27446659e-07 -1.84226098e-08 4.51677127e-07
-2.41894719e-07 -1.97316548e-08 4.78696231e-07
-2.54327008e-07 -2.09776498e-08 5.01819317e-07
-2.64286090e-07 -2.21363695e-08 5.20194799e-07
-2.71298702e-07 -2.31825614e-08 5.32944240e-07
-2.74880741e-07 -2.40902612e-08 5.39171883e-07
-2.74542794e-07 -2.48331441e-08 5.37975180e-07
-2.69796185e-07 -2.53849098e-08 5.28456274e-07
-2.60159492e-07 -2.57196957e-08 5.09734321e-07
-2.45165477e-07 -2.58125159e-08 4.80958588e-07
-2.24368379e-07 -2.56397201e-08 4.41322183e-07
-1.97351504e-07 -2.51794672e-08 3.90076315e-07
-1.63735032e-07 -2.44122081e-08 3.26544933e-07
-1.23183977e-07 -2.33211708e-08 2.50139606e-07
-7.54161938e-08 -2.18928434e-08 1.60374469e-07
-2.02103724e-08 -2.01174452e-08 5.68810924e-08
4.25860964e-08 -1.79893825e-08 -6.05769212e-08
1.13049465e-07 -1.55076797e-08 -1.92089779e-07
1.91172286e-07 -1.26763804e-08 -3.37587960e-07
2.76856468e-07 -9.50491143e-09 -4.96829484e-07
3.69906851e-07 -6.00840354e-09 -6.69388165e-07
4.70025360e-07 -2.20796241e-09 -8.54643032e-07
5.76805876e-07 1.86911544e-09 -1.05176908e-06
6.89729867e-07 6.18918721e-09 -1.25972956e-06
8.08162909e-07 1.07121735e-08 -1.47726986e-06
9.31352143e-07 1.53915373e-08 -1.70291332e-06
1.05842476e-06 2.01743356e-08 -1.93495887e-06
1.18838760e-06 2.50013464e-08 -2.17148084e-06
1.32012783e-06 2.98072730e-08 -2.41033092e-06
1.45241496e-06 3.45210267e-08 -2.64914238e-06
1.58390394e-06 3.90660888e-08 -2.88533665e-06
1.71313968e-06 4.33609500e-08 -3.11613235e-06
1.83856275e-06 4.73196274e-08 -3.33855666e-06
1.95851647e-06 5.08522558e-08 -3.54945924e-06
2.07125527e-06 5.38657504e-08 -3.74552853e-06
2.17495433e-06 5.62645378e-08 -3.92331053e-06
2.26772054e-06 5.79513487e-08 -4.07922987e-06
2.34760464e-06 5.88280691e-08 -4.20961323e-06
2.41261456e-06 5.87966421e-08 -4.31071493e-06
2.46072991e-06 5.77600137e-08 -4.37874466e-06
2.48991751e-06 5.56231162e-08 -4.40989705e-06
2.49814791e-06 5.22938792e-08 -4.40038315e-06
2.48341276e-06 4.76842620e-08 -4.34646345e-06
2.44374302e-06 4.17112959e-08 -4.24448237e-06
2.37722780e-06 3.42981295e-08 -4.09090392e-06
2.28203379e-06 2.53750661e-08 -3.88234841e-06
2.15642510e-06 1.48805837e-08 -3.61562984e-06
1.99878345e-06 2.76232888e-09 -3.28779388e-06
1.80762843e-06 -1.10219265e-08 -2.89615600e-06
1.58163786e-06 -2.65033745e-08 -2.43833963e-06
1.31966804e-06 -4.37013155e-08 -1.91231404e-06
1.02077364e-06 -6.26223674e-08 -1.31643155e-06
6.84227253e-07 -8.32597473e-08 -6.49463938e-07
3.09538295e-07 -1.05592636e-07 8.93622919e-08
-1.03528737e-07 -1.29585628e-07 9.00332121e-07
-5.54936954e-07 -1.55188284e-07 1.78320990e-06
-1.04436075e-06 -1.82334780e-07 2.73720924e-06
-1.57117065e-06 -2.10943666e-07 3.76096513e-06
-2.13441945e-06 -2.40917739e-07 4.85250857e-06
-2.73282982e-06 -2.72144034e-07 6.00924395e-06
-3.36478343e-06 -3.04493934e-07 7.22792944e-06
-4.02831180e-06 -3.37823400e-07 8.50466053e-06
-4.72108887e-06 -3.71973331e-07 9.83485699e-06
-5.44042551e-06 -4.06770045e-07 1.12132535e-05
-6.18326602e-06 -4.42025882e-07 1.26338937e-05
-6.94618665e-06 -4.77539931e-07 1.40901287e-05
-7.72539623e-06 -5.13098879e-07 1.55746193e-05
-8.51673905e-06 -5.48477977e-07 1.70793418e-05
-9.31569992e-06 -5.83442109e-07 1.85955993e-05
-1.01174115e-05 -6.17746980e-07 2.01140359e-05
-1.09166639e-05 -6.51140398e-07 2.16246559e-05
-1.17079165e-05 -6.83363652e-07 2.31168473e-05
-1.24853123e-05 -7.14152974e-07 2.45794095e-05
-1.32426943e-05 -7.43241086e-07 2.60005849e-05
-1.39736241e-05 -7.70358803e-07 2.73680951e-05
-1.46714025e-05 -7.95236712e-07 2.86691810e-05
-1.53290931e-05 -8.17606888e-07 2.98906473e-05
-1.59395468e-05 -8.37204653e-07 3.10189096e-05
-1.64954289e-05 -8.53770367e-07 3.20400469e-05
-1.69892481e-05 -8.67051229e-07 3.29398563e-05
-1.74133873e-05 -8.76803091e-07 3.37039114e-05
-1.77601354e-05 -8.82792263e-07 3.43176243e-05
-1.80217217e-05 -8.84797299e-07 3.47663094e-05
-1.81903509e-05 -8.82610759e-07 3.50352510e-05
-1.82582400e-05 -8.76040932e-07 3.51097724e-05
-1.82176552e-05 -8.64913502e-07 3.49753074e-05
-1.80609517e-05 -8.49073158e-07 3.46174736e-05
-1.77806119e-05 -8.28385134e-07 3.40221473e-05
-1.73692865e-05 -8.02736659e-07 3.31755391e-05
-1.68198345e-05 -7.72038327e-07 3.20642713e-05
-1.61253646e-05 -7.36225356e-07 3.06754546e-05
-1.52792756e-05 -6.95258748e-07 2.89967662e-05
-1.42752978e-05 -6.49126326e-07 2.70165274e-05
-1.31075339e-05 -5.97843651e-07 2.47237802e-05
-1.17704991e-05 -5.41454812e-07 2.21083644e-05
-1.02591610e-05 -4.80033077e-07 1.91609924e-05
-8.56897905e-06 -4.13681413e-07 1.58733235e-05
-6.69594258e-06 -3.42532851e-07 1.22380362e-05
-4.63660801e-06 -2.66750719e-07 8.24889870e-06
-2.38813501e-06 -1.86528724e-07 3.90083677e-06
5.16788515e-08 -1.02090877e-07 -8.10000327e-07
2.68436487e-06 -1.36912855e-08 -5.88617711e-06
5.51075162e-06 7.83862114e-08 -1.13289120e-05
8.53093501e-06 1.73828552e-07 -1.71380207e-05
1.17442504e-05 2.72294101e-07 -2.33118633e-05
1.51492463e-05 3.73413439e-07 -2.98472946e-05
1.87436606e-05 4.76790289e-07 -3.67396188e-05
2.25243988e-05 5.82002567e-07 -4.39825476e-05
2.64875139e-05 6.88603566e-07 -5.15681633e-05
3.06281896e-05 7.96123246e-07 -5.94868856e-05
3.49407249e-05 9.04069647e-07 -6.77274428e-05
3.94185217e-05 1.01193040e-06 -7.62768476e-05
4.40540746e-05 1.11917431e-06 -8.51203776e-05
4.88389630e-05 1.22525308e-06 -9.42415605e-05
5.37638459e-05 1.32960306e-06 -1.03622163e-04
5.88184588e-05 1.43164707e-06 -1.13242186e-04
6.39916138e-05 1.53079630e-06 -1.23079862e-04
6.92712010e-05 1.62645224e-06 -1.33111659e-04
7.46441929e-05 1.71800867e-06 -1.43312290e-04
8.00966516e-05 1.80485363e-06 -1.53654722e-04
8.56137371e-05 1.88637146e-06 -1.64110195e-04
9.11797186e-05 1.96194480e-06 -1.74648242e-04
9.67779880e-05 2.03095659e-06 -1.85236713e-04
1.02391075e-04 2.09279212e-06 -1.95841805e-04
1.08000665e-04 2.14684091e-06 -2.06428092e-04
1.13587616e-04 2.19249874e-06 -2.16958565e-04
1.19131982e-04 2.22916946e-06 -2.27394666e-04
1.24613035e-04 2.25626684e-06 -2.37696336e-04
1.30009288e-04 2.27321637e-06 -2.47822055e-04
1.35298520e-04 2.27945692e-06 -2.57728893e-04
1.40457804e-04 2.27444233e-06 -2.67372560e-04
1.45463534e-04 2.25764301e-06 -2.76707458e-04
1.50291453e-04 2.22854727e-06 -2.85686737e-04
1.54916684e-04 2.18666274e-06 -2.94262348e-04
1.59313757e-04 2.13151752e-06 -3.02385104e-04
1.63456645e-04 2.06266132e-06 -3.10004736e-04
1.67318788e-04 1.97966644e-06 -3.17069955e-04
1.70873130e-04 1.88212865e-06 -3.23528508e-04
1.74092148e-04 1.76966791e-06 -3.29327243e-04
1.76947884e-04 1.64192903e-06 -3.34412168e-04
1.79411974e-04 1.49858211e-06 -3.38728508e-04
1.81455681e-04 1.33932296e-06 -3.42220768e-04
1.83049924e-04 1.16387329e-06 -3.44832791e-04
1.84165309e-04 9.71980830e-07 -3.46507815e-04
1.84772153e-04 7.63419313e-07 -3.47188529e-04
1.84840521e-04 5.37988320e-07 -3.46817132e-04
1.84340242e-04 2.95513006e-07 -3.45335378e-04
1.83240943e-04 3.58437137e-08 -3.42684636e-04
1.81512071e-04 -2.41144544e-07 -3.38805933e-04
1.79122913e-04 -5.35552706e-07 -3.33640003e-04
1.76042624e-04 -8.47458394e-07 -3.27127332e-04
1.72240241e-04 -1.17691675e-06 -3.19208195e-04
1.67684705e-04 -1.52396138e-06 -3.09822700e-04
1.62344880e-04 -1.88860537e-06 -2.98910819e-04
1.56189561e-04 -2.27084240e-06 -2.86412423e-04
1.49187496e-04 -2.67064796e-06 -2.72267309e-04
1.41307391e-04 -3.08798059e-06 -2.56415225e-04
1.32517924e-04 -3.52278323e-06 -2.38795894e-04
1.22787752e-04 -3.97498462e-06 -2.19349033e-04
1.12085513e-04 -4.44450071e-06 -1.98014365e-04
1.00379837e-04 -4.93123619e-06 -1.74731632e-04
8.76393404e-05 -5.43508597e-06 -1.49440602e-04
7.38326333e-05 -5.95593677e-06 -1.22081074e-04
5.89283126e-05 -6.49366866e-06 -9.25928800e-05
4.28949606e-05 -7.04815666e-06 -6.09158769e-05
2.57011387e-05 -7.61927234e-06 -2.69899449e-05
7.31538086e-06 -8.20688536e-06 9.24502540e-06
-1.22938164e-05 -8.81086511e-06 4.78491451e-05
-3.31580041e-05 -9.43108220e-06 8.88825444e-05
-5.53087935e-05 -1.00674100e-05 1.32405392e-04
-7.87778702e-05 -1.07197263e-05 1.78477919e-04
-1.03597009e-04 -1.13879146e-05 2.27160444e-04
-1.29798092e-04 -1.20718653e-05 2.78513401e-04
-1.57413126e-04 -1.27714778e-05 3.32597370e-04
-1.86474262e-04 -1.34866610e-05 3.89473116e-04
-2.17013814e-04 -1.42173351e-05 4.49201617e-04
-2.49064284e-04 -1.49634325e-05 5.11844105e-04
-2.82658384e-04 -1.57248991e-05 5.77462109e-04
-3.17829053e-04 -1.65016951e-05 6.46117492e-04
-3.54609491e-04 -1.72937963e-05 7.17872493e-04
-3.93033174e-04 -1.81011946e-05 7.92789776e-04
-4.33133885e-04 -1.89238992e-05 8.70932468e-04
-4.74945735e-04 -1.97619369e-05 9.52364209e-04
-5.18503191e-04 -2.06153530e-05 1.03714920e-03
-5.63841099e-04 -2.14842117e-05 1.12535223e-03
-6.10994711e-04 -2.23685966e-05 1.21703876e-03
-6.59999706e-04 -2.32686109e-05 1.31227493e-03
-7.10892221e-04 -2.41843778e-05 1.41112762e-03
-7.63708866e-04 -2.51160405e-05 1.51366450e-03
-8.18486756e-04 -2.60637626e-05 1.61995406e-03
-8.75263524e-04 -2.70277273e-05 1.73006566e-03
-9.34077353e-04 -2.80081382e-05 1.84406956e-03
-9.94966984e-04 -2.90052182e-05 1.96203697e-03
-1.05797175e-03 -3.00192099e-05 2.08404009e-03
-1.12313157e-03 -3.10503747e-05 2.21015213e-03
-1.19048699e-03 -3.20989926e-05 2.34044732e-03
-1.26007920e-03 -3.31653611e-05 2.47500099e-03
-1.33195002e-03 -3.42497954e-05 2.61388956e-03
-1.40614191e-03 -3.53526267e-05 2.75719056e-03
-1.48269803e-03 -3.64742020e-05 2.90498267e-03
-1.56166218e-03 -3.76148831e-05 3.05734571e-03
-1.64307886e-03 -3.87750454e-05 3.21436065e-03
-1.72699324e-03 -3.99550769e-05 3.37610965e-03
-1.81345117e-03 -4.11553773e-05 3.54267600e-03
-1.90249917e-03 -4.23763567e-05 3.71414419e-03
-1.99418445e-03 -4.36184344e-05 3.89059985e-03
-2.08855487e-03 -4.48820374e-05 4.07212974e-03
-2.18565896e-03 -4.61675995e-05 4.25882176e-03
-2.28554588e-03 -4.74755596e-05 4.45076492e-03
-2.38826544e-03 -4.88063603e-05 4.64804928e-03
-2.49386804e-03 -5.01604465e-05 4.85076596e-03
-2.60240468e-03 -5.15382642e-05 5.05900707e-03
-2.71392693e-03 -5.29402584e-05 5.27286567e-03
-2.82848688e-03 -5.43668721e-05 5.49243576e-03
-2.94613717e-03 -5.58185442e-05 5.71781215e-03
-3.06693087e-03 -5.72957086e-05 5.94909046e-03
-3.19092154e-03 -5.87987920e-05 6.18636704e-03
-3.31816310e-03 -6.03282125e-05 6.42973888e-03
-3.44870987e-03 -6.18843780e-05 6.67930354e-03
-3.58261647e-03 -6.34676848e-05 6.93515906e-03
-3.71993780e-03 -6.50785154e-05 7.19740390e-03
-3.86072896e-03 -6.67172373e-05 7.46613680e-03
-4.00504525e-03 -6.83842017e-05 7.74145671e-03
-4.15294207e-03 -7.00797409e-05 8.02346265e-03
-4.30447486e-03 -7.18041679e-05 8.31225367e-03
-4.45969906e-03 -7.35577737e-05 8.60792862e-03
-4.61867006e-03 -7.53408268e-05 8.91058614e-03
-4.78144308e-03 -7.71535706e-05 9.22032445e-03
-4.94807315e-03 -7.89962228e-05 9.53724126e-03
-5.11861500e-03 -8.08689734e-05 9.86143361e-03
-5.29312304e-03 -8.27719834e-05 1.01929977e-02
-5.47165121e-03 -8.47053830e-05 1.05320289e-02
-5.65425296e-03 -8.66692710e-05 1.08786213e-02
-5.84098114e-03 -8.86637125e-05 1.12328679e-02
-6.03188793e-03 -9.06887383e-05 1.15948601e-02
-6.22702475e-03 -9.27443430e-05 1.19646879e-02
-6.42644215e-03 -9.48304842e-05 1.23424393e-02
-6.63018978e-03 -9.69470812e-05 1.27282006e-02
-6.83831621e-03 -9.90940134e-05 1.31220559e-02
-7.05086893e-03 -1.01271120e-04 1.35240870e-02
-7.26789420e-03 -1.03478198e-04 1.39343732e-02
-7.48943696e-03 -1.05715001e-04 1.43529912e-02
-7.71554074e-03 -1.07981241e-04 1.47800149e-02
-7.94624758e-03 -1.10276582e-04 1.52155151e-02
-8.18159791e-03 -1.12600646e-04 1.56595594e-02
-8.42163044e-03 -1.14953005e-04 1.61122119e-02
-8.66638209e-03 -1.17333185e-04 1.65735333e-02
-8.91588787e-03 -1.19740666e-04 1.70435803e-02
-9.17018077e-03 -1.22174877e-04 1.75224057e-02
-9.42929169e-03 -1.24635199e-04 1.80100581e-02
-9.69324930e-03 -1.27120961e-04 1.85065817e-02
-9.96207997e-03 -1.29631445e-04 1.90120160e-02
-1.02358077e-02 -1.32165881e-04 1.95263959e-02
-1.05144538e-02 -1.34723446e-04 2.00497513e-02
-1.07980372e-02 -1.37303268e-04 2.05821067e-02
-1.10865739e-02 -1.39904423e-04 2.11234816e-02
-1.13800773e-02 -1.42525935e-04 2.16738896e-02
-1.16785578e-02 -1.45166777e-04 2.22333387e-02
-1.19820225e-02 -1.47825867e-04 2.28018310e-02
-1.22904759e-02 -1.50502076e-04 2.33793624e-02
-1.26039189e-02 -1.53194220e-04 2.39659225e-02
-1.29223493e-02 -1.55901064e-04 2.45614946e-02
-1.32457614e-02 -1.58621322e-04 2.51660551e-02
-1.35741461e-02 -1.61353659e-04 2.57795737e-02
-1.39074907e-02 -1.64096687e-04 2.64020130e-02
-1.42457788e-02 -1.66848969e-04 2.70333285e-02
-1.45889903e-02 -1.69609019e-04 2.76734686e-02
-1.49371014e-02 -1.72375303e-04 2.83223738e-02
-1.52900840e-02 -1.75146237e-04 2.89799772e-02
-1.56479066e-02 -1.77920192e-04 2.96462043e-02
-1.60105331e-02 -1.80695491e-04 3.03209724e-02
-1.63779237e-02 -1.83470415e-04 3.10041909e-02
-1.67500342e-02 -1.86243197e-04 3.16957611e-02
-1.71268161e-02 -1.89012028e-04 3.23955759e-02
-1.75082167e-02 -1.91775061e-04 3.31035199e-02
-1.78941790e-02 -1.94530403e-04 3.38194692e-02
-1.82846414e-02 -1.97276125e-04 3.45432912e-02
-1.86795378e-02 -2.00010262e-04 3.52748448e-02
-1.90787979e-02 -2.02730809e-04 3.60139800e-02
-1.94823464e-02 -2.05435731e-04 3.67605381e-02
-1.98901037e-02 -2.08122957e-04 3.75143512e-02
-2.03019855e-02 -2.10790387e-04 3.82752428e-02
-2.07179027e-02 -2.13435893e-04 3.90430272e-02
-2.11377617e-02 -2.16057317e-04 3.98175097e-02
-2.15614641e-02 -2.18652480e-04 4.05984864e-02
-2.19889068e-02 -2.21219178e-04 4.13857445e-02
-2.24199818e-02 -2.23755187e-04 4.21790620e-02
-2.28545767e-02 -2.26258265e-04 4.29782078e-02
-2.32925739e-02 -2.28726154e-04 4.37829416e-02
-2.37338515e-02 -2.31156583e-04 4.45930141e-02
-2.41782825e-02 -2.33547270e-04 4.54081669e-02
-2.46257354e-02 -2.35895923e-04 4.62281327e-02
-2.50760740e-02 -2.38200247e-04 4.70526351e-02
-2.55291572e-02 -2.40457943e-04 4.78813887e-02
-2.59848395e-02 -2.42666709e-04 4.87140993e-02
-2.64429707e-02 -2.44824249e-04 4.95504642e-02
-2.69033958e-02 -2.46928271e-04 5.03901716e-02
-2.73659556e-02 -2.48976491e-04 5.12329013e-02
-2.78304863e-02 -2.50966636e-04 5.20783246e-02
-2.82968195e-02 -2.52896446e-04 5.29261046e-02
-2.87647827e-02 -2.54763680e-04 5.37758959e-02
-2.92341988e-02 -2.56566116e-04 5.46273453e-02
-2.97048867e-02 -2.58301555e-04 5.54800914e-02
-3.01766612e-02 -2.59967824e-04 5.63337651e-02
-3.06493327e-02 -2.61562780e-04 5.71879899e-02
-3.11227079e-02 -2.63084311e-04 5.80423817e-02
-3.15965894e-02 -2.64530342e-04 5.88965492e-02
-3.20707763e-02 -2.65898835e-04 5.97500942e-02
-3.25450637e-02 -2.67187795e-04 6.06026115e-02
-3.30192433e-02 -2.68395271e-04 6.14536895e-02
-3.34931032e-02 -2.69519361e-04 6.23029101e-02
-3.39664282e-02 -2.70558211e-04 6.31498494e-02
-3.44390000e-02 -2.71510025e-04 6.39940773e-02
-3.49105970e-02 -2.72373060e-04 6.48351584e-02
-3.53809947e-02 -2.73145636e-04 6.56726518e-02
-3.58499659e-02 -2.73826136e-04 6.65061116e-02
-3.63172805e-02 -2.74413005e-04 6.73350872e-02
-3.67827059e-02 -2.74904762e-04 6.81591238e-02
-3.72460074e-02 -2.75299993e-04 6.89777620e-02
-3.77069477e-02 -2.75597362e-04 6.97905389e-02
-3.81652875e-02 -2.75795607e-04 7.05969881e-02
-3.86207859e-02 -2.75893547e-04 7.13966400e-02
-3.90731999e-02 -2.75890083e-04 7.21890221e-02
-3.95222851e-02 -2.75784200e-04 7.29736595e-02
-3.99677957e-02 -2.75574971e-04 7.37500752e-02
-4.04094846e-02 -2.75261557e-04 7.45177905e-02
-4.08471038e-02 -2.74843212e-04 7.52763251e-02
-4.12804045e-02 -2.74319282e-04 7.60251979e-02
-4.17091370e-02 -2.73689209e-04 7.67639269e-02
-4.21330515e-02 -2.72952533e-04 7.74920302e-02
-4.25518975e-02 -2.72108893e-04 7.82090256e-02
-4.29654248e-02 -2.71158028e-04 7.89144318e-02
-4.33733831e-02 -2.70099781e-04 7.96077681e-02
-4.37755227e-02 -2.68934098e-04 8.02885553e-02
-4.41715940e-02 -2.67661029e-04 8.09563158e-02
-4.45613486e-02 -2.66280734e-04 8.16105741e-02
-4.49445388e-02 -2.64793476e-04 8.22508574e-02
-4.53209180e-02 -2.63199629e-04 8.28766955e-02
-4.56902411e-02 -2.61499675e-04 8.34876219e-02
-4.60522645e-02 -2.59694207e-04 8.40831737e-02
-4.64067464e-02 -2.57783928e-04 8.46628919e-02
-4.67534471e-02 -2.55769650e-04 8.52263226e-02
-4.70921288e-02 -2.53652298e-04 8.57730163e-02
-4.74225563e-02 -2.51432906e-04 8.63025294e-02
-4.77444972e-02 -2.49112620e-04 8.68144239e-02
-4.80577215e-02 -2.46692698e-04 8.73082678e-02
-4.83620026e-02 -2.44174505e-04 8.77836361e-02
-4.86571169e-02 -2.41559518e-04 8.82401105e-02
-4.89428445e-02 -2.38849324e-04 8.86772804e-02
-4.92189689e-02 -2.36045615e-04 8.90947427e-02
-4.94852777e-02 -2.33150194e-04 8.94921029e-02
-4.97415622e-02 -2.30164968e-04 8.98689748e-02
-4.99876183e-02 -2.27091951e-04 9.02249812e-02
-5.02232462e-02 -2.23933258e-04 9.05597544e-02
-5.04482507e-02 -2.20691108e-04 9.08729364e-02
-5.06624416e-02 -2.17367821e-04 9.11641792e-02
-5.08656336e-02 -2.13965814e-04 9.14331453e-02
-5.10576466e-02 -2.10487601e-04 9.16795082e-02
-5.12383058e-02 -2.06935792e-04 9.19029522e-02
-5.14074422e-02 -2.03313089e-04 9.21031735e-02
-5.15648924e-02 -1.99622283e-04 9.22798798e-02
-5.17104987e-02 -1.95866254e-04 9.24327910e-02
-5.18441099e-02 -1.92047965e-04 9.25616397e-02
-5.19655806e-02 -1.88170464e-04 9.26661709e-02
-5.20747721e-02 -1.84236877e-04 9.27461429e-02
-5.21715520e-02 -1.80250406e-04 9.28013271e-02
-5.22557947e-02 -1.76214328e-04 9.28315089e-02
-5.23273814e-02 -1.72131989e-04 9.28364870e-02
-5.23862001e-02 -1.68006803e-04 9.28160747e-02
-5.24321460e-02 -1.63842246e-04 9.27700993e-02
-5.24651216e-02 -1.59641856e-04 9.26984029e-02
-5.24850364e-02 -1.55409228e-04 9.26008421e-02
-5.24918076e-02 -1.51148008e-04 9.24772888e-02
-5.24853598e-02 -1.46861892e-04 9.23276298e-02
-5.24656253e-02 -1.42554623e-04 9.21517672e-02
-5.24325438e-02 -1.38229984e-04 9.19496190e-02
-5.23860632e-02 -1.33891796e-04 9.17211182e-02
-5.23261389e-02 -1.29543914e-04 9.14662141e-02
-5.22527346e-02 -1.25190222e-04 9.11848716e-02
-5.21658216e-02 -1.20834632e-04 9.08770716e-02
-5.20653796e-02 -1.16481074e-04 9.05428113e-02
-5.19513961e-02 -1.12133497e-04 9.01821037e-02
-5.18238668e-02 -1.07795864e-04 8.97949782e-02
-5.16827958e-02 -1.03472145e-04 8.93814804e-02
-5.15281951e-02 -9.91663147e-05 8.89416723e-02
-5.13600851e-02 -9.48823496e-05 8.84756321e-02
-5.11784942e-02 -9.06242209e-05 8.79834541e-02
-5.09834593e-02 -8.63958916e-05 8.74652492e-02
-5.07750252e-02 -8.22013122e-05 8.69211444e-02
-5.05532451e-02 -7.80444163e-05 8.63512828e-02
-5.03181805e-02 -7.39291161e-05 8.57558237e-02
-5.00699007e-02 -6.98592984e-05 8.51349427e-02
-4.98084834e-02 -6.58388203e-05 8.44888309e-02
-4.95340143e-02 -6.18715047e-05 8.38176956e-02
-4.92465870e-02 -5.79611365e-05 8.31217598e-02
-4.89463033e-02 -5.41114582e-05 8.24012621e-02
-4.86332727e-02 -5.03261658e-05 8.16564563e-02
-4.83076125e-02 -4.66089049e-05 8.08876119e-02
-4.79694480e-02 -4.29632664e-05 8.00950132e-02
-4.76189119e-02 -3.93927827e-05 7.92789594e-02
-4.72561446e-02 -3.59009241e-05 7.84397647e-02
-4.68812938e-02 -3.24910943e-05 7.75777576e-02
-4.64945148e-02 -2.91666272e-05 7.66932806e-02
-4.60959699e-02 -2.59307832e-05 7.57866907e-02
-4.56858287e-02 -2.27867453e-05 7.48583582e-02
-4.52642677e-02 -1.97376156e-05 7.39086671e-02
-4.48314702e-02 -1.67864124e-05 7.29380145e-02
-4.43876263e-02 -1.39360662e-05 7.19468104e-02
-4.39329326e-02 -1.11894169e-05 7.09354773e-02
-4.34675922e-02 -8.54921069e-06 6.99044500e-02
-4.29918143e-02 -6.01809668e-06 6.88541752e-02
-4.25058144e-02 -3.59862438e-06 6.77851112e-02
-4.20098137e-02 -1.29324073e-06 6.66977274e-02
-4.15040393e-02 8.95712561e-07 6.55925041e-02
-4.09887239e-02 2.96600153e-06 6.44699321e-02
-4.04641053e-02 4.91550240e-06 6.33305123e-02
-3.99304268e-02 6.74220389e-06 6.21747552e-02
-3.93879365e-02 8.44420938e-06 6.10031807e-02
-3.88368875e-02 1.00197389e-05 5.98163175e-02
-3.82775372e-02 1.14671313e-05 5.86147027e-02
-3.77101476e-02 1.27848454e-05 5.73988816e-02
-3.71349850e-02 1.39714623e-05 5.61694071e-02
-3.65523193e-02 1.50256866e-05 5.49268392e-02
-3.59624245e-02 1.59463476e-05 5.36717446e-02
-3.53655779e-02 1.67324006e-05 5.24046964e-02
-3.47620603e-02 1.73829282e-05 5.11262735e-02
-3.41521555e-02 1.78971407e-05 4.98370601e-02
-3.35361501e-02 1.82743773e-05 4.85376454e-02
-3.29143335e-02 1.85141065e-05 4.72286231e-02
-3.22869975e-02 1.86159268e-05 4.59105908e-02
-3.16544358e-02 1.85795666e-05 4.45841497e-02
-3.10169444e-02 1.84048847e-05 4.32499041e-02
-3.03748210e-02 1.80918701e-05 4.19084607e-02
-2.97283644e-02 1.76406421e-05 4.05604286e-02
-2.90778752e-02 1.70514499e-05 3.92064182e-02
-2.84236546e-02 1.63246721e-05 3.78470415e-02
-2.77660048e-02 1.54608161e-05 3.64829110e-02
-2.71052284e-02 1.44605175e-05 3.51146392e-02
-2.64416287e-02 1.33245393e-05 3.37428389e-02
-2.57755085e-02 1.20537704e-05 3.23681218e-02
-2.51071711e-02 1.06492251e-05 3.09910987e-02
-2.44369190e-02 9.11204134e-06 2.96123786e-02
-2.37650542e-02 7.44347948e-06 2.82325686e-02
-2.30918780e-02 5.64492056e-06 2.68522732e-02
-2.24176907e-02 3.71786466e-06 2.54720941e-02
-2.17427912e-02 1.66392908e-06 2.40926295e-02
-2.10674770e-02 -5.15153679e-07 2.27144737e-02
-2.03920438e-02 -2.81753801e-06 2.13382170e-02
-1.97167857e-02 -5.24126745e-06 1.99644448e-02
-1.90419944e-02 -7.78427698e-06 1.85937375e-02
-1.83679594e-02 -1.04443956e-05 1.72266701e-02
-1.76949676e-02 -1.32193487e-05 1.58638116e-02
-1.70233035e-02 -1.61067610e-05 1.45057248e-02
-1.63532483e-02 -1.91041594e-05 1.31529657e-02
-1.56850802e-02 -2.22089754e-05 1.18060835e-02
-1.50190744e-02 -2.54185489e-05 1.04656198e-02
-1.43555023e-02 -2.87301304e-05 9.13210854e-03
-1.36946318e-02 -3.21408849e-05 7.80607552e-03
-1.30367269e-02 -3.56478950e-05 6.48803813e-03
-1.23820479e-02 -3.92481641e-05 5.17850500e-03
-1.17308505e-02 -4.29386200e-05 3.87797567e-03
-1.10833866e-02 -4.67161184e-05 2.58694031e-03
-1.04399032e-02 -5.05774463e-05 1.30587939e-03
-9.80064297e-03 -5.45193260e-05 3.52634461e-05
-9.16584378e-03 -5.85384186e-05 -1.22444721e-03
-8.53573862e-03 -6.26313279e-05 -2.47280277e-03
-7.91055546e-03 -6.67946040e-05 -3.70936415e-03
-7.29051715e-03 -7.10247473e-05 -4.93370324e-03
-6.67584129e-03 -7.53182124e-05 -6.14540312e-03
-6.06674011e-03 -7.96714122e-05 -7.34405828e-03
-5.46342040e-03 -8.40807216e-05 -8.52927481e-03
-4.86608334e-03 -8.85424815e-05 -9.70067059e-03
-4.27492448e-03 -9.30530031e-05 -1.08578755e-02
-3.69013361e-03 -9.76085718e-05 -1.20005314e-02
-3.11189467e-03 -1.02205451e-04 -1.31282927e-02
-2.54038571e-03 -1.06839887e-04 -1.42408259e-02
-1.97577879e-03 -1.11508111e-04 -1.53378103e-02
-1.41823991e-03 -1.16206345e-04 -1.64189377e-02
-8.67928996e-04 -1.20930808e-04 -1.74839127e-02
-3.24999801e-04 -1.25677713e-04 -1.85324527e-02
2.10400120e-04 -1.30443278e-04 -1.95642880e-02
7.38129448e-04 -1.35223727e-04 -2.05791619e-02
1.25805314e-03 -1.40015294e-04 -2.15768307e-02
1.77004245e-03 -1.44814227e-04 -2.25570637e-02
2.27397496e-03 -1.49616793e-04 -2.35196433e-02
2.76973458e-03 -1.54419280e-04 -2.44643651e-02
3.25721158e-03 -1.59218000e-04 -2.53910376e-02
3.73630255e-03 -1.64009298e-04 -2.62994824e-02
4.20691047e-03 -1.68789550e-04 -2.71895343e-02
4.66894462e-03 -1.73555166e-04 -2.80610410e-02
5.12232063e-03 -1.78302602e-04 -2.89138631e-02
5.56696043e-03 -1.83028351e-04 -2.97478743e-02
6.00279223e-03 -1.87728958e-04 -3.05629609e-02
6.42975050e-03 -1.92401015e-04 -3.13590222e-02
6.84777591e-03 -1.97041170e-04 -3.21359700e-02
7.25681532e-03 -2.01646125e-04 -3.28937287e-02
7.65682173e-03 -2.06212642e-04 -3.36322353e-02
8.04775419e-03 -2.10737549e-04 -3.43514389e-02
8.42957782e-03 -2.15217734e-04 -3.50513009e-02
8.80226366e-03 -2.19650157e-04 -3.57317950e-02
9.16578868e-03 -2.24031848e-04 -3.63929065e-02
9.52013568e-03 -2.28359909e-04 -3.70346326e-02
9.86529321e-03 -2.32631519e-04 -3.76569822e-02
1.02012555e-02 -2.36843936e-04 -3.82599754e-02
1.05280224e-02 -2.40994496e-04 -3.88436437e-02
1.08455993e-02 -2.45080619e-04 -3.94080297e-02
1.11539969e-02 -2.49099810e-04 -3.99531868e-02
1.14532315e-02 -2.53049659e-04 -4.04791790e-02
1.17433242e-02 -2.56927845e-04 -4.09860809e-02
1.20243016e-02 -2.60732136e-04 -4.14739772e-02
1.22961954e-02 -2.64460393e-04 -4.19429626e-02
1.25590418e-02 -2.68110567e-04 -4.23931418e-02
1.28128823e-02 -2.71680705e-04 -4.28246287e-02
1.30577629e-02 -2.75168949e-04 -4.32375470e-02
1.32937341e-02 -2.78573536e-04 -4.36320290e-02
1.35208510e-02 -2.81892802e-04 -4.40082161e-02
1.37391732e-02 -2.85125179e-04 -4.43662582e-02
1.39487643e-02 -2.88269199e-04 -4.47063135e-02
1.41496922e-02 -2.91323492e-04 -4.50285484e-02
1.43420287e-02 -2.94286789e-04 -4.53331370e-02
1.45258496e-02 -2.97157919e-04 -4.56202609e-02
1.47012343e-02 -2.99935813e-04 -4.58901091e-02
1.48682660e-02 -3.02619500e-04 -4.61428775e-02
1.50270312e-02 -3.05208111e-04 -4.63787688e-02
1.51776200e-02 -3.07700876e-04 -4.65979923e-02
1.53201256e-02 -3.10097124e-04 -4.68007631e-02
1.54546443e-02 -3.12396285e-04 -4.69873027e-02
1.55812753e-02 -3.14597887e-04 -4.71578380e-02
1.57001210e-02 -3.16701555e-04 -4.73126014e-02
1.58112860e-02 -3.18707012e-04 -4.74518302e-02
1.59148779e-02 -3.20614078e-04 -4.75757667e-02
1.60110066e-02 -3.22422668e-04 -4.76846578e-02
1.60997844e-02 -3.24132793e-04 -4.77787546e-02
1.61813255e-02 -3.25744555e-04 -4.78583123e-02
1.62557465e-02 -3.27258151e-04 -4.79235897e-02
1.63231659e-02 -3.28673866e-04 -4.79748493e-02
1.63837038e-02 -3.29992076e-04 -4.80123567e-02
1.64374820e-02 -3.31213245e-04 -4.80363804e-02
1.64846241e-02 -3.32337922e-04 -4.80471917e-02
1.65252549e-02 -3.33366744e-04 -4.80450643e-02
1.65595005e-02 -3.34300427e-04 -4.80302741e-02
1.65874882e-02 -3.35139771e-04 -4.80030990e-02
1.66093464e-02 -3.35885652e-04 -4.79638184e-02
1.66252045e-02 -3.36539026e-04 -4.79127132e-02
1.66351924e-02 -3.37100924e-04 -4.78500658e-02
1.66394411e-02 -3.37572449e-04 -4.77761591e-02
1.66380819e-02 -3.37954774e-04 -4.76912769e-02
1.66312466e-02 -3.38249144e-04 -4.75957037e-02
1.66190674e-02 -3.38456867e-04 -4.74897241e-02
1.66016769e-02 -3.38579316e-04 -4.73736226e-02
1.65792076e-02 -3.38617928e-04 -4.72476839e-02
1.65517920e-02 -3.38574196e-04 -4.71121919e-02
1.65195629e-02 -3.38449672e-04 -4.69674303e-02
1.64826524e-02 -3.38245962e-04 -4.68136818e-02
1.64411929e-02 -3.37964724e-04 -4.66512282e-02
1.63953160e-02 -3.37607666e-04 -4.64803501e-02
1.63451529e-02 -3.37176541e-04 -4.63013267e-02
1.62908346e-02 -3.36673148e-04 -4.61144358e-02
1.62324910e-02 -3.36099327e-04 -4.59199534e-02
1.61702516e-02 -3.35456957e-04 -4.57181535e-02
1.61042450e-02 -3.34747955e-04 -4.55093083e-02
1.60345988e-02 -3.33974270e-04 -4.52936876e-02
1.59614399e-02 -3.33137884e-04 -4.50715589e-02
1.58848940e-02 -3.32240805e-04 -4.48431872e-02
1.58050856e-02 -3.31285071e-04 -4.46088350e-02
1.57221383e-02 -3.30272740e-04 -4.43687616e-02
1.56361741e-02 -3.29205892e-04 -4.41232239e-02
1.55473141e-02 -3.28086627e-04 -4.38724755e-02
1.54556777e-02 -3.26917059e-04 -4.36167667e-02
1.53613830e-02 -3.25699315e-04 -4.33563448e-02
1.52645467e-02 -3.24435534e-04 -4.30914537e-02
1.51652838e-02 -3.23127864e-04 -4.28223336e-02
1.50637079e-02 -3.21778455e-04 -4.25492212e-02
1.49599309e-02 -3.20389466e-04 -4.22723498e-02
1.48540629e-02 -3.18963052e-04 -4.19919485e-02
1.47462124e-02 -3.17501369e-04 -4.17082430e-02
1.46364863e-02 -3.16006571e-04 -4.14214548e-02
1.45249894e-02 -3.14480803e-04 -4.11318016e-02
1.44118249e-02 -3.12926203e-04 -4.08394968e-02
1.42970941e-02 -3.11344900e-04 -4.05447500e-02
1.41808964e-02 -3.09739010e-04 -4.02477665e-02
1.40633292e-02 -3.08110634e-04 -3.99487474e-02
1.39444881e-02 -3.06461856e-04 -3.96478897e-02
1.38244668e-02 -3.04794743e-04 -3.93453858e-02
1.37033568e-02 -3.03111342e-04 -3.90414241e-02
1.35812479e-02 -3.01413676e-04 -3.87361884e-02
1.34582276e-02 -2.99703746e-04 -3.84298585e-02
1.33343816e-02 -2.97983526e-04 -3.81226093e-02
1.32097935e-02 -2.96254962e-04 -3.78146118e-02
1.30845449e-02 -2.94519974e-04 -3.75060322e-02
1.29587154e-02 -2.92780449e-04 -3.71970324e-02
1.28323824e-02 -2.91038242e-04 -3.68877701e-02
1.27056215e-02 -2.89295175e-04 -3.65783981e-02
1.25785061e-02 -2.87553037e-04 -3.62690653e-02
1.24511076e-02 -2.85813579e-04 -3.59599157e-02
1.23234954e-02 -2.84078515e-04 -3.56510894e-02
1.21957369e-02 -2.82349521e-04 -3.53427217e-02
1.20678974e-02 -2.80628234e-04 -3.50349438e-02
1.19400403e-02 -2.78916250e-04 -3.47278824e-02
1.18122269e-02 -2.77215123e-04 -3.44216600e-02
1.16845167e-02 -2.75526366e-04 -3.41163947e-02
1.15569670e-02 -2.73851448e-04 -3.38122005e-02
1.14296334e-02 -2.72191795e-04 -3.35091870e-02
1.13025693e-02 -2.70548788e-04 -3.32074599e-02
1.11758266e-02 -2.68923762e-04 -3.29071205e-02
1.10494548e-02 -2.67318008e-04 -3.26082660e-02
1.09235020e-02 -2.65732771e-04 -3.23109897e-02
1.07980142e-02 -2.64169247e-04 -3.20153810e-02
1.06730356e-02 -2.62628588e-04 -3.17215249e-02
1.05486088e-02 -2.61111898e-04 -3.14295030e-02
1.04247743e-02 -2.59620232e-04 -3.11393928e-02
1.03015711e-02 -2.58154599e-04 -3.08512680e-02
1.01790365e-02 -2.56715962e-04 -3.05651986e-02
1.00572060e-02 -2.55305232e-04 -3.02812510e-02
9.93611358e-03 -2.53923277e-04 -2.99994879e-02
9.81579148e-03 -2.52570914e-04 -2.97199684e-02
9.69627040e-03 -2.51248914e-04 -2.94427482e-02
9.57757949e-03 -2.49958001e-04 -2.91678796e-02
9.45974635e-03 -2.48698853e-04 -2.88954114e-02
9.34279710e-03 -2.47472099e-04 -2.86253892e-02
9.22675640e-03 -2.46278322e-04 -2.83578553e-02
9.11164747e-03 -2.45118061e-04 -2.80928489e-02
8.99749216e-03 -2.43991808e-04 -2.78304061e-02
8.88431094e-03 -2.42900010e-04 -2.75705599e-02
8.77212295e-03 -2.41843071e-04 -2.73133404e-02
8.66094607e-03 -2.40821348e-04 -2.70587748e-02
8.55079689e-03 -2.39835159e-04 -2.68068874e-02
8.44169078e-03 -2.38884775e-04 -2.65577000e-02
8.33364196e-03 -2.37970428e-04 -2.63112314e-02
8.22666346e-03 -2.37092308e-04 -2.60674980e-02
8.12076720e-03 -2.36250565e-04 -2.58265135e-02
8.01596403e-03 -2.35445308e-04 -2.55882892e-02
7.91226374e-03 -2.34676608e-04 -2.53528342e-02
7.80967512e-03 -2.33944498e-04 -2.51201548e-02
7.70820597e-03 -2.33248975e-04 -2.48902555e-02
7.60786313e-03 -2.32589998e-04 -2.46631384e-02
7.50865257e-03 -2.31967491e-04 -2.44388035e-02
7.41057934e-03 -2.31381345e-04 -2.42172487e-02
7.31364767e-03 -2.30831416e-04 -2.39984699e-02
7.21786096e-03 -2.30317530e-04 -2.37824612e-02
7.12322185e-03 -2.29839479e-04 -2.35692148e-02
7.02973222e-03 -2.29397026e-04 -2.33587210e-02
6.93739324e-03 -2.28989904e-04 -2.31509685e-02
6.84620539e-03 -2.28617819e-04 -2.29459443e-02
6.75616850e-03 -2.28280449e-04 -2.27436338e-02
6.66728177e-03 -2.27977445e-04 -2.25440208e-02
6.57954382e-03 -2.27708435e-04 -2.23470878e-02
6.49295269e-03 -2.27473021e-04 -2.21528158e-02
6.40750589e-03 -2.27270782e-04 -2.19611843e-02
6.32320042e-03 -2.27101276e-04 -2.17721717e-02
6.24003281e-03 -2.26964041e-04 -2.15857552e-02
6.15799913e-03 -2.26858593e-04 -2.14019107e-02
6.07709500e-03 -2.26784431e-04 -2.12206130e-02
5.99731567e-03 -2.26741035e-04 -2.10418359e-02
5.91865600e-03 -2.26727869e-04 -2.08655521e-02
5.84111051e-03 -2.26744382e-04 -2.06917335e-02
5.76467335e-03 -2.26790008e-04 -2.05203510e-02
5.68933842e-03 -2.26864167e-04 -2.03513747e-02
5.61509930e-03 -2.26966266e-04 -2.01847738e-02
5.54194932e-03 -2.27095702e-04 -2.00205168e-02
5.46988156e-03 -2.27251860e-04 -1.98585716e-02
5.39888889e-03 -2.27434116e-04 -1.96989053e-02
5.32896397e-03 -2.27641837e-04 -1.95414846e-02
5.26009929e-03 -2.27874383e-04 -1.93862754e-02
5.19228717e-03 -2.28131105e-04 -1.92332432e-02
5.12551977e-03 -2.28411351e-04 -1.90823531e-02
5.05978915e-03 -2.28714462e-04 -1.89335697e-02
4.99508722e-03 -2.29039775e-04 -1.87868571e-02
4.93140583e-03 -2.29386622e-04 -1.86421793e-02
4.86873671e-03 -2.29754336e-04 -1.84994998e-02
4.80707156e-03 -2.30142244e-04 -1.83587819e-02
4.74640198e-03 -2.30549675e-04 -1.82199886e-02
4.68671958e-03 -2.30975956e-04 -1.80830829e-02
4.62801588e-03 -2.31420413e-04 -1.79480274e-02
4.57028244e-03 -2.31882375e-04 -1.78147847e-02
4.51351077e-03 -2.32361172e-04 -1.76833173e-02
4.45769240e-03 -2.32856135e-04 -1.75535876e-02
4.40281887e-03 -2.33366599e-04 -1.74255579e-02
4.34888173e-03 -2.33891902e-04 -1.72991908e-02
4.29587258e-03 -2.34431384e-04 -1.71744485e-02
4.24378304e-03 -2.34984393e-04 -1.70512937e-02
4.19260478e-03 -2.35550277e-04 -1.69296888e-02
4.14232952e-03 -2.36128393e-04 -1.68095965e-02
4.09294903e-03 -2.36718102e-04 -1.66909797e-02
4.04445517e-03 -2.37318770e-04 -1.65738013e-02
3.99683983e-03 -2.37929772e-04 -1.64580245e-02
3.95009499e-03 -2.38550486e-04 -1.63436127e-02
3.90421271e-03 -2.39180299e-04 -1.62305294e-02
3.85918512e-03 -2.39818605e-04 -1.61187387e-02
3.81500445e-03 -2.40464806e-04 -1.60082046e-02
3.77166299e-03 -2.41118311e-04 -1.58988915e-02
3.72915314e-03 -2.41778535e-04 -1.57907642e-02
3.68746737e-03 -2.42444903e-04 -1.56837879e-02
3.64659825e-03 -2.43116848e-04 -1.55779280e-02
3.60653844e-03 -2.43793811e-04 -1.54731502e-02
3.56728070e-03 -2.44475240e-04 -1.53694208e-02
3.52881786e-03 -2.45160592e-04 -1.52667065e-02
3.49114286e-03 -2.45849332e-04 -1.51649742e-02
3.45424872e-03 -2.46540935e-04 -1.50641914e-02
3.41812857e-03 -2.47234882e-04 -1.49643260e-02
3.38277559e-03 -2.47930662e-04 -1.48653465e-02
3.34818308e-03 -2.48627775e-04 -1.47672215e-02
3.31434441e-03 -2.49325726e-04 -1.46699206e-02
3.28125304e-03 -2.50024029e-04 -1.45734134e-02
3.24890251e-03 -2.50722207e-04 -1.44776704e-02
3.21728642e-03 -2.51419788e-04 -1.43826625e-02
3.18639848e-03 -2.52116309e-04 -1.42883609e-02
3.15623243e-03 -2.52811316e-04 -1.41947377e-02
3.12678212e-03 -2.53504359e-04 -1.41017652e-02
3.09804142e-03 -2.54194996e-04 -1.40094167e-02
3.07000431e-03 -2.54882793e-04 -1.39176655e-02
3.04266479e-03 -2.55567320e-04 -1.38264860e-02
3.01601693e-03 -2.56248156e-04 -1.37358529e-02
2.99005485e-03 -2.56924883e-04 -1.36457415e-02
2.96477271e-03 -2.57597091e-04 -1.35561278e-02
2.94016471e-03 -2.58264373e-04 -1.34669882e-02
2.91622510e-03 -2.58926330e-04 -1.33783000e-02
2.89294815e-03 -2.59582565e-04 -1.32900408e-02
2.87032815e-03 -2.60232687e-04 -1.32021890e-02
2.84835944e-03 -2.60876308e-04 -1.31147236e-02
2.82703636e-03 -2.61513046e-04 -1.30276241e-02
2.80635327e-03 -2.62142520e-04 -1.29408709e-02
2.78630454e-03 -2.62764354e-04 -1.28544446e-02
2.76688455e-03 -2.63378175e-04 -1.27683269e-02
2.74808766e-03 -2.63983610e-04 -1.26824997e-02
2.72990826e-03 -2.64580291e-04 -1.25969459e-02
2.71234070e-03 -2.65167851e-04 -1.25116487e-02
2.69537934e-03 -2.65745926e-04 -1.24265922e-02
2.67901852e-03 -2.66314151e-04 -1.23417610e-02
2.66325254e-03 -2.66872163e-04 -1.22571404e-02
2.64807570e-03 -2.67419601e-04 -1.21727162e-02
2.63348226e-03 -2.67956103e-04 -1.20884750e-02
2.61946643e-03 -2.68481308e-04 -1.20044040e-02
2.60602241e-03 -2.68994856e-04 -1.19204909e-02
2.59314435e-03 -2.69496384e-04 -1.18367242e-02
2.58082634e-03 -2.69985531e-04 -1.17530929e-02
2.56906244e-03 -2.70461934e-04 -1.16695868e-02
2.55784664e-03 -2.70925230e-04 -1.15861960e-02
2.54717289e-03 -2.71375053e-04 -1.15029116e-02
2.53703508e-03 -2.71811039e-04 -1.14197250e-02
2.52742703e-03 -2.72232819e-04 -1.13366285e-02
2.51834249e-03 -2.72640025e-04 -1.12536147e-02
2.50977515e-03 -2.73032285e-04 -1.11706770e-02
2.50171864e-03 -2.73409226e-04 -1.10878094e-02
2.49416650e-03 -2.73770474e-04 -1.10050064e-02
2.48711220e-03 -2.74115652e-04 -1.09222633e-02
2.48054913e-03 -2.74444380e-04 -1.08395756e-02
2.47447061e-03 -2.74756278e-04 -1.07569398e-02
2.46886987e-03 -2.75050960e-04 -1.06743526e-02
2.46374006e-03 -2.75328042e-04 -1.05918116e-02
2.45907425e-03 -2.75587135e-04 -1.05093148e-02
2.45486542e-03 -2.75827847e-04 -1.04268607e-02
2.45110646e-03 -2.76049787e-04 -1.03444483e-02
2.44779019e-03 -2.76252559e-04 -1.02620775e-02
2.44490931e-03 -2.76435765e-04 -1.01797482e-02
2.44245647e-03 -2.76599007e-04 -1.00974613e-02
2.44042420e-03 -2.76741883e-04 -1.00152179e-02
2.43880497e-03 -2.76863990e-04 -9.93301975e-03
2.43759112e-03 -2.76964924e-04 -9.85086903e-03
2.43677496e-03 -2.77044277e-04 -9.76876846e-03
2.43634865e-03 -2.77101644e-04 -9.68672121e-03
2.43630430e-03 -2.77136615e-04 -9.60473092e-03
2.43663394e-03 -2.77148780e-04 -9.52280170e-03
2.43732949e-03 -2.77137730e-04 -9.44093810e-03
2.43838280e-03 -2.77103054e-04 -9.35914511e-03
2.43978563e-03 -2.77044341e-04 -9.27742816e-03
2.44152967e-03 -2.76961181e-04 -9.19579308e-03
2.44360652e-03 -2.76853164e-04 -9.11424613e-03
2.44600771e-03 -2.76719881e-04 -9.03279395e-03
2.44872468e-03 -2.76560923e-04 -8.95144358e-03
2.45174883e-03 -2.76375884e-04 -8.87020242e-03
2.45507144e-03 -2.76164358e-04 -8.78907824e-03
2.45868378e-03 -2.75925943e-04 -8.70807916e-03
2.46257700e-03 -2.75660238e-04 -8.62721366e-03
2.46674222e-03 -2.75366846e-04 -8.54649052e-03
2.47117050e-03 -2.75045373e-04 -8.46591885e-03
2.47585282e-03 -2.74695427e-04 -8.38550807e-03
2.48078014e-03 -2.74316622e-04 -8.30526789e-03
2.48594335e-03 -2.73908576e-04 -8.22520828e-03
2.49133330e-03 -2.73470911e-04 -8.14533952e-03
2.49694078e-03 -2.73003256e-04 -8.06567211e-03
2.50275658e-03 -2.72505244e-04 -7.98621681e-03
2.50877142e-03 -2.71976514e-04 -7.90698460e-03
2.51497600e-03 -2.71416714e-04 -7.82798670e-03
2.52136100e-03 -2.70825495e-04 -7.74923451e-03
2.52791708e-03 -2.70202518e-04 -7.67073964e-03
2.53463486e-03 -2.69547451e-04 -7.59251388e-03
2.54150498e-03 -2.68859971e-04 -7.51456918e-03
2.54851804e-03 -2.68139762e-04 -7.43691765e-03
2.55566466e-03 -2.67386518e-04 -7.35957155e-03
2.56293544e-03 -2.66599941e-04 -7.28254325e-03
2.57032100e-03 -2.65779744e-04 -7.20584527e-03
2.57781195e-03 -2.64925650e-04 -7.12949020e-03
2.58539894e-03 -2.64037392e-04 -7.05349075e-03
2.59307263e-03 -2.63114713e-04 -6.97785970e-03
2.60082368e-03 -2.62157368e-04 -6.90260989e-03
2.60864282e-03 -2.61165124e-04 -6.82775423e-03
2.61652078e-03 -2.60137757e-04 -6.75330568e-03
2.62444834e-03 -2.59075057e-04 -6.67927720e-03
2.63241632e-03 -2.57976827e-04 -6.60568181e-03
2.64041561e-03 -2.56842880e-04 -6.53253250e-03
2.64843712e-03 -2.55673044e-04 -6.45984230e-03
2.65647184e-03 -2.54467159e-04 -6.38762418e-03
2.66451082e-03 -2.53225077e-04 -6.31589111e-03
2.67254516e-03 -2.51946664e-04 -6.24465602e-03
2.68056606e-03 -2.50631800e-04 -6.17393179e-03
2.68856478e-03 -2.49280378e-04 -6.10373123e-03
2.69653267e-03 -2.47892306e-04 -6.03406710e-03
2.70446116e-03 -2.46467502e-04 -5.96495207e-03
2.71234178e-03 -2.45005902e-04 -5.89639871e-03
2.72016615e-03 -2.43507453e-04 -5.82841951e-03
2.72792599e-03 -2.41972117e-04 -5.76102682e-03
2.73561314e-03 -2.40399869e-04 -5.69423291e-03
2.74321953e-03 -2.38790699e-04 -5.62804989e-03
2.75073722e-03 -2.37144609e-04 -5.56248975e-03
2.75815837e-03 -2.35461616e-04 -5.49756431e-03
2.76547529e-03 -2.33741750e-04 -5.43328525e-03
2.77268039e-03 -2.31985053e-04 -5.36966410e-03
2.77976623e-03 -2.30191582e-04 -5.30671218e-03
2.78672550e-03 -2.28361406e-04 -5.24444068e-03
2.79355103e-03 -2.26494606e-04 -5.18286056e-03
2.80023578e-03 -2.24591277e-04 -5.12198261e-03
2.80677287e-03 -2.22651526e-04 -5.06181741e-03
2.81315558e-03 -2.20675470e-04 -5.00237533e-03
2.81937732e-03 -2.18663239e-04 -4.94366653e-03
2.82543166e-03 -2.16614975e-04 -4.88570095e-03
2.83131235e-03 -2.14530828e-04 -4.82848831e-03
2.83701328e-03 -2.12410962e-04 -4.77203808e-03
2.84252852e-03 -2.10255548e-04 -4.71635953e-03
2.84785230e-03 -2.08064767e-04 -4.66146164e-03
2.85297904e-03 -2.05838812e-04 -4.60735318e-03
2.85790330e-03 -2.03577881e-04 -4.55404267e-03
2.86261985e-03 -2.01282183e-04 -4.50153836e-03
2.86712362e-03 -1.98951932e-04 -4.44984824e-03
2.87140973e-03 -1.96587350e-04 -4.39898007e-03
2.87547347e-03 -1.94188668e-04 -4.34894132e-03
2.87931033e-03 -1.91756119e-04 -4.29973919e-03
2.88291597e-03 -1.89289944e-04 -4.25138063e-03
2.88628626e-03 -1.86790389e-04 -4.20387231e-03
2.88941723e-03 -1.84257703e-04 -4.15722064e-03
2.89230514e-03 -1.81692139e-04 -4.11143175e-03
2.89494639e-03 -1.79093954e-04 -4.06651147e-03
2.89733762e-03 -1.76463406e-04 -4.02246541e-03
2.89947565e-03 -1.73800756e-04 -3.97929884e-03
2.90135747e-03 -1.71106265e-04 -3.93701681e-03
2.90298029e-03 -1.68380197e-04 -3.89562406e-03
2.90434151e-03 -1.65622812e-04 -3.85512507e-03
2.90543873e-03 -1.62834374e-04 -3.81552404e-03
2.90626973e-03 -1.60015142e-04 -3.77682488e-03
2.90683249e-03 -1.57165374e-04 -3.73903126e-03
2.90712520e-03 -1.54285328e-04 -3.70214655e-03
2.90714622e-03 -1.51375255e-04 -3.66617386e-03
2.90689413e-03 -1.48435406e-04 -3.63111603e-03
2.90636768e-03 -1.45466024e-04 -3.59697564e-03
2.90556584e-03 -1.42467352e-04 -3.56375499e-03
2.90448773e-03 -1.39439622e-04 -3.53145613e-03
2.90313271e-03 -1.36383066e-04 -3.50008085e-03
2.90150029e-03 -1.33297904e-04 -3.46963069e-03
2.89959018e-03 -1.30184353e-04 -3.44010691e-03
2.89740229e-03 -1.27042622e-04 -3.41151055e-03
2.89493670e-03 -1.23872912e-04 -3.38384238e-03
2.89219368e-03 -1.20675414e-04 -3.35710295e-03
2.88917367e-03 -1.17450314e-04 -3.33129255e-03
2.88587730e-03 -1.14197785e-04 -3.30641125e-03
2.88230538e-03 -1.10917995e-04 -3.28245886e-03
2.87845888e-03 -1.07611099e-04 -3.25943500e-03
2.87433896e-03 -1.04277244e-04 -3.23733904e-03
2.86994693e-03 -1.00916566e-04 -3.21617014e-03
2.86528429e-03 -9.75291924e-05 -3.19592725e-03
2.86035268e-03 -9.41152382e-05 -3.17660908e-03
2.85515393e-03 -9.06748090e-05 -3.15821418e-03
2.84969000e-03 -8.72079997e-05 -3.14074086e-03
2.84396303e-03 -8.37148947e-05 -3.12418725e-03
2.83797529e-03 -8.01955676e-05 -3.10855128e-03
2.83172922e-03 -7.66500816e-05 -3.09383071e-03
2.82522739e-03 -7.30784894e-05 -3.08002309e-03
2.81847252e-03 -6.94808334e-05 -3.06712581e-03
2.81146747e-03 -6.58571461e-05 -3.05513609e-03
2.80421524e-03 -6.22074497e-05 -3.04405095e-03
2.79671895e-03 -5.85317573e-05 -3.03386729e-03
2.78898186e-03 -5.48300724e-05 -3.02458182e-03
2.78100735e-03 -5.11023898e-05 -3.01619110e-03
2.77279890e-03 -4.73486958e-05 -3.00869154e-03
2.76436015e-03 -4.35689686e-05 -3.00207941e-03
2.75569482e-03 -3.97631791e-05 -2.99635084e-03
2.74680675e-03 -3.59312914e-05 -2.99150180e-03
2.73769988e-03 -3.20732631e-05 -2.98752816e-03
2.72837825e-03 -2.81890463e-05 -2.98442563e-03
2.71884601e-03 -2.42785884e-05 -2.98218981e-03
2.70910738e-03 -2.03418325e-05 -2.98081619e-03
2.69916669e-03 -1.63787186e-05 -2.98030011e-03
2.68902833e-03 -1.23891840e-05 -2.98063683e-03
2.67869679e-03 -8.37316480e-06 -2.98182148e-03
2.66817663e-03 -4.33059642e-06 -2.98384910e-03
2.65747248e-03 -2.61414748e-07 -2.98671459e-03
2.64658903e-03 3.83444284e-06 -2.99041279e-03
2.63553104e-03 7.95703637e-06 -2.99493843e-03
2.62430331e-03 1.21064222e-05 -3.00028612e-03
2.61291073e-03 1.62826516e-05 -3.00645043e-03
2.60135820e-03 2.04857700e-05 -3.01342578e-03
