0.00000000e+00 0.00000000e+00 0.00000000e+00
0.00000000e+00 0.00000000e+00 0.00000000e+00
0.00000000e+00 0.00000000e+00 0.00000000e+00
3.55853179e-15 -2.99327188e-15 -7.74249816e-15
-5.47225438e-14 -1.49826575e-13 6.89586849e-14
-1.86526052e-12 -1.37420179e-12 3.40107417e-12
-1.15179491e-11 -4.76349373e-12 2.26664019e-11
-2.06289148e-11 -4.80896657e-12 4.68766684e-11
6.42569451e-11 1.41722621e-11 -9.53079635e-11
4.43319750e-10 4.13907223e-11 -7.91876284e-10
1.09406806e-09 -4.28809598e-11 -2.02654506e-09
1.01603225e-09 -4.67761802e-10 -1.88709350e-09
-2.04450781e-09 -1.29136035e-09 4.05693893e-09
-9.66724183e-09 -1.90188011e-09 1.90496540e-08
-1.81367807e-08 -8.91083359e-10 3.59768700e-08
-1.44514163e-08 2.92623863e-09 2.92158204e-08
2.01888658e-08 8.36670556e-09 -3.87030175e-08
9.42912518e-08 1.01542073e-08 -1.85018785e-07
1.81598781e-07 9.92070167e-11 -3.57471378e-07
2.05158444e-07 -2.74233788e-08 -4.02068981e-07
5.29716287e-08 -6.74822749e-08 -9.49099186e-08
-3.61262130e-07 -9.92803046e-08 7.34329925e-07
-1.00453495e-06 -8.95963447e-08 2.01261034e-06
-1.64116027e-06 -7.69936707e-09 3.25639877e-06
-1.82051250e-06 1.52192502e-07 3.55223106e-06
-9.85790976e-07 3.51384211e-07 1.78602859e-06
1.28923661e-06 5.02954982e-07 -2.86815791e-06
4.99057626e-06 4.92446787e-07 -1.03182484e-05
9.39260021e-06 2.21757800e-07 -1.90158459e-05
1.29595901e-05 -3.36643399e-07 -2.57866578e-05
1.35292671e-05 -1.09622005e-06 -2.62472879e-05
8.81362264e-06 -1.84511978e-06 -1.58675237e-05
-2.84984218e-06 -2.28040199e-06 8.47691408e-06
-2.16624859e-05 -2.08625655e-06 4.68182512e-05
-4.56737608e-05 -1.03864246e-06 9.47557730e-05
-7.04688336e-05 8.93006674e-07 1.42933756e-04
-8.94073680e-05 3.47957467e-06 1.77671598e-04
-9.44731298e-05 6.22735537e-06 1.82834973e-04
-7.76558291e-05 8.44532486e-06 1.42748284e-04
-3.26570424e-05 9.37666144e-06 4.56879200e-05
4.33777138e-05 8.36917200e-06 -1.12673577e-04
1.48427901e-04 5.04795633e-06 -3.26540997e-04
2.74757682e-04 -5.48790999e-07 -5.78556813e-04
4.08861449e-04 -7.90313093e-06 -8.40004323e-04
5.32258585e-04 -1.60380866e-05 -1.07272945e-03
6.23059591e-04 -2.36261046e-05 -1.23256780e-03
6.58101338e-04 -2.91682521e-05 -1.27382007e-03
6.15363210e-04 -3.12137585e-05 -1.15416180e-03
4.76340321e-04 -2.85825997e-05 -8.39324168e-04
2.28066868e-04 -2.05542390e-05 -3.06939800e-04
-1.35455444e-04 -6.99264963e-06 4.50907926e-04
-6.12576124e-04 1.16105212e-05 1.42669320e-03
-1.19410775e-03 3.41788891e-05 2.59805591e-03
-1.86417444e-03 5.91711580e-05 3.92984868e-03
-2.60165614e-03 8.47578053e-05 5.37730219e-03
-3.38203132e-03 1.09027871e-04 6.88988844e-03
-4.17939568e-03 1.30197024e-04 8.41542682e-03
-4.96844017e-03 1.46790408e-04 9.90400358e-03
-5.72620205e-03 1.57779588e-04 1.13113481e-02
-6.43345104e-03 1.62660904e-04 1.26014129e-02
-7.07562882e-03 1.61471306e-04 1.37480216e-02
-7.64331685e-03 1.54745871e-04 1.47355593e-02
-8.13225745e-03 1.43427827e-04 1.55587798e-02
-8.54299163e-03 1.28746181e-04 1.62218731e-02
-8.88020251e-03 1.12077956e-04 1.67369827e-02
-9.15186451e-03 9.48115238e-05 1.71223803e-02
-9.36829811e-03 7.82251924e-05 1.74004967e-02
-9.54121941e-03 6.33914887e-05 1.75959879e-02
-9.68285774e-03 5.11132787e-05 1.77339751e-02
-9.80519413e-03 4.18935222e-05 1.78385594e-02
-9.91935347e-03 3.59366292e-05 1.79316693e-02
-1.00351640e-02 3.31764210e-05 1.80322604e-02
-1.01608823e-02 3.33237947e-05 1.81558559e-02
-1.03030688e-02 3.59263680e-05 1.83143922e-02
-1.04665926e-02 4.04325421e-05 1.85163192e-02
-1.06547367e-02 4.62533480e-05 1.87668948e-02
-1.08693772e-02 5.28168888e-05 1.90686122e-02
-1.11112073e-02 5.96118815e-05 1.94217050e-02
-1.13799832e-02 6.62185017e-05 1.98246764e-02
-1.16747696e-02 7.23262487e-05 2.02748143e-02
-1.19941710e-02 7.77397537e-05 2.07686608e-02
-1.23365355e-02 8.23742896e-05 2.13024158e-02
-1.27001255e-02 8.62432147e-05 2.18722645e-02
-1.30832514e-02 8.94397352e-05 2.24746246e-02
-1.34843684e-02 9.21152859e-05 2.31063172e-02
-1.39021393e-02 9.44565878e-05 2.37646695e-02
-1.43354664e-02 9.66631266e-05 2.44475565e-02
-1.47834996e-02 9.89264647e-05 2.51533974e-02
-1.52456239e-02 1.01412497e-04 2.58811143e-02
-1.57214346e-02 1.04247488e-04 2.66300668e-02
-1.62107036e-02 1.07508496e-04 2.73999721e-02
-1.67133422e-02 1.11218548e-04 2.81908173e-02
-1.72293643e-02 1.15346696e-04 2.90027750e-02
-1.77588532e-02 1.19812815e-04 2.98361231e-02
-1.83019332e-02 1.24496698e-04 3.06911779e-02
-1.88587479e-02 1.29250705e-04 3.15682396e-02
-1.94294450e-02 1.33914881e-04 3.24675542e-02
-2.00141678e-02 1.38333267e-04 3.33892911e-02
-2.06130520e-02 1.42369899e-04 3.43335356e-02
-2.12262266e-02 1.45923009e-04 3.53002941e-02
-2.18538180e-02 1.48936038e-04 3.62895103e-02
-2.24959544e-02 1.51404345e-04 3.73010866e-02
-2.31527715e-02 1.53376886e-04 3.83349101e-02
-2.38244152e-02 1.54952687e-04 3.93908768e-02
-2.45110437e-02 1.56272402e-04 4.04689122e-02
-2.52128262e-02 1.57505828e-04 4.15689871e-02
-2.59299400e-02 1.58836644e-04 4.26911248e-02
-2.66625649e-02 1.60445932e-04 4.38354015e-02
-2.74108776e-02 1.62496151e-04 4.50019392e-02
-2.81750444e-02 1.65117164e-04 4.61908943e-02
-2.89552156e-02 1.68395653e-04 4.74024414e-02
-2.97515207e-02 1.72368859e-04 4.86367570e-02
-3.05640661e-02 1.77023097e-04 4.98940033e-02
-3.13929339e-02 1.82296986e-04 5.11743148e-02
-3.22381843e-02 1.88088814e-04 5.24777888e-02
-3.30998582e-02 1.94267095e-04 5.38044792e-02
-3.39779820e-02 2.00683088e-04 5.51543952e-02
-3.48725721e-02 2.07183919e-04 5.65275017e-02
-3.57836395e-02 2.13625010e-04 5.79237234e-02
-3.67111924e-02 2.19880673e-04 5.93429488e-02
-3.76552382e-02 2.25852040e-04 6.07850343e-02
-3.86157831e-02 2.31471822e-04 6.22498076e-02
-3.95928297e-02 2.36705791e-04 6.37370693e-02
-4.05863740e-02 2.41551195e-04 6.52465937e-02
-4.15964011e-02 2.46032641e-04 6.67781279e-02
-4.26228800e-02 2.50196136e-04 6.83313910e-02
-4.36657604e-02 2.54102112e-04 6.99060732e-02
-4.47249693e-02 2.57818239e-04 7.15018358e-02
-4.58004102e-02 2.61412751e-04 7.31183130e-02
-4.68919631e-02 2.64948852e-04 7.47551152e-02
-4.79994877e-02 2.68480583e-04 7.64118336e-02
-4.91228270e-02 2.72050316e-04 7.80880472e-02
-5.02618125e-02 2.75687847e-04 7.97833289e-02
-5.14162699e-02 2.79410883e-04 8.14972524e-02
-5.25860241e-02 2.83226634e-04 8.32293973e-02
-5.37709041e-02 2.87134105e-04 8.49793527e-02
-5.49707454e-02 2.91126705e-04 8.67467176e-02
-5.61853909e-02 2.95194808e-04 8.85310984e-02
-5.74146902e-02 2.99327957e-04 9.03321035e-02
-5.86584959e-02 3.03516518e-04 9.21493347e-02
-5.99166586e-02 3.07752656e-04 9.39823766e-02
-6.11890205e-02 3.12030635e-04 9.58307854e-02
-6.24754084e-02 3.16346506e-04 9.76940762e-02
-6.37756264e-02 3.20697315e-04 9.95717127e-02
-6.50894492e-02 3.25080025e-04 1.01463098e-01
-6.64166167e-02 3.29490317e-04 1.03367566e-01
-6.77568302e-02 3.33921486e-04 1.05284385e-01
-6.91097508e-02 3.38363558e-04 1.07212749e-01
-7.04749995e-02 3.42802777e-04 1.09151790e-01
-7.18521595e-02 3.47221511e-04 1.11100583e-01
-7.32407803e-02 3.51598600e-04 1.13058153e-01
-7.46403832e-02 3.55910119e-04 1.15023493e-01
-7.60504672e-02 3.60130485e-04 1.16995572e-01
-7.74705155e-02 3.64233801e-04 1.18973350e-01
-7.89000023e-02 3.68195317e-04 1.20955788e-01
-8.03383976e-02 3.71992881e-04 1.22941858e-01
-8.17851721e-02 3.75608255e-04 1.24930551e-01
-8.32397998e-02 3.79028178e-04 1.26920880e-01
-8.47017600e-02 3.82245101e-04 1.28911879e-01
-8.61705365e-02 3.85257529e-04 1.30902607e-01
-8.76456167e-02 3.88069939e-04 1.32892134e-01
-8.91264887e-02 3.90692292e-04 1.34879543e-01
-9.06126377e-02 3.93139164e-04 1.36863917e-01
-9.21035421e-02 3.95428557e-04 1.38844329e-01
-9.35986693e-02 3.97580487e-04 1.40819835e-01
-9.50974716e-02 3.99615431e-04 1.42789462e-01
-9.65993830e-02 4.01552741e-04 1.44752204e-01
-9.81038164e-02 4.03409141e-04 1.46707011e-01
-9.96101617e-02 4.05197389e-04 1.48652788e-01
-1.01117785e-01 4.06925192e-04 1.50588389e-01
-1.02626031e-01 4.08594449e-04 1.52512619e-01
-1.04134218e-01 4.10200854e-04 1.54424236e-01
-1.05641648e-01 4.11733891e-04 1.56321950e-01
-1.07147603e-01 4.13177205e-04 1.58204432e-01
-1.08651350e-01 4.14509334e-04 1.60070318e-01
-1.10152144e-01 4.15704746e-04 1.61918217e-01
-1.11649232e-01 4.16735110e-04 1.63746716e-01
-1.13141851e-01 4.17570736e-04 1.65554389e-01
-1.14629238e-01 4.18182083e-04 1.67339805e-01
-1.16110623e-01 4.18541244e-04 1.69101533e-01
-1.17585239e-01 4.18623326e-04 1.70838148e-01
-1.19052313e-01 4.18407645e-04 1.72548238e-01
-1.20511077e-01 4.17878661e-04 1.74230405e-01
-1.21960759e-01 4.17026604e-04 1.75883274e-01
-1.23400585e-01 4.15847768e-04 1.77505489e-01
-1.24829780e-01 4.14344452e-04 1.79095718e-01
-1.26247567e-01 4.12524555e-04 1.80652652e-01
-1.27653161e-01 4.10400876e-04 1.82175008e-01
-1.29045776e-01 4.07990139e-04 1.83661522e-01
-1.30424617e-01 4.05311834e-04 1.85110954e-01
-1.31788887e-01 4.02386927e-04 1.86522081e-01
-1.33137780e-01 3.99236537e-04 1.87893699e-01
-1.34470486e-01 3.95880637e-04 1.89224620e-01
-1.35786192e-01 3.92336886e-04 1.90513666e-01
-1.37084080e-01 3.88619634e-04 1.91759674e-01
-1.38363332e-01 3.84739159e-04 1.92961488e-01
-1.39623130e-01 3.80701187e-04 1.94117962e-01
-1.40862659e-01 3.76506699e-04 1.95227956e-01
-1.42081107e-01 3.72152026e-04 1.96290337e-01
-1.43277669e-01 3.67629226e-04 1.97303981e-01
-1.44451550e-01 3.62926696e-04 1.98267768e-01
-1.45601962e-01 3.58029968e-04 1.99180589e-01
-1.46728132e-01 3.52922643e-04 2.00041342e-01
-1.47829296e-01 3.47587381e-04 2.00848939e-01
-1.48904708e-01 3.42006888e-04 2.01602302e-01
-1.49953634e-01 3.36164836e-04 2.02300372e-01
-1.50975355e-01 3.30046660e-04 2.02942106e-01
-1.51969168e-01 3.23640178e-04 2.03526483e-01
-1.52934384e-01 3.16936012e-04 2.04052508e-01
-1.53870331e-01 3.09927787e-04 2.04519210e-01
-1.54776350e-01 3.02612109e-04 2.04925650e-01
-1.55651796e-01 2.94988336e-04 2.05270924e-01
-1.56496039e-01 2.87058167e-04 2.05554160e-01
-1.57308464e-01 2.78825097e-04 2.05774528e-01
-1.58088467e-01 2.70293773e-04 2.05931240e-01
-1.58835461e-01 2.61469314e-04 2.06023548e-01
-1.59548871e-01 2.52356643e-04 2.06050754e-01
-1.60228140e-01 2.42959882e-04 2.06012206e-01
-1.60872723e-01 2.33281853e-04 2.05907301e-01
-1.61482094e-01 2.23323724e-04 2.05735488e-01
-1.62055745e-01 2.13084816e-04 2.05496267e-01
-1.62593185e-01 2.02562596e-04 2.05189191e-01
-1.63093943e-01 1.91752837e-04 2.04813865e-01
-1.63557572e-01 1.80649949e-04 2.04369948e-01
-1.63983643e-01 1.69247451e-04 2.03857151e-01
-1.64371756e-01 1.57538543e-04 2.03275238e-01
-1.64721530e-01 1.45516752e-04 2.02624025e-01
-1.65032613e-01 1.33176597e-04 2.01903379e-01
-1.65304678e-01 1.20514238e-04 2.01113219e-01
-1.65537426e-01 1.07528060e-04 2.00253511e-01
-1.65730582e-01 9.42191536e-05 1.99324270e-01
-1.65883901e-01 8.05916645e-05 1.98325560e-01
-1.65997165e-01 6.66529886e-05 1.97257488e-01
-1.66070183e-01 5.24137953e-05 1.96120211e-01
-1.66102790e-01 3.78878781e-05 1.94913927e-01
-1.66094849e-01 2.30918381e-05 1.93638878e-01
-1.66046250e-01 8.04461675e-06 1.92295353e-01
-1.65956908e-01 -7.23309957e-06 1.90883680e-01
-1.65826765e-01 -2.27195722e-05 1.89404233e-01
-1.65655788e-01 -3.83927650e-05 1.87857429e-01
-1.65443969e-01 -5.42311233e-05 1.86243729e-01
-1.65191327e-01 -7.02143394e-05 1.84563635e-01
-1.64897907e-01 -8.63240673e-05 1.82817699e-01
-1.64563776e-01 -1.02544552e-04 1.81006515e-01
-1.64189031e-01 -1.18863148e-04 1.79130724e-01
-1.63773791e-01 -1.35270698e-04 1.77191014e-01
-1.63318205e-01 -1.51761766e-04 1.75188122e-01
-1.62822445e-01 -1.68334703e-04 1.73122832e-01
-1.62286711e-01 -1.84991568e-04 1.70995979e-01
-1.61711232e-01 -2.01737876e-04 1.68808444e-01
-1.61096262e-01 -2.18582230e-04 1.66561161e-01
-1.60442085e-01 -2.35535818e-04 1.64255111e-01
-1.59749009e-01 -2.52611824e-04 1.61891324e-01
-1.59017375e-01 -2.69824775e-04 1.59470881e-01
-1.58247549e-01 -2.87189841e-04 1.56994907e-01
-1.57439926e-01 -3.04722141e-04 1.54464574e-01
-1.56594927e-01 -3.22436064e-04 1.51881101e-01
-1.55713003e-01 -3.40344640e-04 1.49245746e-01
-1.54794631e-01 -3.58458986e-04 1.46559812e-01
-1.53840313e-01 -3.76787841e-04 1.43824638e-01
-1.52850578e-01 -3.95337207e-04 1.41041602e-01
-1.51825980e-01 -4.14110109e-04 1.38212115e-01
-1.50767095e-01 -4.33106466e-04 1.35337621e-01
-1.49674524e-01 -4.52323087e-04 1.32419595e-01
-1.48548889e-01 -4.71753769e-04 1.29459538e-01
-1.47390834e-01 -4.91389504e-04 1.26458979e-01
-1.46201022e-01 -5.11218760e-04 1.23419467e-01
-1.44980134e-01 -5.31227844e-04 1.20342577e-01
-1.43728870e-01 -5.51401305e-04 1.17229901e-01
-1.42447947e-01 -5.71722373e-04 1.14083052e-01
-1.41138097e-01 -5.92173412e-04 1.10903659e-01
-1.39800067e-01 -6.12736366e-04 1.07693367e-01
-1.38434620e-01 -6.33393183e-04 1.04453837e-01
-1.37042529e-01 -6.54126208e-04 1.01186744e-01
-1.35624583e-01 -6.74918533e-04 9.78937780e-02
-1.34181582e-01 -6.95754284e-04 9.45766394e-02
-1.32714337e-01 -7.16618863e-04 9.12370431e-02
-1.31223672e-01 -7.37499122e-04 8.78767155e-02
-1.29710420e-01 -7.58383488e-04 8.44973941e-02
-1.28175426e-01 -7.79262020e-04 8.11008272e-02
-1.26619544e-01 -8.00126435e-04 7.76887732e-02
-1.25043637e-01 -8.20970072e-04 7.42629992e-02
-1.23448580e-01 -8.41787842e-04 7.08252807e-02
-1.21835252e-01 -8.62576133e-04 6.73774001e-02
-1.20204546e-01 -8.83332709e-04 6.39211449e-02
-1.18557359e-01 -9.04056595e-04 6.04583072e-02
-1.16894596e-01 -9.24747952e-04 5.69906807e-02
-1.15217169e-01 -9.45407961e-04 5.35200598e-02
-1.13525993e-01 -9.66038705e-04 5.00482370e-02
-1.11821993e-01 -9.86643059e-04 4.65770008e-02
-1.10106092e-01 -1.00722460e-03 4.31081334e-02
-1.08379219e-01 -1.02778748e-03 3.96434082e-02
-1.06642305e-01 -1.04833642e-03 3.61845875e-02
-1.04896280e-01 -1.06887652e-03 3.27334196e-02
-1.03142073e-01 -1.08941328e-03 2.92916369e-02
-1.01380614e-01 -1.10995248e-03 2.58609533e-02
-9.96128270e-02 -1.13050011e-03 2.24430614e-02
-9.78396333e-02 -1.15106229e-03 1.90396311e-02
-9.60619490e-02 -1.17164520e-03 1.56523070e-02
-9.42806834e-02 -1.19225498e-03 1.22827067e-02
-9.24967388e-02 -1.21289763e-03 8.93241929e-03
-9.07110090e-02 -1.23357892e-03 5.60300339e-03
-8.89243788e-02 -1.25430428e-03 2.29598634e-03
-8.71377228e-02 -1.27507871e-03 -9.87137131e-04
-8.53519053e-02 -1.29590669e-03 -4.24490576e-03
-8.35677793e-02 -1.31679203e-03 -7.47589249e-03
-8.17861859e-02 -1.33773788e-03 -1.06787050e-02
-8.00079541e-02 -1.35874655e-03 -1.38519861e-02
-7.82339006e-02 -1.37981955e-03 -1.69944142e-02
-7.64648290e-02 -1.40095751e-03 -2.01047032e-02
-7.47015298e-02 -1.42216016e-03 -2.31816028e-02
-7.29447802e-02 -1.44342637e-03 -2.62238988e-02
-7.11953441e-02 -1.46475417e-03 -2.92304126e-02
-6.94539713e-02 -1.48614081e-03 -3.22000018e-02
-6.77213978e-02 -1.50758283e-03 -3.51315599e-02
-6.59983457e-02 -1.52907619e-03 -3.80240168e-02
-6.42855225e-02 -1.55061639e-03 -4.08763383e-02
-6.25836210e-02 -1.57219859e-03 -4.36875269e-02
-6.08933194e-02 -1.59381777e-03 -4.64566219e-02
-5.92152804e-02 -1.61546888e-03 -4.91826995e-02
-5.75501511e-02 -1.63714701e-03 -5.18648732e-02
-5.58985627e-02 -1.65884754e-03 -5.45022944e-02
-5.42611299e-02 -1.68056628e-03 -5.70941526e-02
-5.26384506e-02 -1.70229958e-03 -5.96396761e-02
-5.10311050e-02 -1.72404450e-03 -6.21381320e-02
-4.94396559e-02 -1.74579888e-03 -6.45888273e-02
-4.78646473e-02 -1.76756141e-03 -6.69911088e-02
-4.63066048e-02 -1.78933167e-03 -6.93443639e-02
-4.47660343e-02 -1.81111021e-03 -7.16480206e-02
-4.32434223e-02 -1.83289847e-03 -7.39015483e-02
-4.17392350e-02 -1.85469883e-03 -7.61044574e-02
-4.02539183e-02 -1.87651452e-03 -7.82563002e-02
-3.87878971e-02 -1.89834955e-03 -8.03566704e-02
-3.73415754e-02 -1.92020868e-03 -8.24052035e-02
-3.59153361e-02 -1.94209722e-03 -8.44015763e-02
-3.45095407e-02 -1.96402101e-03 -8.63455074e-02
-3.31245292e-02 -1.98598625e-03 -8.82367561e-02
-3.17606205e-02 -2.00799940e-03 -9.00751228e-02
-3.04181119e-02 -2.03006706e-03 -9.18604483e-02
-2.90972798e-02 -2.05219580e-03 -9.35926131e-02
-2.77983795e-02 -2.07439215e-03 -9.52715372e-02
-2.65216454e-02 -2.09666240e-03 -9.68971795e-02
-2.52672917e-02 -2.11901259e-03 -9.84695368e-02
-2.40355122e-02 -2.14144838e-03 -9.99886434e-02
-2.28264810e-02 -2.16397505e-03 -1.01454571e-01
-2.16403527e-02 -2.18659744e-03 -1.02867425e-01
-2.04772629e-02 -2.20931992e-03 -1.04227350e-01
-1.93373283e-02 -2.23214642e-03 -1.05534521e-01
-1.82206476e-02 -2.25508042e-03 -1.06789150e-01
-1.71273015e-02 -2.27812499e-03 -1.07991480e-01
-1.60573532e-02 -2.30128284e-03 -1.09141786e-01
-1.50108490e-02 -2.32455635e-03 -1.10240376e-01
-1.39878185e-02 -2.34794766e-03 -1.11287588e-01
-1.29882747e-02 -2.37145871e-03 -1.12283788e-01
-1.20122152e-02 -2.39509136e-03 -1.13229374e-01
-1.10596215e-02 -2.41884737e-03 -1.14124770e-01
-1.01304603e-02 -2.44272854e-03 -1.14970428e-01
-9.22468322e-03 -2.46673677e-03 -1.15766828e-01
-8.34222729e-03 -2.49087406e-03 -1.16514474e-01
-7.48301539e-03 -2.51514260e-03 -1.17213895e-01
-6.64695644e-03 -2.53954481e-03 -1.17865646e-01
-5.83394578e-03 -2.56408332e-03 -1.18470302e-01
-5.04386543e-03 -2.58876104e-03 -1.19028464e-01
-4.27658448e-03 -2.61358111e-03 -1.19540752e-01
-3.53195933e-03 -2.63854691e-03 -1.20007805e-01
-2.80983411e-03 -2.66366206e-03 -1.20430285e-01
-2.11004097e-03 -2.68893034e-03 -1.20808870e-01
-1.43240042e-03 -2.71435568e-03 -1.21144255e-01
-7.76721744e-04 -2.73994212e-03 -1.21437152e-01
-1.42803339e-04 -2.76569371e-03 -1.21688288e-01
4.69566883e-04 -2.79161450e-03 -1.21898403e-01
1.06061110e-03 -2.81770846e-03 -1.22068253e-01
1.63056115e-03 -2.84397939e-03 -1.22198602e-01
2.17965813e-03 -2.87043092e-03 -1.22290227e-01
2.70815195e-03 -2.89706636e-03 -1.22343913e-01
3.21630089e-03 -2.92388874e-03 -1.22360456e-01
3.70437118e-03 -2.95090071e-03 -1.22340656e-01
4.17263649e-03 -2.97810448e-03 -1.22285323e-01
4.62137755e-03 -3.00550183e-03 -1.22195271e-01
5.05088165e-03 -3.03309405e-03 -1.22071317e-01
5.46144223e-03 -3.06088194e-03 -1.21914284e-01
5.85335838e-03 -3.08886580e-03 -1.21724995e-01
6.22693450e-03 -3.11704541e-03 -1.21504278e-01
6.58247976e-03 -3.14542005e-03 -1.21252959e-01
6.92030778e-03 -3.17398854e-03 -1.20971866e-01
7.24073619e-03 -3.20274923e-03 -1.20661827e-01
7.54408621e-03 -3.23170006e-03 -1.20323668e-01
7.83068233e-03 -3.26083858e-03 -1.19958212e-01
8.10085190e-03 -3.29016202e-03 -1.19566283e-01
8.35492482e-03 -3.31966732e-03 -1.19148700e-01
8.59323315e-03 -3.34935117e-03 -1.18706279e-01
8.81611085e-03 -3.37921010e-03 -1.18239834e-01
9.02389339e-03 -3.40924053e-03 -1.17750172e-01
9.21691753e-03 -3.43943879e-03 -1.17238099e-01
9.39552096e-03 -3.46980122e-03 -1.16704414e-01
9.56004206e-03 -3.50032420e-03 -1.16149912e-01
9.71081957e-03 -3.53100420e-03 -1.15575380e-01
9.84819237e-03 -3.56183785e-03 -1.14981603e-01
9.97249918e-03 -3.59282195e-03 -1.14369357e-01
1.00840783e-02 -3.62395354e-03 -1.13739411e-01
1.01832673e-02 -3.65522988e-03 -1.13092531e-01
1.02704028e-02 -3.68664856e-03 -1.12429470e-01
1.03458203e-02 -3.71820745e-03 -1.11750978e-01
1.04098536e-02 -3.74990472e-03 -1.11057794e-01
1.04628349e-02 -3.78173890e-03 -1.10350649e-01
1.05050942e-02 -3.81370882e-03 -1.09630266e-01
1.05369594e-02 -3.84581363e-03 -1.08897357e-01
1.05587557e-02 -3.87805281e-03 -1.08152626e-01
1.05708053e-02 -3.91042613e-03 -1.07396763e-01
1.05734275e-02 -3.94293363e-03 -1.06630452e-01
1.05669382e-02 -3.97557558e-03 -1.05854360e-01
1.05516495e-02 -4.00835251e-03 -1.05069147e-01
1.05278698e-02 -4.04126511e-03 -1.04275458e-01
1.04959033e-02 -4.07431423e-03 -1.03473926e-01
1.04560497e-02 -4.10750082e-03 -1.02665169e-01
1.04086044e-02 -4.14082591e-03 -1.01849794e-01
1.03538578e-02 -4.17429056e-03 -1.01028393e-01
1.02920956e-02 -4.20789581e-03 -1.00201543e-01
1.02235980e-02 -4.24164266e-03 -9.93698078e-02
1.01486404e-02 -4.27553199e-03 -9.85337343e-02
1.00674925e-02 -4.30956457e-03 -9.76938561e-02
9.98041849e-03 -4.34374097e-03 -9.68506910e-02
9.88767725e-03 -4.37806155e-03 -9.60047417e-02
9.78952182e-03 -4.41252643e-03 -9.51564955e-02
9.68619964e-03 -4.44713544e-03 -9.43064248e-02
9.57795246e-03 -4.48188812e-03 -9.34549863e-02
9.46501636e-03 -4.51678365e-03 -9.26026222e-02
9.34762175e-03 -4.55182088e-03 -9.17497595e-02
9.22599344e-03 -4.58699828e-03 -9.08968106e-02
9.10035066e-03 -4.62231395e-03 -9.00441736e-02
8.97090718e-03 -4.65776559e-03 -8.91922325e-02
8.83787136e-03 -4.69335051e-03 -8.83413575e-02
8.70144625e-03 -4.72906565e-03 -8.74919054e-02
8.56182969e-03 -4.76490754e-03 -8.66442198e-02
8.41921446e-03 -4.80087236e-03 -8.57986318e-02
8.27378832e-03 -4.83695593e-03 -8.49554601e-02
8.12573417e-03 -4.87315374e-03 -8.41150115e-02
7.97523017e-03 -4.90946095e-03 -8.32775813e-02
7.82244983e-03 -4.94587246e-03 -8.24434534e-02
7.66756211e-03 -4.98238289e-03 -8.16129011e-02
7.51073153e-03 -5.01898666e-03 -8.07861872e-02
7.35211825e-03 -5.05567799e-03 -7.99635641e-02
7.19187818e-03 -5.09245094e-03 -7.91452746e-02
7.03016301e-03 -5.12929949e-03 -7.83315517e-02
6.86712030e-03 -5.16621751e-03 -7.75226188e-02
6.70289350e-03 -5.20319886e-03 -7.67186904e-02
6.53762205e-03 -5.24023739e-03 -7.59199717e-02
6.37144131e-03 -5.27732700e-03 -7.51266591e-02
6.20448269e-03 -5.31446167e-03 -7.43389400e-02
6.03687355e-03 -5.35163549e-03 -7.35569932e-02
5.86873728e-03 -5.38884270e-03 -7.27809889e-02
5.70019327e-03 -5.42607771e-03 -7.20110882e-02
5.53135687e-03 -5.46333516e-03 -7.12474442e-02
5.36233940e-03 -5.50060988e-03 -7.04902007e-02
5.19324813e-03 -5.53789698e-03 -6.97394932e-02
5.02418625e-03 -5.57519183e-03 -6.89954485e-02
4.85525285e-03 -5.61249008e-03 -6.82581847e-02
4.68654291e-03 -5.64978767e-03 -6.75278111e-02
4.51814728e-03 -5.68708084e-03 -6.68044284e-02
4.35015267e-03 -5.72436614e-03 -6.60881286e-02
4.18264167e-03 -5.76164040e-03 -6.53789950e-02
4.01569275e-03 -5.79890075e-03 -6.46771023e-02
3.84938024e-03 -5.83614462e-03 -6.39825166e-02
3.68377441e-03 -5.87336971e-03 -6.32952956e-02
3.51894151e-03 -5.91057399e-03 -6.26154887e-02
3.35494376e-03 -5.94775566e-03 -6.19431369e-02
3.19183950e-03 -5.98491317e-03 -6.12782732e-02
3.02968319e-03 -6.02204519e-03 -6.06209230e-02
2.86852554e-03 -6.05915057e-03 -5.99711038e-02
2.70841360e-03 -6.09622834e-03 -5.93288259e-02
2.54939085e-03 -6.13327768e-03 -5.86940925e-02
2.39149736e-03 -6.17029792e-03 -5.80668998e-02
2.23476987e-03 -6.20728846e-03 -5.74472380e-02
2.07924196e-03 -6.24424883e-03 -5.68350908e-02
1.92494419e-03 -6.28117860e-03 -5.62304362e-02
1.77190423e-03 -6.31807742e-03 -5.56332471e-02
1.62014703e-03 -6.35494495e-03 -5.50434910e-02
1.46969495e-03 -6.39178086e-03 -5.44611312e-02
1.32056796e-03 -6.42858484e-03 -5.38861264e-02
1.17278375e-03 -6.46535654e-03 -5.33184318e-02
1.02635791e-03 -6.50209559e-03 -5.27579989e-02
8.81304076e-04 -6.53880159e-03 -5.22047762e-02
7.37634069e-04 -6.57547408e-03 -5.16587095e-02
5.95358044e-04 -6.61211252e-03 -5.11197422e-02
4.54484622e-04 -6.64871633e-03 -5.05878158e-02
3.15021019e-04 -6.68528484e-03 -5.00628698e-02
1.76973161e-04 -6.72181730e-03 -4.95448426e-02
4.03458013e-05 -6.75831287e-03 -4.90336710e-02
-9.48573856e-05 -6.79477063e-03 -4.85292912e-02
-2.28633706e-04 -6.83118955e-03 -4.80316385e-02
-3.60981370e-04 -6.86756853e-03 -4.75406479e-02
-4.91899415e-04 -6.90390633e-03 -4.70562536e-02
-6.21387646e-04 -6.94020166e-03 -4.65783900e-02
-7.49446580e-04 -6.97645310e-03 -4.61069911e-02
-8.76077404e-04 -7.01265913e-03 -4.56419909e-02
-1.00128194e-03 -7.04881814e-03 -4.51833234e-02
-1.12506260e-03 -7.08492841e-03 -4.47309229e-02
-1.24742241e-03 -7.12098812e-03 -4.42847235e-02
-1.36836494e-03 -7.15699534e-03 -4.38446594e-02
-1.48789432e-03 -7.19294806e-03 -4.34106650e-02
-1.60601525e-03 -7.22884414e-03 -4.29826747e-02
-1.72273298e-03 -7.26468136e-03 -4.25606230e-02
-1.83805331e-03 -7.30045741e-03 -4.21444441e-02
-1.95198262e-03 -7.33616984e-03 -4.17340724e-02
-2.06452785e-03 -7.37181615e-03 -4.13294421e-02
-2.17569651e-03 -7.40739373e-03 -4.09304871e-02
-2.28549670e-03 -7.44289987e-03 -4.05371412e-02
-2.39393709e-03 -7.47833178e-03 -4.01493376e-02
-2.50102697e-03 -7.51368661e-03 -3.97670096e-02
-2.60677619e-03 -7.54896139e-03 -3.93900898e-02
-2.71119521e-03 -7.58415311e-03 -3.90185105e-02
-2.81429504e-03 -7.61925871e-03 -3.86522033e-02
-2.91608731e-03 -7.65427503e-03 -3.82910996e-02
-3.01658418e-03 -7.68919891e-03 -3.79351303e-02
-3.11579837e-03 -7.72402712e-03 -3.75842257e-02
-3.21374312e-03 -7.75875643e-03 -3.72383156e-02
-3.31043217e-03 -7.79338358e-03 -3.68973294e-02
-3.40587974e-03 -7.82790532e-03 -3.65611962e-02
-3.50010051e-03 -7.86231840e-03 -3.62298446e-02
-3.59310954e-03 -7.89661960e-03 -3.59032030e-02
-3.68492228e-03 -7.93080576e-03 -3.55811993e-02
-3.77555452e-03 -7.96487374e-03 -3.52637614e-02
-3.86502233e-03 -7.99882051e-03 -3.49508172e-02
-3.95334205e-03 -8.03264309e-03 -3.46422943e-02
-4.04053022e-03 -8.06633864e-03 -3.43381205e-02
-4.12660352e-03 -8.09990439e-03 -3.40382238e-02
-4.21157878e-03 -8.13333774e-03 -3.37425323e-02
-4.29547289e-03 -8.16663623e-03 -3.34509744e-02
-4.37830277e-03 -8.19979753e-03 -3.31634791e-02
-4.46008532e-03 -8.23281951e-03 -3.28799758e-02
-4.54083740e-03 -8.26570020e-03 -3.26003945e-02
-4.62057578e-03 -8.29843784e-03 -3.23246657e-02
-4.69931708e-03 -8.33103086e-03 -3.20527210e-02
-4.77707778e-03 -8.36347789e-03 -3.17844926e-02
-4.85387417e-03 -8.39577778e-03 -3.15199135e-02
-4.92972229e-03 -8.42792960e-03 -3.12589180e-02
-5.00463797e-03 -8.45993261e-03 -3.10014411e-02
-5.07863674e-03 -8.49178631e-03 -3.07474190e-02
-5.15173388e-03 -8.52349040e-03 -3.04967889e-02
-5.22394433e-03 -8.55504480e-03 -3.02494893e-02
-5.29528275e-03 -8.58644962e-03 -3.00054597e-02
-5.36576347e-03 -8.61770517e-03 -2.97646411e-02
-5.43540048e-03 -8.64881193e-03 -2.95269752e-02
-5.50420746e-03 -8.67977057e-03 -2.92924053e-02
-5.57219774e-03 -8.71058192e-03 -2.90608759e-02
-5.63938436e-03 -8.74124693e-03 -2.88323325e-02
-5.70577999e-03 -8.77176671e-03 -2.86067219e-02
-5.77139703e-03 -8.80214246e-03 -2.83839922e-02
-5.83624754e-03 -8.83237548e-03 -2.81640926e-02
-5.90034329e-03 -8.86246716e-03 -2.79469733e-02
-5.96369578e-03 -8.89241891e-03 -2.77325859e-02
-6.02631621e-03 -8.92223223e-03 -2.75208828e-02
-6.08821554e-03 -8.95190859e-03 -2.73118178e-02
-6.14940448e-03 -8.98144949e-03 -2.71053455e-02
-6.20989348e-03 -9.01085641e-03 -2.69014217e-02
-6.26969279e-03 -9.04013078e-03 -2.67000029e-02
-6.32881246e-03 -9.06927399e-03 -2.65010469e-02
-6.38726232e-03 -9.09828735e-03 -2.63045122e-02
-6.44505202e-03 -9.12717211e-03 -2.61103581e-02
-6.50219106e-03 -9.15592940e-03 -2.59185451e-02
-6.55868876e-03 -9.18456025e-03 -2.57290342e-02
-6.61455430e-03 -9.21306556e-03 -2.55417874e-02
-6.66979671e-03 -9.24144612e-03 -2.53567673e-02
-6.72442490e-03 -9.26970258e-03 -2.51739374e-02
-6.77844765e-03 -9.29783544e-03 -2.49932619e-02
-6.83187362e-03 -9.32584506e-03 -2.48147055e-02
-6.88471138e-03 -9.35373165e-03 -2.46382339e-02
-6.93696938e-03 -9.38149527e-03 -2.44638132e-02
-6.98865596e-03 -9.40913585e-03 -2.42914102e-02
-7.03977939e-03 -9.43665317e-03 -2.41209923e-02
-7.09034783e-03 -9.46404684e-03 -2.39525276e-02
-7.14036936e-03 -9.49131639e-03 -2.37859847e-02
-7.18985196e-03 -9.51846119e-03 -2.36213327e-02
-7.23880353e-03 -9.54548049e-03 -2.34585414e-02
-7.28723189e-03 -9.57237344e-03 -2.32975810e-02
-7.33514478e-03 -9.59913909e-03 -2.31384223e-02
-7.38254983e-03 -9.62577641e-03 -2.29810366e-02
-7.42945461e-03 -9.65228428e-03 -2.28253957e-02
-7.47586661e-03 -9.67866152e-03 -2.26714720e-02
-7.52179320e-03 -9.70490689e-03 -2.25192382e-02
-7.56724170e-03 -9.73101913e-03 -2.23686676e-02
-7.61221934e-03 -9.75699694e-03 -2.22197339e-02
-7.65673324e-03 -9.78283899e-03 -2.20724113e-02
-7.70079045e-03 -9.80854398e-03 -2.19266745e-02
-7.74439794e-03 -9.83411060e-03 -2.17824985e-02
-7.78756257e-03 -9.85953755e-03 -2.16398590e-02
-7.83029113e-03 -9.88482358e-03 -2.14987319e-02
-7.87259030e-03 -9.90996747e-03 -2.13590936e-02
-7.91446667e-03 -9.93496805e-03 -2.12209209e-02
-7.95592676e-03 -9.95982421e-03 -2.10841911e-02
-7.99697696e-03 -9.98453491e-03 -2.09488819e-02
-8.03762359e-03 -1.00090992e-02 -2.08149714e-02
-8.07787286e-03 -1.00335162e-02 -2.06824380e-02
-8.11773089e-03 -1.00577850e-02 -2.05512607e-02
-8.15720369e-03 -1.00819050e-02 -2.04214187e-02
-8.19629717e-03 -1.01058755e-02 -2.02928917e-02
-8.23501715e-03 -1.01296961e-02 -2.01656600e-02
-8.27336933e-03 -1.01533662e-02 -2.00397039e-02
-8.31135930e-03 -1.01768856e-02 -1.99150043e-02
-8.34899255e-03 -1.02002539e-02 -1.97915425e-02
-8.38627446e-03 -1.02234711e-02 -1.96693003e-02
-8.42321030e-03 -1.02465370e-02 -1.95482596e-02
-8.45980521e-03 -1.02694518e-02 -1.94284028e-02
-8.49606424e-03 -1.02922155e-02 -1.93097129e-02
-8.53199229e-03 -1.03148284e-02 -1.91921729e-02
-8.56759418e-03 -1.03372907e-02 -1.90757665e-02
-8.60287458e-03 -1.03596028e-02 -1.89604775e-02
-8.63783805e-03 -1.03817651e-02 -1.88462903e-02
-8.67248904e-03 -1.04037782e-02 -1.87331895e-02
-8.70683186e-03 -1.04256425e-02 -1.86211601e-02
-8.74087072e-03 -1.04473588e-02 -1.85101875e-02
-8.77460969e-03 -1.04689277e-02 -1.84002573e-02
-8.80805274e-03 -1.04903498e-02 -1.82913556e-02
-8.84120370e-03 -1.05116260e-02 -1.81834687e-02
-8.87406631e-03 -1.05327570e-02 -1.80765834e-02
-8.90664417e-03 -1.05537436e-02 -1.79706864e-02
-8.93894078e-03 -1.05745868e-02 -1.78657652e-02
-8.97095955e-03 -1.05952873e-02 -1.77618073e-02
-9.00270376e-03 -1.06158460e-02 -1.76588004e-02
-9.03417660e-03 -1.06362639e-02 -1.75567327e-02
-9.06538117e-03 -1.06565417e-02 -1.74555925e-02
-9.09632048e-03 -1.06766804e-02 -1.73553684e-02
-9.12699743e-03 -1.06966809e-02 -1.72560491e-02
-9.15741489e-03 -1.07165441e-02 -1.71576237e-02
-9.18757561e-03 -1.07362708e-02 -1.70600814e-02
-9.21748230e-03 -1.07558618e-02 -1.69634115e-02
-9.24713759e-03 -1.07753182e-02 -1.68676036e-02
-9.27654407e-03 -1.07946406e-02 -1.67726475e-02
-9.30570429e-03 -1.08138298e-02 -1.66785330e-02
-9.33462073e-03 -1.08328868e-02 -1.65852501e-02
-9.36329585e-03 -1.08518122e-02 -1.64927889e-02
-9.39173208e-03 -1.08706067e-02 -1.64011398e-02
-9.41993184e-03 -1.08892712e-02 -1.63102930e-02
-9.44789749e-03 -1.09078063e-02 -1.62202391e-02
-9.47563142e-03 -1.09262126e-02 -1.61309686e-02
-9.50313599e-03 -1.09444908e-02 -1.60424720e-02
-9.53041355e-03 -1.09626416e-02 -1.59547402e-02
-9.55746646e-03 -1.09806654e-02 -1.58677640e-02
-9.58429707e-03 -1.09985628e-02 -1.57815342e-02
-9.61090774e-03 -1.10163345e-02 -1.56960417e-02
-9.63730084e-03 -1.10339808e-02 -1.56112775e-02
-9.66347874e-03 -1.10515022e-02 -1.55272328e-02
-9.68944381e-03 -1.10688992e-02 -1.54438987e-02
-9.71519844e-03 -1.10861722e-02 -1.53612664e-02
-9.74074501e-03 -1.11033215e-02 -1.52793272e-02
-9.76608593e-03 -1.11203476e-02 -1.51980725e-02
-9.79122358e-03 -1.11372508e-02 -1.51174939e-02
-9.81616036e-03 -1.11540314e-02 -1.50375828e-02
-9.84089867e-03 -1.11706896e-02 -1.49583310e-02
-9.86544089e-03 -1.11872257e-02 -1.48797302e-02
-9.88978940e-03 -1.12036401e-02 -1.48017723e-02
-9.91394657e-03 -1.12199328e-02 -1.47244494e-02
-9.93791472e-03 -1.12361042e-02 -1.46477535e-02
-9.96169619e-03 -1.12521543e-02 -1.45716770e-02
-9.98529326e-03 -1.12680834e-02 -1.44962122e-02
-1.00087082e-02 -1.12838916e-02 -1.44213517e-02
-1.00319432e-02 -1.12995790e-02 -1.43470883e-02
-1.00550005e-02 -1.13151458e-02 -1.42734148e-02
-1.00778822e-02 -1.13305921e-02 -1.42003242e-02
-1.01005903e-02 -1.13459179e-02 -1.41278098e-02
-1.01231269e-02 -1.13611234e-02 -1.40558649e-02
-1.01454940e-02 -1.13762087e-02 -1.39844829e-02
-1.01676935e-02 -1.13911739e-02 -1.39136577e-02
-1.01897271e-02 -1.14060189e-02 -1.38433831e-02
-1.02115967e-02 -1.14207440e-02 -1.37736532e-02
-1.02333039e-02 -1.14353492e-02 -1.37044620e-02
-1.02548504e-02 -1.14498346e-02 -1.36358041e-02
-1.02762376e-02 -1.14642002e-02 -1.35676738e-02
-1.02974672e-02 -1.14784462e-02 -1.35000660e-02
-1.03185405e-02 -1.14925727e-02 -1.34329753e-02
-1.03394588e-02 -1.15065798e-02 -1.33663967e-02
-1.03602233e-02 -1.15204676e-02 -1.33003253e-02
-1.03808353e-02 -1.15342364e-02 -1.32347562e-02
-1.04012958e-02 -1.15478862e-02 -1.31696847e-02
-1.04216060e-02 -1.15614172e-02 -1.31051063e-02
-1.04417668e-02 -1.15748298e-02 -1.30410163e-02
-1.04617791e-02 -1.15881240e-02 -1.29774103e-02
-1.04816439e-02 -1.16013002e-02 -1.29142839e-02
-1.05013619e-02 -1.16143587e-02 -1.28516327e-02
-1.05209340e-02 -1.16272998e-02 -1.27894524e-02
-1.05403609e-02 -1.16401238e-02 -1.27277386e-02
-1.05596433e-02 -1.16528311e-02 -1.26664872e-02
-1.05787819e-02 -1.16654222e-02 -1.26056937e-02
-1.05977774e-02 -1.16778974e-02 -1.25453540e-02
-1.06166305e-02 -1.16902573e-02 -1.24854638e-02
-1.06353416e-02 -1.17025024e-02 -1.24260186e-02
-1.06539116e-02 -1.17146332e-02 -1.23670142e-02
-1.06723411e-02 -1.17266503e-02 -1.23084462e-02
-1.06906306e-02 -1.17385544e-02 -1.22503102e-02
-1.07087808e-02 -1.17503461e-02 -1.21926017e-02
-1.07267923e-02 -1.17620260e-02 -1.21353162e-02
-1.07446659e-02 -1.17735950e-02 -1.20784492e-02
-1.07624023e-02 -1.17850538e-02 -1.20219962e-02
-1.07800021e-02 -1.17964032e-02 -1.19659524e-02
-1.07974661e-02 -1.18076439e-02 -1.19103132e-02
-1.08147951e-02 -1.18187769e-02 -1.18550740e-02
-1.08319899e-02 -1.18298030e-02 -1.18002300e-02
-1.08490513e-02 -1.18407232e-02 -1.17457764e-02
-1.08659803e-02 -1.18515382e-02 -1.16917086e-02
-1.08827776e-02 -1.18622492e-02 -1.16380217e-02
-1.08994443e-02 -1.18728570e-02 -1.15847111e-02
-1.09159813e-02 -1.18833626e-02 -1.15317719e-02
-1.09323896e-02 -1.18937670e-02 -1.14791995e-02
-1.09486703e-02 -1.19040711e-02 -1.14269892e-02
-1.09648245e-02 -1.19142761e-02 -1.13751363e-02
-1.09808531e-02 -1.19243829e-02 -1.13236364e-02
-1.09967575e-02 -1.19343924e-02 -1.12724848e-02
-1.10125386e-02 -1.19443058e-02 -1.12216772e-02
-1.10281977e-02 -1.19541239e-02 -1.11712092e-02
-1.10437360e-02 -1.19638478e-02 -1.11210767e-02
-1.10591546e-02 -1.19734784e-02 -1.10712754e-02
-1.10744548e-02 -1.19830168e-02 -1.10218016e-02
-1.10896377e-02 -1.19924638e-02 -1.09726512e-02
-1.11047046e-02 -1.20018203e-02 -1.09238206e-02
-1.11196568e-02 -1.20110873e-02 -1.08753063e-02
-1.11344953e-02 -1.20202655e-02 -1.08271048e-02
-1.11492214e-02 -1.20293560e-02 -1.07792129e-02
-1.11638364e-02 -1.20383594e-02 -1.07316275e-02
-1.11783414e-02 -1.20472765e-02 -1.06843456e-02
-1.11927376e-02 -1.20561082e-02 -1.06373647e-02
-1.12070260e-02 -1.20648550e-02 -1.05906820e-02
-1.12212080e-02 -1.20735177e-02 -1.05442951e-02
-1.12352845e-02 -1.20820969e-02 -1.04982019e-02
-1.12492567e-02 -1.20905932e-02 -1.04524002e-02
-1.12631256e-02 -1.20990072e-02 -1.04068880e-02
-1.12768923e-02 -1.21073393e-02 -1.03616636e-02
-1.12905577e-02 -1.21155901e-02 -1.03167253e-02
-1.13041229e-02 -1.21237601e-02 -1.02720716e-02
-1.13175888e-02 -1.21318495e-02 -1.02277011e-02
-1.13309563e-02 -1.21398589e-02 -1.01836125e-02
-1.13442263e-02 -1.21477884e-02 -1.01398046e-02
-1.13573997e-02 -1.21556385e-02 -1.00962763e-02
-1.13704773e-02 -1.21634094e-02 -1.00530265e-02
-1.13834600e-02 -1.21711014e-02 -1.00100543e-02
-1.13963485e-02 -1.21787146e-02 -9.96735872e-03
-1.14091436e-02 -1.21862492e-02 -9.92493889e-03
-1.14218461e-02 -1.21937054e-02 -9.88279392e-03
-1.14344567e-02 -1.22010834e-02 -9.84092294e-03
-1.14469760e-02 -1.22083832e-02 -9.79932505e-03
-1.14594048e-02 -1.22156049e-02 -9.75799936e-03
-1.14717438e-02 -1.22227487e-02 -9.71694492e-03
-1.14839936e-02 -1.22298146e-02 -9.67616073e-03
-1.14961549e-02 -1.22368026e-02 -9.63564573e-03
-1.15082283e-02 -1.22437129e-02 -9.59539882e-03
-1.15202145e-02 -1.22505456e-02 -9.55541877e-03
-1.15321141e-02 -1.22573005e-02 -9.51570428e-03
-1.15439278e-02 -1.22639779e-02 -9.47625396e-03
-1.15556561e-02 -1.22705777e-02 -9.43706629e-03
-1.15672996e-02 -1.22771002e-02 -9.39813966e-03
-1.15788592e-02 -1.22835452e-02 -9.35947231e-03
-1.15903352e-02 -1.22899130e-02 -9.32106239e-03
-1.16017285e-02 -1.22962035e-02 -9.28290789e-03
-1.16130396e-02 -1.23024171e-02 -9.24500669e-03
-1.16242691e-02 -1.23085537e-02 -9.20735654e-03
-1.16354178e-02 -1.23146136e-02 -9.16995505e-03
-1.16464862e-02 -1.23205969e-02 -9.13279973e-03
-1.16574750e-02 -1.23265039e-02 -9.09588794e-03
-1.16683849e-02 -1.23323347e-02 -9.05921692e-03
-1.16792165e-02 -1.23380896e-02 -9.02278383e-03
-1.16899705e-02 -1.23437689e-02 -8.98658567e-03
-1.17006476e-02 -1.23493728e-02 -8.95061939e-03
-1.17112484e-02 -1.23549016e-02 -8.91488181e-03
-1.17217736e-02 -1.23603558e-02 -8.87936969e-03
-1.17322239e-02 -1.23657357e-02 -8.84407970e-03
-1.17426000e-02 -1.23710415e-02 -8.80900846e-03
-1.17529024e-02 -1.23762739e-02 -8.77415253e-03
-1.17631319e-02 -1.23814330e-02 -8.73950843e-03
-1.17732891e-02 -1.23865195e-02 -8.70507264e-03
-1.17833747e-02 -1.23915338e-02 -8.67084164e-03
-1.17933894e-02 -1.23964762e-02 -8.63681188e-03
-1.18033336e-02 -1.24013474e-02 -8.60297983e-03
-1.18132082e-02 -1.24061477e-02 -8.56934199e-03
-1.18230136e-02 -1.24108778e-02 -8.53589485e-03
-1.18327505e-02 -1.24155381e-02 -8.50263497e-03
-1.18424195e-02 -1.24201291e-02 -8.46955897e-03
-1.18520210e-02 -1.24246513e-02 -8.43666349e-03
-1.18615558e-02 -1.24291052e-02 -8.40394529e-03
-1.18710242e-02 -1.24334915e-02 -8.37140117e-03
-1.18804268e-02 -1.24378105e-02 -8.33902806e-03
-1.18897641e-02 -1.24420627e-02 -8.30682297e-03
-1.18990366e-02 -1.24462488e-02 -8.27478301e-03
-1.19082447e-02 -1.24503690e-02 -8.24290541e-03
-1.19173888e-02 -1.24544239e-02 -8.21118754e-03
-1.19264694e-02 -1.24584140e-02 -8.17962686e-03
-1.19354868e-02 -1.24623397e-02 -8.14822099e-03
-1.19444413e-02 -1.24662013e-02 -8.11696768e-03
-1.19533334e-02 -1.24699993e-02 -8.08586480e-03
-1.19621633e-02 -1.24737339e-02 -8.05491038e-03
-1.19709313e-02 -1.24774057e-02 -8.02410257e-03
-1.19796377e-02 -1.24810148e-02 -7.99343967e-03
-1.19882828e-02 -1.24845615e-02 -7.96292013e-03
-1.19968668e-02 -1.24880461e-02 -7.93254251e-03
-1.20053899e-02 -1.24914689e-02 -7.90230553e-03
-1.20138523e-02 -1.24948299e-02 -7.87220803e-03
-1.20222541e-02 -1.24981295e-02 -7.84224898e-03
-1.20305957e-02 -1.25013676e-02 -7.81242747e-03
-1.20388770e-02 -1.25045445e-02 -7.78274273e-03
-1.20470983e-02 -1.25076602e-02 -7.75319406e-03
-1.20552597e-02 -1.25107147e-02 -7.72378092e-03
-1.20633612e-02 -1.25137082e-02 -7.69450282e-03
-1.20714031e-02 -1.25166405e-02 -7.66535940e-03
-1.20793854e-02 -1.25195117e-02 -7.63635036e-03
-1.20873082e-02 -1.25223218e-02 -7.60747549e-03
-1.20951716e-02 -1.25250706e-02 -7.57873466e-03
-1.21029758e-02 -1.25277582e-02 -7.55012778e-03
-1.21107207e-02 -1.25303843e-02 -7.52165482e-03
-1.21184065e-02 -1.25329490e-02 -7.49331581e-03
-1.21260333e-02 -1.25354521e-02 -7.46511081e-03
-1.21336012e-02 -1.25378934e-02 -7.43703989e-03
-1.21411102e-02 -1.25402730e-02 -7.40910316e-03
-1.21485605e-02 -1.25425906e-02 -7.38130076e-03
-1.21559523e-02 -1.25448461e-02 -7.35363280e-03
-1.21632855e-02 -1.25470395e-02 -7.32609940e-03
-1.21705604e-02 -1.25491706e-02 -7.29870070e-03
-1.21777771e-02 -1.25512394e-02 -7.27143679e-03
-1.21849357e-02 -1.25532457e-02 -7.24430776e-03
-1.21920364e-02 -1.25551896e-02 -7.21731366e-03
-1.21990794e-02 -1.25570709e-02 -7.19045452e-03
-1.22060648e-02 -1.25588898e-02 -7.16373034e-03
-1.22129929e-02 -1.25606462e-02 -7.13714106e-03
-1.22198639e-02 -1.25623401e-02 -7.11068660e-03
-1.22266780e-02 -1.25639717e-02 -7.08436681e-03
-1.22334355e-02 -1.25655411e-02 -7.05818150e-03
-1.22401365e-02 -1.25670485e-02 -7.03213045e-03
-1.22467815e-02 -1.25684940e-02 -7.00621335e-03
-1.22533706e-02 -1.25698779e-02 -6.98042987e-03
-1.22599043e-02 -1.25712005e-02 -6.95477961e-03
-1.22663827e-02 -1.25724621e-02 -6.92926212e-03
-1.22728063e-02 -1.25736631e-02 -6.90387690e-03
-1.22791755e-02 -1.25748039e-02 -6.87862340e-03
-1.22854905e-02 -1.25758850e-02 -6.85350101e-03
-1.22917518e-02 -1.25769069e-02 -6.82850908e-03
-1.22979597e-02 -1.25778701e-02 -6.80364693e-03
-1.23041148e-02 -1.25787754e-02 -6.77891381e-03
-1.23102174e-02 -1.25796232e-02 -6.75430896e-03
-1.23162680e-02 -1.25804144e-02 -6.72983157e-03
-1.23222671e-02 -1.25811496e-02 -6.70548079e-03
-1.23282151e-02 -1.25818297e-02 -6.68125576e-03
-1.23341125e-02 -1.25824555e-02 -6.65715560e-03
-1.23399599e-02 -1.25830277e-02 -6.63317941e-03
-1.23457577e-02 -1.25835473e-02 -6.60932627e-03
-1.23515065e-02 -1.25840153e-02 -6.58559525e-03
-1.23572068e-02 -1.25844325e-02 -6.56198543e-03
-1.23628593e-02 -1.25847999e-02 -6.53849589e-03
-1.23684644e-02 -1.25851185e-02 -6.51512572e-03
-1.23740227e-02 -1.25853893e-02 -6.49187401e-03
-1.23795350e-02 -1.25856133e-02 -6.46873988e-03
-1.23850017e-02 -1.25857916e-02 -6.44572247e-03
-1.23904235e-02 -1.25859251e-02 -6.42282096e-03
-1.23958010e-02 -1.25860149e-02 -6.40003455e-03
-1.24011349e-02 -1.25860621e-02 -6.37736247e-03
-1.24064258e-02 -1.25860676e-02 -6.35480401e-03
-1.24116744e-02 -1.25860324e-02 -6.33235849e-03
-1.24168813e-02 -1.25859575e-02 -6.31002531e-03
-1.24220473e-02 -1.25858438e-02 -6.28780389e-03
-1.24271730e-02 -1.25856924e-02 -6.26569373e-03
-1.24322592e-02 -1.25855040e-02 -6.24369438e-03
-1.24373065e-02 -1.25852796e-02 -6.22180547e-03
-1.24423157e-02 -1.25850199e-02 -6.20002667e-03
-1.24472875e-02 -1.25847259e-02 -6.17835776e-03
-1.24522226e-02 -1.25843981e-02 -6.15679857e-03
-1.24571218e-02 -1.25840372e-02 -6.13534899e-03
-1.24619859e-02 -1.25836440e-02 -6.11400901e-03
-1.24668156e-02 -1.25832189e-02 -6.09277870e-03
-1.24716117e-02 -1.25827625e-02 -6.07165818e-03
-1.24763749e-02 -1.25822752e-02 -6.05064769e-03
-1.24811061e-02 -1.25817575e-02 -6.02974752e-03
-1.24858060e-02 -1.25812095e-02 -6.00895804e-03
-1.24904755e-02 -1.25806316e-02 -5.98827973e-03
-1.24951153e-02 -1.25800240e-02 -5.96771312e-03
-1.24997262e-02 -1.25793867e-02 -5.94725883e-03
-1.25043092e-02 -1.25787198e-02 -5.92691757e-03
-1.25088649e-02 -1.25780232e-02 -5.90669011e-03
-1.25133943e-02 -1.25772969e-02 -5.88657730e-03
-1.25178981e-02 -1.25765406e-02 -5.86658007e-03
-1.25223772e-02 -1.25757542e-02 -5.84669944e-03
-1.25268325e-02 -1.25749373e-02 -5.82693646e-03
-1.25312647e-02 -1.25740895e-02 -5.80729230e-03
-1.25356748e-02 -1.25732103e-02 -5.78776816e-03
-1.25400636e-02 -1.25722993e-02 -5.76836531e-03
-1.25444318e-02 -1.25713559e-02 -5.74908511e-03
-1.25487805e-02 -1.25703795e-02 -5.72992895e-03
-1.25531104e-02 -1.25693693e-02 -5.71089830e-03
-1.25574224e-02 -1.25683246e-02 -5.69199466e-03
-1.25617174e-02 -1.25672446e-02 -5.67321961e-03
-1.25659962e-02 -1.25661286e-02 -5.65457477e-03
-1.25702597e-02 -1.25649756e-02 -5.63606180e-03
-1.25745087e-02 -1.25637847e-02 -5.61768241e-03
-1.25787441e-02 -1.25625550e-02 -5.59943835e-03
-1.25829668e-02 -1.25612854e-02 -5.58133142e-03
-1.25871776e-02 -1.25599751e-02 -5.56336344e-03
-1.25913774e-02 -1.25586230e-02 -5.54553627e-03
-1.25955670e-02 -1.25572280e-02 -5.52785180e-03
-1.25997473e-02 -1.25557892e-02 -5.51031197e-03
-1.26039191e-02 -1.25543055e-02 -5.49291871e-03
-1.26080832e-02 -1.25527759e-02 -5.47567400e-03
-1.26122406e-02 -1.25511993e-02 -5.45857983e-03
-1.26163919e-02 -1.25495748e-02 -5.44163822e-03
-1.26205382e-02 -1.25479012e-02 -5.42485121e-03
-1.26246801e-02 -1.25461777e-02 -5.40822084e-03
-1.26288185e-02 -1.25444033e-02 -5.39174919e-03
-1.26329543e-02 -1.25425770e-02 -5.37543833e-03
-1.26370882e-02 -1.25406980e-02 -5.35929035e-03
-1.26412210e-02 -1.25387654e-02 -5.34330736e-03
-1.26453535e-02 -1.25367783e-02 -5.32749149e-03
-1.26494865e-02 -1.25347361e-02 -5.31184484e-03
-1.26536208e-02 -1.25326380e-02 -5.29636957e-03
-1.26577572e-02 -1.25304833e-02 -5.28106782e-03
-1.26618963e-02 -1.25282714e-02 -5.26594174e-03
-1.26660391e-02 -1.25260019e-02 -5.25099349e-03
-1.26701861e-02 -1.25236740e-02 -5.23622526e-03
-1.26743382e-02 -1.25212875e-02 -5.22163923e-03
-1.26784961e-02 -1.25188420e-02 -5.20723758e-03
-1.26826605e-02 -1.25163372e-02 -5.19302253e-03
-1.26868320e-02 -1.25137728e-02 -5.17899630e-03
-1.26910115e-02 -1.25111487e-02 -5.16516111e-03
-1.26951995e-02 -1.25084647e-02 -5.15151922e-03
-1.26993967e-02 -1.25057209e-02 -5.13807287e-03
-1.27036039e-02 -1.25029173e-02 -5.12482434e-03
-1.27078216e-02 -1.25000540e-02 -5.11177593e-03
-1.27120506e-02 -1.24971311e-02 -5.09892995e-03
-1.27162913e-02 -1.24941490e-02 -5.08628872e-03
-1.27205445e-02 -1.24911079e-02 -5.07385461e-03
-1.27248108e-02 -1.24880082e-02 -5.06162999e-03
-1.27290906e-02 -1.24848503e-02 -5.04961727e-03
-1.27333847e-02 -1.24816347e-02 -5.03781886e-03
-1.27376936e-02 -1.24783621e-02 -5.02623723e-03
-1.27420177e-02 -1.24750329e-02 -5.01487486e-03
-1.27463578e-02 -1.24716479e-02 -5.00373426e-03
-1.27507142e-02 -1.24682078e-02 -4.99281800e-03
-1.27550876e-02 -1.24647133e-02 -4.98212865e-03
-1.27594783e-02 -1.24611652e-02 -4.97166882e-03
-1.27638869e-02 -1.24575644e-02 -4.96144118e-03
-1.27683139e-02 -1.24539118e-02 -4.95144842e-03
-1.27727597e-02 -1.24502082e-02 -4.94169327e-03
-1.27772247e-02 -1.24464546e-02 -4.93217849e-03
-1.27817094e-02 -1.24426519e-02 -4.92290690e-03
-1.27862141e-02 -1.24388013e-02 -4.91388135e-03
-1.27907394e-02 -1.24349035e-02 -4.90510474e-03
-1.27952854e-02 -1.24309597e-02 -4.89658000e-03
-1.27998527e-02 -1.24269709e-02 -4.88831011e-03
-1.28044415e-02 -1.24229381e-02 -4.88029808e-03
-1.28090523e-02 -1.24188623e-02 -4.87254698e-03
-1.28136852e-02 -1.24147446e-02 -4.86505991e-03
-1.28183406e-02 -1.24105859e-02 -4.85784002e-03
-1.28230187e-02 -1.24063873e-02 -4.85089048e-03
-1.28277199e-02 -1.24021498e-02 -4.84421453e-03
-1.28324443e-02 -1.23978743e-02 -4.83781542e-03
-1.28371922e-02 -1.23935618e-02 -4.83169645e-03
-1.28419638e-02 -1.23892132e-02 -4.82586096e-03
-1.28467592e-02 -1.23848294e-02 -4.82031231e-03
-1.28515787e-02 -1.23804112e-02 -4.81505391e-03
-1.28564222e-02 -1.23759596e-02 -4.81008917e-03
-1.28612901e-02 -1.23714753e-02 -4.80542156e-03
-1.28661823e-02 -1.23669591e-02 -4.80105456e-03
-1.28710988e-02 -1.23624117e-02 -4.79699166e-03
-1.28760399e-02 -1.23578338e-02 -4.79323638e-03
-1.28810053e-02 -1.23532260e-02 -4.78979227e-03
-1.28859952e-02 -1.23485889e-02 -4.78666287e-03
-1.28910096e-02 -1.23439231e-02 -4.78385174e-03
-1.28960482e-02 -1.23392290e-02 -4.78136243e-03
-1.29011110e-02 -1.23345073e-02 -4.77919851e-03
-1.29061979e-02 -1.23297581e-02 -4.77736354e-03
-1.29113088e-02 -1.23249820e-02 -4.77586106e-03
-1.29164433e-02 -1.23201793e-02 -4.77469461e-03
-1.29216013e-02 -1.23153502e-02 -4.77386772e-03
-1.29267824e-02 -1.23104951e-02 -4.77338387e-03
-1.29319865e-02 -1.23056139e-02 -4.77324655e-03
-1.29372130e-02 -1.23007071e-02 -4.77345919e-03
-1.29424616e-02 -1.22957746e-02 -4.77402519e-03
-1.29477319e-02 -1.22908165e-02 -4.77494791e-03
-1.29530234e-02 -1.22858329e-02 -4.77623066e-03
-1.29583355e-02 -1.22808238e-02 -4.77787669e-03
-1.29636677e-02 -1.22757892e-02 -4.77988919e-03
-1.29690193e-02 -1.22707291e-02 -4.78227129e-03
-1.29743896e-02 -1.22656433e-02 -4.78502604e-03
-1.29797780e-02 -1.22605318e-02 -4.78815641e-03
-1.29851835e-02 -1.22553945e-02 -4.79166529e-03
-1.29906053e-02 -1.22502313e-02 -4.79555548e-03
-1.29960426e-02 -1.22450420e-02 -4.79982966e-03
-1.30014944e-02 -1.22398266e-02 -4.80449043e-03
-1.30069596e-02 -1.22345848e-02 -4.80954026e-03
-1.30124371e-02 -1.22293165e-02 -4.81498150e-03
-1.30179257e-02 -1.22240217e-02 -4.82081639e-03
-1.30234243e-02 -1.22187001e-02 -4.82704701e-03
-1.30289315e-02 -1.22133517e-02 -4.83367532e-03
-1.30344460e-02 -1.22079764e-02 -4.84070312e-03
-1.30399662e-02 -1.22025741e-02 -4.84813207e-03
-1.30454907e-02 -1.21971447e-02 -4.85596363e-03
-1.30510179e-02 -1.21916883e-02 -4.86419914e-03
-1.30565460e-02 -1.21862049e-02 -4.87283973e-03
-1.30620734e-02 -1.21806945e-02 -4.88188634e-03
-1.30675982e-02 -1.21751572e-02 -4.89133973e-03
-1.30731185e-02 -1.21695931e-02 -4.90120048e-03
-1.30786322e-02 -1.21640025e-02 -4.91146892e-03
-1.30841373e-02 -1.21583856e-02 -4.92214519e-03
-1.30896316e-02 -1.21527427e-02 -4.93322922e-03
-1.30951129e-02 -1.21470742e-02 -4.94472069e-03
-1.31005787e-02 -1.21413805e-02 -4.95661904e-03
-1.31060267e-02 -1.21356620e-02 -4.96892349e-03
