-3.82111715e-05 -1.66359373e-08 1.25522891e-04
-1.44628424e-04 -3.77733804e-08 3.39292079e-04
-3.08679567e-04 4.01375243e-09 6.23684464e-04
-5.21431609e-04 1.94418529e-07 9.63881545e-04
-7.75355990e-04 6.24768470e-07 1.34749184e-03
-1.06412523e-03 1.38366226e-06 1.76421398e-03
-1.38243729e-03 2.55170178e-06 2.20553845e-03
-1.72586425e-03 4.19844135e-06 2.66448564e-03
-2.09072231e-03 6.38090151e-06 3.13537683e-03
-2.47396033e-03 9.14316472e-06 3.61363524e-03
-2.87306453e-03 1.25166991e-05 4.09561397e-03
-3.28597719e-03 1.65211530e-05 4.57844762e-03
-3.71102736e-03 2.11654338e-05 5.05992509e-03
-4.14687212e-03 2.64489403e-05 5.53838063e-03
-4.59244659e-03 3.23628546e-05 6.01260107e-03
-5.04692171e-03 3.88914307e-05 6.48174689e-03
-5.50966850e-03 4.60132367e-05 6.94528543e-03
-5.98022786e-03 5.37023234e-05 7.40293440e-03
-6.45828512e-03 6.19293028e-05 7.85461438e-03
-6.94364856e-03 7.06623290e-05 8.30040892e-03
-7.43623131e-03 7.98679760e-05 8.74053124e-03
-7.93603608e-03 8.95120161e-05 9.17529643e-03
-8.44314232e-03 9.95600992e-05 9.60509842e-03
-8.95769536e-03 1.09978340e-04 1.00303910e-02
-9.47989722e-03 1.20733819e-04 1.04516721e-02
-1.00099989e-02 1.31794998e-04 1.08694712e-02
-1.05482937e-02 1.43132071e-04 1.12843389e-02
-1.10951119e-02 1.54717234e-04 1.16968386e-02
-1.16508153e-02 1.66524912e-04 1.21075398e-02
-1.22157942e-02 1.78531909e-04 1.25170131e-02
-1.27904627e-02 1.90717533e-04 1.29258258e-02
-1.33752566e-02 2.03063659e-04 1.33345391e-02
-1.39706300e-02 2.15554764e-04 1.37437054e-02
-1.45770537e-02 2.28177928e-04 1.41538670e-02
-1.51950123e-02 2.40922807e-04 1.45655545e-02
-1.58250033e-02 2.53781578e-04 1.49792862e-02
-1.64675346e-02 2.66748867e-04 1.53955674e-02
-1.71231236e-02 2.79821662e-04 1.58148904e-02
-1.77922956e-02 2.92999207e-04 1.62377341e-02
-1.84755829e-02 3.06282892e-04 1.66645640e-02
-1.91735231e-02 3.19676124e-04 1.70958327e-02
-1.98866586e-02 3.33184203e-04 1.75319795e-02
-2.06155354e-02 3.46814189e-04 1.79734307e-02
-2.13607022e-02 3.60574762e-04 1.84206000e-02
-2.21227098e-02 3.74476089e-04 1.88738883e-02
-2.29021098e-02 3.88529684e-04 1.93336840e-02
-2.36994543e-02 4.02748275e-04 1.98003629e-02
-2.45152948e-02 4.17145668e-04 2.02742884e-02
-2.53501820e-02 4.31736619e-04 2.07558110e-02
-2.62046645e-02 4.46536705e-04 2.12452689e-02
-2.70792889e-02 4.61562205e-04 2.17429873e-02
-2.79745984e-02 4.76829979e-04 2.22492782e-02
-2.88911327e-02 4.92357355e-04 2.27644406e-02
-2.98294274e-02 5.08162025e-04 2.32887596e-02
-3.07900134e-02 5.24261941e-04 2.38225066e-02
-3.17734160e-02 5.40675221e-04 2.43659386e-02
-3.27801549e-02 5.57420054e-04 2.49192980e-02
-3.38107434e-02 5.74514620e-04 2.54828119e-02
-3.48656879e-02 5.91977012e-04 2.60566919e-02
-3.59454875e-02 6.09825158e-04 2.66411335e-02
-3.70506334e-02 6.28076757e-04 2.72363158e-02
-3.81816084e-02 6.46749219e-04 2.78424007e-02
-3.93388866e-02 6.65859603e-04 2.84595326e-02
-4.05229327e-02 6.85424570e-04 2.90878379e-02
-4.17342019e-02 7.05460338e-04 2.97274244e-02
-4.29731391e-02 7.25982636e-04 3.03783812e-02
-4.42401783e-02 7.47006671e-04 3.10407775e-02
-4.55357429e-02 7.68547096e-04 3.17146629e-02
-4.68602444e-02 7.90617979e-04 3.24000664e-02
-4.82140825e-02 8.13232783e-04 3.30969964e-02
-4.95976445e-02 8.36404346e-04 3.38054400e-02
-5.10113048e-02 8.60144860e-04 3.45253627e-02
-5.24554246e-02 8.84465865e-04 3.52567081e-02
-5.39303514e-02 9.09378234e-04 3.59993976e-02
-5.54364186e-02 9.34892168e-04 3.67533298e-02
-5.69739450e-02 9.61017191e-04 3.75183806e-02
-5.85432344e-02 9.87762151e-04 3.82944030e-02
-6.01445754e-02 1.01513522e-03 3.90812263e-02
-6.17782405e-02 1.04314389e-03 3.98786566e-02
-6.34444862e-02 1.07179498e-03 4.06864762e-02
-6.51435521e-02 1.10109467e-03 4.15044436e-02
-6.68756608e-02 1.13104845e-03 4.23322934e-02
-6.86410175e-02 1.16166118e-03 4.31697364e-02
-7.04398092e-02 1.19293708e-03 4.40164590e-02
-7.22722047e-02 1.22487974e-03 4.48721240e-02
-7.41383540e-02 1.25749215e-03 4.57363699e-02
-7.60383877e-02 1.29077666e-03 4.66088113e-02
-7.79724169e-02 1.32473507e-03 4.74890389e-02
-7.99405327e-02 1.35936858e-03 4.83766194e-02
-8.19428056e-02 1.39467782e-03 4.92710961e-02
-8.39792851e-02 1.43066287e-03 5.01719885e-02
-8.60499996e-02 1.46732328e-03 5.10787927e-02
-8.81549556e-02 1.50465805e-03 5.19909819e-02
-9.02941376e-02 1.54266568e-03 5.29080058e-02
-9.24675074e-02 1.58134416e-03 5.38292919e-02
-9.46750041e-02 1.62069097e-03 5.47542447e-02
-9.69165432e-02 1.66070314e-03 5.56822469e-02
-9.91920167e-02 1.70137717e-03 5.66126590e-02
-1.01501292e-01 1.74270915e-03 5.75448201e-02
-1.03844213e-01 1.78469468e-03 5.84780480e-02
-1.06220598e-01 1.82732891e-03 5.94116397e-02
-1.08630241e-01 1.87060654e-03 6.03448714e-02
-1.11072908e-01 1.91452186e-03 6.12769997e-02
-1.13548343e-01 1.95906869e-03 6.22072611e-02
-1.16056260e-01 2.00424043e-03 6.31348730e-02
-1.18596350e-01 2.05003007e-03 6.40590340e-02
-1.21168274e-01 2.09643015e-03 6.49789245e-02
-1.23771668e-01 2.14343279e-03 6.58937070e-02
-1.26406140e-01 2.19102970e-03 6.68025265e-02
-1.29071271e-01 2.23921215e-03 6.77045114e-02
-1.31766613e-01 2.28797099e-03 6.85987738e-02
-1.34491692e-01 2.33729665e-03 6.94844101e-02
-1.37246003e-01 2.38717912e-03 7.03605014e-02
-1.40029015e-01 2.43760796e-03 7.12261145e-02
-1.42840168e-01 2.48857230e-03 7.20803021e-02
-1.45678872e-01 2.54006082e-03 7.29221035e-02
-1.48544510e-01 2.59206177e-03 7.37505454e-02
-1.51436436e-01 2.64456294e-03 7.45646424e-02
-1.54353973e-01 2.69755167e-03 7.53633979e-02
-1.57296419e-01 2.75101484e-03 7.61458043e-02
-1.60263038e-01 2.80493886e-03 7.69108442e-02
-1.63253071e-01 2.85930969e-03 7.76574909e-02
-1.66265724e-01 2.91411279e-03 7.83847090e-02
-1.69300180e-01 2.96933315e-03 7.90914556e-02
-1.72355588e-01 3.02495528e-03 7.97766804e-02
-1.75431074e-01 3.08096319e-03 8.04393270e-02
-1.78525731e-01 3.13734039e-03 8.10783337e-02
-1.81638626e-01 3.19406989e-03 8.16926339e-02
-1.84768798e-01 3.25113422e-03 8.22811572e-02
-1.87915258e-01 3.30851536e-03 8.28428305e-02
-1.91076990e-01 3.36619482e-03 8.33765781e-02
-1.94252951e-01 3.42415356e-03 8.38813235e-02
-1.97442071e-01 3.48237204e-03 8.43559898e-02
-2.00643254e-01 3.54083020e-03 8.47995003e-02
-2.03855378e-01 3.59950747e-03 8.52107802e-02
-2.07077296e-01 3.65838274e-03 8.55887569e-02
-2.10307835e-01 3.71743441e-03 8.59323612e-02
-2.13545800e-01 3.77664035e-03 8.62405284e-02
-2.16789969e-01 3.83597792e-03 8.65121989e-02
-2.20039100e-01 3.89542396e-03 8.67463196e-02
-2.23291927e-01 3.95495483e-03 8.69418446e-02
-2.26547161e-01 4.01454637e-03 8.70977363e-02
-2.29803494e-01 4.07417394e-03 8.72129667e-02
-2.33059596e-01 4.13381241e-03 8.72865180e-02
-2.36314117e-01 4.19343618e-03 8.73173839e-02
-2.39565690e-01 4.25301918e-03 8.73045708e-02
-2.42812929e-01 4.31253488e-03 8.72470984e-02
-2.46054429e-01 4.37195633e-03 8.71440014e-02
-2.49288770e-01 4.43125612e-03 8.69943300e-02
-2.52514519e-01 4.49040644e-03 8.67971513e-02
-2.55730224e-01 4.54937908e-03 8.65515504e-02
-2.58934422e-01 4.60814545e-03 8.62566314e-02
-2.62125638e-01 4.66667657e-03 8.59115186e-02
-2.65302383e-01 4.72494313e-03 8.55153574e-02
-2.68463161e-01 4.78291549e-03 8.50673156e-02
-2.71606463e-01 4.84056368e-03 8.45665845e-02
-2.74730774e-01 4.89785746e-03 8.40123796e-02
-2.77834571e-01 4.95476631e-03 8.34039425e-02
-2.80916326e-01 5.01125947e-03 8.27405411e-02
-2.83974505e-01 5.06730595e-03 8.20214711e-02
-2.87007570e-01 5.12287457e-03 8.12460572e-02
-2.90013982e-01 5.17793396e-03 8.04136539e-02
-2.92992199e-01 5.23245263e-03 7.95236465e-02
-2.95940681e-01 5.28639895e-03 7.85754525e-02
-2.98857888e-01 5.33974118e-03 7.75685220e-02
-3.01742281e-01 5.39244754e-03 7.65023394e-02
-3.04592328e-01 5.44448620e-03 7.53764238e-02
-3.07406499e-01 5.49582532e-03 7.41903303e-02
-3.10183273e-01 5.54643306e-03 7.29436508e-02
-3.12921134e-01 5.59627765e-03 7.16360147e-02
-3.15618577e-01 5.64532739e-03 7.02670905e-02
-3.18274106e-01 5.69355067e-03 6.88365855e-02
-3.20886237e-01 5.74091604e-03 6.73442479e-02
-3.23453499e-01 5.78739220e-03 6.57898665e-02
-3.25974434e-01 5.83294804e-03 6.41732722e-02
-3.28447602e-01 5.87755269e-03 6.24943384e-02
-3.30871577e-01 5.92117554e-03 6.07529817e-02
-3.33244952e-01 5.96378625e-03 5.89491626e-02
-3.35566339e-01 6.00535480e-03 5.70828862e-02
-3.37834373e-01 6.04585154e-03 5.51542027e-02
-3.40047709e-01 6.08524718e-03 5.31632078e-02
-3.42205023e-01 6.12351283e-03 5.11100434e-02
-3.44305020e-01 6.16062005e-03 4.89948981e-02
-3.46346427e-01 6.19654086e-03 4.68180073e-02
-3.48328000e-01 6.23124778e-03 4.45796537e-02
-3.50248522e-01 6.26471385e-03 4.22801678e-02
-3.52106806e-01 6.29691266e-03 3.99199278e-02
-3.53901694e-01 6.32781839e-03 3.74993602e-02
-3.55632061e-01 6.35740582e-03 3.50189396e-02
-3.57296814e-01 6.38565036e-03 3.24791890e-02
-3.58894894e-01 6.41252808e-03 2.98806797e-02
-3.60425276e-01 6.43801574e-03 2.72240318e-02
-3.61886973e-01 6.46209080e-03 2.45099133e-02
-3.63279032e-01 6.48473148e-03 2.17390408e-02
-3.64600540e-01 6.50591672e-03 1.89121787e-02
-3.65850621e-01 6.52562627e-03 1.60301396e-02
-3.67028439e-01 6.54384067e-03 1.30937834e-02
-3.68133200e-01 6.56054128e-03 1.01040174e-02
-3.69164150e-01 6.57571031e-03 7.06179591e-03
-3.70120577e-01 6.58933084e-03 3.96811951e-03
-3.71001813e-01 6.60138681e-03 8.24034842e-04
-3.71807231e-01 6.61186309e-03 -2.36936607e-03
-3.72536252e-01 6.62074545e-03 -5.61094640e-03
-3.73188338e-01 6.62802058e-03 -8.89952514e-03
-3.73763000e-01 6.63367614e-03 -1.22338779e-02
-3.74259793e-01 6.63770075e-03 -1.56127375e-02
-3.74678318e-01 6.64008400e-03 -1.90347952e-02
-3.75018224e-01 6.64081646e-03 -2.24987008e-02
-3.75279208e-01 6.63988972e-03 -2.60030646e-02
-3.75461013e-01 6.63729635e-03 -2.95464574e-02
-3.75563432e-01 6.63302997e-03 -3.31274120e-02
-3.75586304e-01 6.62708521e-03 -3.67444245e-02
-3.75529518e-01 6.61945772e-03 -4.03959548e-02
-3.75393012e-01 6.61014423e-03 -4.40804283e-02
-3.75176772e-01 6.59914247e-03 -4.77962368e-02
-3.74880833e-01 6.58645126e-03 -5.15417399e-02
-3.74505280e-01 6.57207044e-03 -5.53152662e-02
-3.74050245e-01 6.55600092e-03 -5.91151148e-02
-3.73515910e-01 6.53824466e-03 -6.29395566e-02
-3.72902506e-01 6.51880469e-03 -6.67868354e-02
-3.72210311e-01 6.49768507e-03 -7.06551699e-02
-3.71439654e-01 6.47489094e-03 -7.45427548e-02
-3.70590909e-01 6.45042845e-03 -7.84477625e-02
-3.69664500e-01 6.42430485e-03 -8.23683445e-02
-3.68660897e-01 6.39652837e-03 -8.63026329e-02
-3.67580617e-01 6.36710832e-03 -9.02487425e-02
-3.66424225e-01 6.33605501e-03 -9.42047717e-02
-3.65192331e-01 6.30337978e-03 -9.81688046e-02
-3.63885589e-01 6.26909497e-03 -1.02138913e-01
-3.62504701e-01 6.23321393e-03 -1.06113156e-01
-3.61050410e-01 6.19575098e-03 -1.10089586e-01
-3.59523504e-01 6.15672142e-03 -1.14066246e-01
-3.57924815e-01 6.11614154e-03 -1.18041173e-01
-3.56255214e-01 6.07402853e-03 -1.22012401e-01
-3.54515617e-01 6.03040055e-03 -1.25977960e-01
-3.52706976e-01 5.98527667e-03 -1.29935880e-01
-3.50830287e-01 5.93867684e-03 -1.33884193e-01
-3.48886581e-01 5.89062192e-03 -1.37820932e-01
-3.46876928e-01 5.84113362e-03 -1.41744136e-01
-3.44802436e-01 5.79023449e-03 -1.45651850e-01
-3.42664246e-01 5.73794793e-03 -1.49542126e-01
-3.40463534e-01 5.68429812e-03 -1.53413026e-01
-3.38201512e-01 5.62931004e-03 -1.57262626e-01
-3.35879421e-01 5.57300942e-03 -1.61089011e-01
-3.33498536e-01 5.51542273e-03 -1.64890284e-01
-3.31060159e-01 5.45657716e-03 -1.68664563e-01
-3.28565623e-01 5.39650059e-03 -1.72409985e-01
-3.26016289e-01 5.33522157e-03 -1.76124706e-01
-3.23413542e-01 5.27276929e-03 -1.79806905e-01
-3.20758794e-01 5.20917354e-03 -1.83454781e-01
-3.18053479e-01 5.14446472e-03 -1.87066560e-01
-3.15299057e-01 5.07867377e-03 -1.90640493e-01
-3.12497004e-01 5.01183220e-03 -1.94174860e-01
-3.09648821e-01 4.94397199e-03 -1.97667968e-01
-3.06756023e-01 4.87512563e-03 -2.01118156e-01
-3.03820146e-01 4.80532603e-03 -2.04523793e-01
-3.00842739e-01 4.73460654e-03 -2.07883284e-01
-2.97825367e-01 4.66300092e-03 -2.11195066e-01
-2.94769607e-01 4.59054325e-03 -2.14457613e-01
-2.91677049e-01 4.51726799e-03 -2.17669435e-01
-2.88549291e-01 4.44320988e-03 -2.20829081e-01
-2.85387942e-01 4.36840394e-03 -2.23935139e-01
-2.82194619e-01 4.29288543e-03 -2.26986238e-01
-2.78970942e-01 4.21668985e-03 -2.29981048e-01
-2.75718539e-01 4.13985286e-03 -2.32918280e-01
-2.72439040e-01 4.06241028e-03 -2.35796691e-01
-2.69134078e-01 3.98439807e-03 -2.38615081e-01
-2.65805285e-01 3.90585227e-03 -2.41372294e-01
-2.62454293e-01 3.82680900e-03 -2.44067223e-01
-2.59082734e-01 3.74730440e-03 -2.46698805e-01
-2.55692235e-01 3.66737465e-03 -2.49266024e-01
-2.52284417e-01 3.58705587e-03 -2.51767915e-01
-2.48860899e-01 3.50638415e-03 -2.54203558e-01
-2.45423290e-01 3.42539550e-03 -2.56572084e-01
-2.41973192e-01 3.34412583e-03 -2.58872674e-01
-2.38512196e-01 3.26261090e-03 -2.61104558e-01
-2.35041883e-01 3.18088632e-03 -2.63267016e-01
-2.31563825e-01 3.09898751e-03 -2.65359380e-01
-2.28079575e-01 3.01694965e-03 -2.67381031e-01
-2.24590678e-01 2.93480771e-03 -2.69331402e-01
-2.21098659e-01 2.85259638e-03 -2.71209979e-01
-2.17605030e-01 2.77035005e-03 -2.73016295e-01
-2.14111284e-01 2.68810279e-03 -2.74749938e-01
-2.10618895e-01 2.60588835e-03 -2.76410546e-01
-2.07129320e-01 2.52374008e-03 -2.77997808e-01
-2.03643993e-01 2.44169097e-03 -2.79511465e-01
-2.00164328e-01 2.35977359e-03 -2.80951306e-01
-1.96691717e-01 2.27802007e-03 -2.82317174e-01
-1.93227530e-01 2.19646209e-03 -2.83608961e-01
-1.89773112e-01 2.11513086e-03 -2.84826607e-01
-1.86329783e-01 2.03405709e-03 -2.85970106e-01
-1.82898838e-01 1.95327099e-03 -2.87039497e-01
-1.79481548e-01 1.87280222e-03 -2.88034869e-01
-1.76079154e-01 1.79267991e-03 -2.88956360e-01
-1.72692873e-01 1.71293261e-03 -2.89804153e-01
-1.69323890e-01 1.63358830e-03 -2.90578482e-01
-1.65973367e-01 1.55467437e-03 -2.91279623e-01
-1.62642431e-01 1.47621759e-03 -2.91907899e-01
-1.59332185e-01 1.39824411e-03 -2.92463679e-01
-1.56043698e-01 1.32077944e-03 -2.92947375e-01
-1.52778011e-01 1.24384846e-03 -2.93359442e-01
-1.49536132e-01 1.16747536e-03 -2.93700377e-01
-1.46319041e-01 1.09168369e-03 -2.93970718e-01
-1.43127683e-01 1.01649632e-03 -2.94171045e-01
-1.39962974e-01 9.41935419e-04 -2.94301977e-01
-1.36825798e-01 8.68022469e-04 -2.94364171e-01
-1.33717005e-01 7.94778250e-04 -2.94358320e-01
-1.30637414e-01 7.22222839e-04 -2.94285157e-01
-1.27587811e-01 6.50375595e-04 -2.94145447e-01
-1.24568951e-01 5.79255164e-04 -2.93939991e-01
-1.21581555e-01 5.08879468e-04 -2.93669623e-01
-1.18626311e-01 4.39265709e-04 -2.93335207e-01
-1.15703876e-01 3.70430359e-04 -2.92937642e-01
-1.12814874e-01 3.02389167e-04 -2.92477852e-01
-1.09959895e-01 2.35157151e-04 -2.91956793e-01
-1.07139499e-01 1.68748603e-04 -2.91375447e-01
-1.04354211e-01 1.03177086e-04 -2.90734820e-01
-1.01604528e-01 3.84554394e-05 -2.90035947e-01
-9.88909105e-02 -2.54042208e-05 -2.89279883e-01
-9.62137908e-02 -8.83904996e-05 -2.88467708e-01
-9.35735683e-02 -1.50492719e-04 -2.87600520e-01
-9.09706115e-02 -2.11700912e-04 -2.86679441e-01
-8.84052584e-02 -2.72005821e-04 -2.85705607e-01
-8.58778162e-02 -3.31398890e-04 -2.84680176e-01
-8.33885623e-02 -3.89872259e-04 -2.83604319e-01
-8.09377441e-02 -4.47418757e-04 -2.82479222e-01
-7.85255799e-02 -5.04031897e-04 -2.81306087e-01
-7.61522588e-02 -5.59705865e-04 -2.80086125e-01
-7.38179417e-02 -6.14435513e-04 -2.78820562e-01
-7.15227615e-02 -6.68216351e-04 -2.77510631e-01
-6.92668234e-02 -7.21044538e-04 -2.76157574e-01
-6.70502058e-02 -7.72916869e-04 -2.74762643e-01
-6.48729603e-02 -8.23830771e-04 -2.73327093e-01
-6.27351128e-02 -8.73784286e-04 -2.71852188e-01
-6.06366638e-02 -9.22776064e-04 -2.70339192e-01
-5.85775887e-02 -9.70805348e-04 -2.68789375e-01
-5.65578387e-02 -1.01787197e-03 -2.67204007e-01
-5.45773415e-02 -1.06397633e-03 -2.65584361e-01
-5.26360015e-02 -1.10911938e-03 -2.63931706e-01
-5.07337007e-02 -1.15330264e-03 -2.62247312e-01
-4.88702991e-02 -1.19652814e-03 -2.60532447e-01
-4.70456356e-02 -1.23879844e-03 -2.58788374e-01
-4.52595284e-02 -1.28011662e-03 -2.57016351e-01
-4.35117758e-02 -1.32048623e-03 -2.55217633e-01
-4.18021566e-02 -1.35991132e-03 -2.53393466e-01
-4.01304310e-02 -1.39839639e-03 -2.51545090e-01
-3.84963414e-02 -1.43594641e-03 -2.49673737e-01
-3.68996123e-02 -1.47256677e-03 -2.47780628e-01
-3.53399521e-02 -1.50826329e-03 -2.45866976e-01
-3.38170525e-02 -1.54304221e-03 -2.43933983e-01
-3.23305904e-02 -1.57691016e-03 -2.41982838e-01
-3.08802275e-02 -1.60987413e-03 -2.40014719e-01
-2.94656116e-02 -1.64194149e-03 -2.38030790e-01
-2.80863770e-02 -1.67311998e-03 -2.36032203e-01
-2.67421452e-02 -1.70341765e-03 -2.34020092e-01
-2.54325258e-02 -1.73284288e-03 -2.31995580e-01
-2.41571165e-02 -1.76140435e-03 -2.29959772e-01
-2.29155044e-02 -1.78911107e-03 -2.27913756e-01
-2.17072664e-02 -1.81597227e-03 -2.25858606e-01
-2.05319696e-02 -1.84199750e-03 -2.23795375e-01
-1.93891723e-02 -1.86719653e-03 -2.21725101e-01
-1.82784244e-02 -1.89157937e-03 -2.19648803e-01
-1.71992680e-02 -1.91515625e-03 -2.17567480e-01
-1.61512379e-02 -1.93793763e-03 -2.15482114e-01
-1.51338627e-02 -1.95993415e-03 -2.13393664e-01
-1.41466646e-02 -1.98115662e-03 -2.11303072e-01
-1.31891606e-02 -2.00161604e-03 -2.09211260e-01
-1.22608627e-02 -2.02132356e-03 -2.07119127e-01
-1.13612787e-02 -2.04029046e-03 -2.05027554e-01
-1.04899126e-02 -2.05852817e-03 -2.02937398e-01
-9.64626489e-03 -2.07604822e-03 -2.00849497e-01
-8.82983361e-03 -2.09286226e-03 -1.98764667e-01
-8.04011441e-03 -2.10898202e-03 -1.96683703e-01
-7.27660118e-03 -2.12441932e-03 -1.94607377e-01
-6.53878656e-03 -2.13918605e-03 -1.92536440e-01
-5.82616232e-03 -2.15329416e-03 -1.90471621e-01
-5.13821991e-03 -2.16675564e-03 -1.88413627e-01
-4.47445079e-03 -2.17958253e-03 -1.86363143e-01
-3.83434696e-03 -2.19178689e-03 -1.84320833e-01
-3.21740129e-03 -2.20338079e-03 -1.82287336e-01
-2.62310797e-03 -2.21437631e-03 -1.80263274e-01
-2.05096285e-03 -2.22478554e-03 -1.78249243e-01
-1.50046386e-03 -2.23462055e-03 -1.76245819e-01
-9.71111333e-04 -2.24389338e-03 -1.74253556e-01
-4.62408351e-04 -2.25261605e-03 -1.72272987e-01
2.61389132e-05 -2.26080054e-03 -1.70304621e-01
4.95020884e-04 -2.26845878e-03 -1.68348951e-01
9.44724283e-04 -2.27560266e-03 -1.66406443e-01
1.37573184e-03 -2.28224398e-03 -1.64477547e-01
1.78852201e-03 -2.28839449e-03 -1.62562688e-01
2.18356871e-03 -2.29406587e-03 -1.60662275e-01
2.56134110e-03 -2.29926971e-03 -1.58776694e-01
2.92230330e-03 -2.30401750e-03 -1.56906311e-01
3.26691419e-03 -2.30832064e-03 -1.55051473e-01
3.59562722e-03 -2.31219044e-03 -1.53212508e-01
3.90889016e-03 -2.31563810e-03 -1.51389725e-01
4.20714497e-03 -2.31867470e-03 -1.49583412e-01
4.49082760e-03 -2.32131120e-03 -1.47793842e-01
4.76036782e-03 -2.32355844e-03 -1.46021267e-01
5.01618911e-03 -2.32542716e-03 -1.44265923e-01
5.25870846e-03 -2.32692793e-03 -1.42528026e-01
5.48833632e-03 -2.32807121e-03 -1.40807778e-01
5.70547641e-03 -2.32886731e-03 -1.39105362e-01
5.91052569e-03 -2.32932641e-03 -1.37420946e-01
6.10387419e-03 -2.32945854e-03 -1.35754680e-01
6.28590501e-03 -2.32927359e-03 -1.34106701e-01
6.45699418e-03 -2.32878127e-03 -1.32477128e-01
6.61751062e-03 -2.32799119e-03 -1.30866066e-01
6.76781612e-03 -2.32691275e-03 -1.29273607e-01
6.90826523e-03 -2.32555523e-03 -1.27699826e-01
7.03920529e-03 -2.32392775e-03 -1.26144786e-01
7.16097637e-03 -2.32203924e-03 -1.24608538e-01
7.27391127e-03 -2.31989851e-03 -1.23091116e-01
7.37833549e-03 -2.31751417e-03 -1.21592544e-01
7.47456725e-03 -2.31489470e-03 -1.20112835e-01
7.56291750e-03 -2.31204838e-03 -1.18651987e-01
7.64368990e-03 -2.30898337e-03 -1.17209988e-01
7.71718089e-03 -2.30570763e-03 -1.15786817e-01
7.78367969e-03 -2.30222896e-03 -1.14382439e-01
7.84346832e-03 -2.29855501e-03 -1.12996810e-01
7.89682168e-03 -2.29469325e-03 -1.11629877e-01
7.94400758e-03 -2.29065099e-03 -1.10281576e-01
7.98528677e-03 -2.28643539e-03 -1.08951836e-01
8.02091304e-03 -2.28205342e-03 -1.07640574e-01
8.05113323e-03 -2.27751191e-03 -1.06347701e-01
8.07618736e-03 -2.27281751e-03 -1.05073120e-01
8.09630866e-03 -2.26797672e-03 -1.03816726e-01
8.11172366e-03 -2.26299588e-03 -1.02578404e-01
8.12265224e-03 -2.25788117e-03 -1.01358038e-01
8.12930779e-03 -2.25263861e-03 -1.00155498e-01
8.13189722e-03 -2.24727407e-03 -9.89706547e-02
8.13062107e-03 -2.24179326e-03 -9.78033679e-02
8.12567365e-03 -2.23620173e-03 -9.66534938e-02
8.11724307e-03 -2.23050490e-03 -9.55208832e-02
8.10551140e-03 -2.22470802e-03 -9.44053815e-02
8.09065471e-03 -2.21881621e-03 -9.33068298e-02
8.07284324e-03 -2.21283442e-03 -9.22250645e-02
8.05224144e-03 -2.20676748e-03 -9.11599180e-02
8.02900814e-03 -2.20062007e-03 -9.01112191e-02
8.00329661e-03 -2.19439673e-03 -8.90787928e-02
7.97525469e-03 -2.18810186e-03 -8.80624610e-02
7.94502490e-03 -2.18173973e-03 -8.70620425e-02
7.91274456e-03 -2.17531448e-03 -8.60773536e-02
7.87854588e-03 -2.16883012e-03 -8.51082079e-02
7.84255609e-03 -2.16229050e-03 -8.41544169e-02
7.80489757e-03 -2.15569940e-03 -8.32157901e-02
7.76568790e-03 -2.14906044e-03 -8.22921352e-02
7.72504007e-03 -2.14237711e-03 -8.13832584e-02
7.68306251e-03 -2.13565282e-03 -8.04889645e-02
7.63985924e-03 -2.12889082e-03 -7.96090573e-02
7.59552998e-03 -2.12209429e-03 -7.87433397e-02
7.55017025e-03 -2.11526625e-03 -7.78916139e-02
7.50387153e-03 -2.10840966e-03 -7.70536813e-02
7.45672128e-03 -2.10152733e-03 -7.62293434e-02
7.40880315e-03 -2.09462200e-03 -7.54184011e-02
7.36019702e-03 -2.08769630e-03 -7.46206557e-02
7.31097913e-03 -2.08075273e-03 -7.38359083e-02
7.26122221e-03 -2.07379375e-03 -7.30639604e-02
7.21099555e-03 -2.06682167e-03 -7.23046142e-02
7.16036513e-03 -2.05983874e-03 -7.15576721e-02
7.10939370e-03 -2.05284712e-03 -7.08229375e-02
7.05814092e-03 -2.04584887e-03 -7.01002146e-02
7.00666340e-03 -2.03884597e-03 -6.93893086e-02
6.95501489e-03 -2.03184031e-03 -6.86900256e-02
6.90324627e-03 -2.02483372e-03 -6.80021731e-02
6.85140572e-03 -2.01782794e-03 -6.73255598e-02
6.79953882e-03 -2.01082463e-03 -6.66599958e-02
6.74768858e-03 -2.00382537e-03 -6.60052928e-02
6.69589557e-03 -1.99683170e-03 -6.53612640e-02
6.64419802e-03 -1.98984505e-03 -6.47277241e-02
6.59263190e-03 -1.98286682e-03 -6.41044897e-02
6.54123096e-03 -1.97589832e-03 -6.34913793e-02
6.49002690e-03 -1.96894080e-03 -6.28882130e-02
6.43904936e-03 -1.96199547e-03 -6.22948130e-02
6.38832606e-03 -1.95506344e-03 -6.17110035e-02
6.33788287e-03 -1.94814582e-03 -6.11366106e-02
6.28774386e-03 -1.94124360e-03 -6.05714625e-02
6.23793138e-03 -1.93435778e-03 -6.00153897e-02
6.18846616e-03 -1.92748925e-03 -5.94682247e-02
6.13936736e-03 -1.92063891e-03 -5.89298021e-02
6.09065262e-03 -1.91380755e-03 -5.83999591e-02
6.04233817e-03 -1.90699597e-03 -5.78785347e-02
5.99443884e-03 -1.90020489e-03 -5.73653706e-02
5.94696817e-03 -1.89343500e-03 -5.68603104e-02
5.89993846e-03 -1.88668695e-03 -5.63632003e-02
5.85336080e-03 -1.87996134e-03 -5.58738888e-02
5.80724515e-03 -1.87325874e-03 -5.53922266e-02
5.76160041e-03 -1.86657969e-03 -5.49180669e-02
5.71643444e-03 -1.85992468e-03 -5.44512652e-02
5.67175414e-03 -1.85329418e-03 -5.39916792e-02
5.62756546e-03 -1.84668861e-03 -5.35391694e-02
5.58387351e-03 -1.84010839e-03 -5.30935981e-02
5.54068256e-03 -1.83355388e-03 -5.26548303e-02
5.49799608e-03 -1.82702541e-03 -5.22227334e-02
5.45581682e-03 -1.82052332e-03 -5.17971769e-02
5.41414683e-03 -1.81404788e-03 -5.13780327e-02
5.37298749e-03 -1.80759936e-03 -5.09651752e-02
5.33233956e-03 -1.80117800e-03 -5.05584808e-02
5.29220324e-03 -1.79478401e-03 -5.01578284e-02
5.25257815e-03 -1.78841760e-03 -4.97630991e-02
5.21346342e-03 -1.78207893e-03 -4.93741763e-02
5.17485769e-03 -1.77576817e-03 -4.89909456e-02
5.13675916e-03 -1.76948544e-03 -4.86132947e-02
5.09916560e-03 -1.76323087e-03 -4.82411138e-02
5.06207440e-03 -1.75700456e-03 -4.78742949e-02
5.02548259e-03 -1.75080659e-03 -4.75127323e-02
4.98938685e-03 -1.74463704e-03 -4.71563226e-02
4.95378355e-03 -1.73849595e-03 -4.68049641e-02
4.91866880e-03 -1.73238337e-03 -4.64585574e-02
4.88403842e-03 -1.72629933e-03 -4.61170052e-02
4.84988799e-03 -1.72024384e-03 -4.57802121e-02
4.81621288e-03 -1.71421691e-03 -4.54480847e-02
4.78300826e-03 -1.70821853e-03 -4.51205316e-02
4.75026910e-03 -1.70224869e-03 -4.47974632e-02
4.71799023e-03 -1.69630735e-03 -4.44787918e-02
4.68616632e-03 -1.69039448e-03 -4.41644318e-02
4.65479190e-03 -1.68451003e-03 -4.38542992e-02
4.62386141e-03 -1.67865396e-03 -4.35483119e-02
4.59336916e-03 -1.67282620e-03 -4.32463895e-02
4.56330939e-03 -1.66702668e-03 -4.29484533e-02
4.53367626e-03 -1.66125533e-03 -4.26544266e-02
4.50446386e-03 -1.65551206e-03 -4.23642340e-02
4.47566625e-03 -1.64979679e-03 -4.20778019e-02
4.44727742e-03 -1.64410943e-03 -4.17950586e-02
4.41929136e-03 -1.63844987e-03 -4.15159334e-02
4.39170201e-03 -1.63281803e-03 -4.12403577e-02
4.36450332e-03 -1.62721377e-03 -4.09682642e-02
4.33768922e-03 -1.62163701e-03 -4.06995871e-02
4.31125366e-03 -1.61608762e-03 -4.04342620e-02
4.28519059e-03 -1.61056548e-03 -4.01722260e-02
4.25949399e-03 -1.60507048e-03 -3.99134178e-02
4.23415783e-03 -1.59960248e-03 -3.96577771e-02
4.20917617e-03 -1.59416137e-03 -3.94052454e-02
4.18454304e-03 -1.58874701e-03 -3.91557650e-02
4.16025256e-03 -1.58335927e-03 -3.89092799e-02
4.13629887e-03 -1.57799802e-03 -3.86657353e-02
4.11267617e-03 -1.57266313e-03 -3.84250774e-02
4.08937870e-03 -1.56735445e-03 -3.81872540e-02
4.06640077e-03 -1.56207185e-03 -3.79522136e-02
4.04373675e-03 -1.55681519e-03 -3.77199064e-02
4.02138106e-03 -1.55158433e-03 -3.74902832e-02
3.99932819e-03 -1.54637912e-03 -3.72632963e-02
3.97757271e-03 -1.54119944e-03 -3.70388989e-02
3.95610925e-03 -1.53604513e-03 -3.68170454e-02
3.93493251e-03 -1.53091606e-03 -3.65976909e-02
3.91403726e-03 -1.52581207e-03 -3.63807919e-02
3.89341835e-03 -1.52073304e-03 -3.61663056e-02
3.87307071e-03 -1.51567880e-03 -3.59541904e-02
3.85298934e-03 -1.51064923e-03 -3.57444054e-02
3.83316932e-03 -1.50564418e-03 -3.55369108e-02
3.81360580e-03 -1.50066350e-03 -3.53316675e-02
3.79429403e-03 -1.49570705e-03 -3.51286375e-02
3.77522930e-03 -1.49077470e-03 -3.49277836e-02
3.75640703e-03 -1.48586629e-03 -3.47290692e-02
3.73782269e-03 -1.48098169e-03 -3.45324587e-02
3.71947181e-03 -1.47612076e-03 -3.43379174e-02
3.70135005e-03 -1.47128335e-03 -3.41454111e-02
3.68345311e-03 -1.46646933e-03 -3.39549066e-02
3.66577677e-03 -1.46167855e-03 -3.37663713e-02
3.64831691e-03 -1.45691088e-03 -3.35797734e-02
3.63106946e-03 -1.45216619e-03 -3.33950816e-02
3.61403047e-03 -1.44744432e-03 -3.32122655e-02
3.59719601e-03 -1.44274516e-03 -3.30312952e-02
3.58056226e-03 -1.43806855e-03 -3.28521417e-02
3.56412548e-03 -1.43341437e-03 -3.26747764e-02
3.54788199e-03 -1.42878248e-03 -3.24991713e-02
3.53182819e-03 -1.42417276e-03 -3.23252992e-02
3.51596054e-03 -1.41958506e-03 -3.21531333e-02
3.50027558e-03 -1.41501925e-03 -3.19826474e-02
3.48476993e-03 -1.41047521e-03 -3.18138160e-02
3.46944027e-03 -1.40595280e-03 -3.16466139e-02
3.45428334e-03 -1.40145190e-03 -3.14810167e-02
3.43929597e-03 -1.39697238e-03 -3.13170003e-02
3.42447503e-03 -1.39251410e-03 -3.11545413e-02
3.40981749e-03 -1.38807695e-03 -3.09936165e-02
3.39532034e-03 -1.38366079e-03 -3.08342035e-02
3.38098067e-03 -1.37926550e-03 -3.06762802e-02
3.36679561e-03 -1.37489096e-03 -3.05198249e-02
3.35276237e-03 -1.37053704e-03 -3.03648165e-02
3.33887820e-03 -1.36620362e-03 -3.02112342e-02
3.32514043e-03 -1.36189058e-03 -3.00590577e-02
3.31154643e-03 -1.35759780e-03 -2.99082671e-02
3.29809363e-03 -1.35332514e-03 -2.97588428e-02
3.28477952e-03 -1.34907251e-03 -2.96107658e-02
3.27160165e-03 -1.34483976e-03 -2.94640173e-02
3.25855760e-03 -1.34062679e-03 -2.93185789e-02
3.24564504e-03 -1.33643348e-03 -2.91744326e-02
3.23286166e-03 -1.33225971e-03 -2.90315608e-02
3.22020521e-03 -1.32810535e-03 -2.88899461e-02
3.20767349e-03 -1.32397030e-03 -2.87495716e-02
3.19526435e-03 -1.31985444e-03 -2.86104207e-02
3.18297568e-03 -1.31575764e-03 -2.84724769e-02
3.17080542e-03 -1.31167981e-03 -2.83357244e-02
3.15875156e-03 -1.30762081e-03 -2.82001473e-02
3.14681213e-03 -1.30358054e-03 -2.80657302e-02
3.13498520e-03 -1.29955888e-03 -2.79324581e-02
3.12326889e-03 -1.29555571e-03 -2.78003161e-02
3.11166135e-03 -1.29157093e-03 -2.76692896e-02
3.10016078e-03 -1.28760442e-03 -2.75393644e-02
3.08876541e-03 -1.28365607e-03 -2.74105263e-02
3.07747353e-03 -1.27972576e-03 -2.72827616e-02
3.06628343e-03 -1.27581339e-03 -2.71560568e-02
3.05519348e-03 -1.27191883e-03 -2.70303986e-02
3.04420205e-03 -1.26804198e-03 -2.69057739e-02
3.03330757e-03 -1.26418273e-03 -2.67821699e-02
3.02250849e-03 -1.26034097e-03 -2.66595740e-02
3.01180330e-03 -1.25651657e-03 -2.65379739e-02
3.00119051e-03 -1.25270945e-03 -2.64173574e-02
2.99066868e-03 -1.24891947e-03 -2.62977125e-02
2.98023640e-03 -1.24514654e-03 -2.61790275e-02
2.96989227e-03 -1.24139053e-03 -2.60612909e-02
2.95963495e-03 -1.23765136e-03 -2.59444914e-02
2.94946310e-03 -1.23392889e-03 -2.58286177e-02
2.93937542e-03 -1.23022302e-03 -2.57136589e-02
2.92937065e-03 -1.22653365e-03 -2.55996042e-02
2.91944753e-03 -1.22286067e-03 -2.54864431e-02
2.90960486e-03 -1.21920396e-03 -2.53741651e-02
2.89984143e-03 -1.21556341e-03 -2.52627599e-02
2.89015609e-03 -1.21193893e-03 -2.51522175e-02
2.88054769e-03 -1.20833039e-03 -2.50425279e-02
2.87101510e-03 -1.20473770e-03 -2.49336813e-02
2.86155725e-03 -1.20116074e-03 -2.48256682e-02
2.85217304e-03 -1.19759941e-03 -2.47184791e-02
2.84286144e-03 -1.19405360e-03 -2.46121046e-02
2.83362142e-03 -1.19052320e-03 -2.45065357e-02
2.82445197e-03 -1.18700812e-03 -2.44017632e-02
2.81535210e-03 -1.18350823e-03 -2.42977784e-02
2.80632085e-03 -1.18002344e-03 -2.41945723e-02
2.79735727e-03 -1.17655364e-03 -2.40921366e-02
2.78846044e-03 -1.17309872e-03 -2.39904625e-02
2.77962944e-03 -1.16965859e-03 -2.38895419e-02
2.77086340e-03 -1.16623314e-03 -2.37893664e-02
2.76216143e-03 -1.16282226e-03 -2.36899280e-02
2.75352270e-03 -1.15942585e-03 -2.35912187e-02
2.74494635e-03 -1.15604382e-03 -2.34932306e-02
2.73643157e-03 -1.15267605e-03 -2.33959559e-02
2.72797756e-03 -1.14932245e-03 -2.32993870e-02
2.71958354e-03 -1.14598291e-03 -2.32035165e-02
2.71124872e-03 -1.14265734e-03 -2.31083367e-02
2.70297236e-03 -1.13934564e-03 -2.30138406e-02
2.69475372e-03 -1.13604771e-03 -2.29200207e-02
2.68659207e-03 -1.13276346e-03 -2.28268702e-02
2.67848670e-03 -1.12949278e-03 -2.27343818e-02
2.67043692e-03 -1.12623557e-03 -2.26425488e-02
2.66244203e-03 -1.12299176e-03 -2.25513643e-02
2.65450138e-03 -1.11976123e-03 -2.24608216e-02
2.64661430e-03 -1.11654390e-03 -2.23709140e-02
2.63878015e-03 -1.11333968e-03 -2.22816352e-02
2.63099830e-03 -1.11014847e-03 -2.21929785e-02
2.62326813e-03 -1.10697019e-03 -2.21049378e-02
2.61558904e-03 -1.10380474e-03 -2.20175067e-02
2.60796043e-03 -1.10065203e-03 -2.19306790e-02
2.60038171e-03 -1.09751199e-03 -2.18444487e-02
2.59285232e-03 -1.09438452e-03 -2.17588097e-02
2.58537170e-03 -1.09126954e-03 -2.16737562e-02
2.57793929e-03 -1.08816696e-03 -2.15892822e-02
2.57055456e-03 -1.08507671e-03 -2.15053821e-02
2.56321698e-03 -1.08199870e-03 -2.14220502e-02
2.55592602e-03 -1.07893285e-03 -2.13392807e-02
2.54868119e-03 -1.07587909e-03 -2.12570683e-02
2.54148198e-03 -1.07283733e-03 -2.11754075e-02
2.53432790e-03 -1.06980750e-03 -2.10942928e-02
2.52721847e-03 -1.06678953e-03 -2.10137189e-02
2.52015323e-03 -1.06378335e-03 -2.09336807e-02
2.51313170e-03 -1.06078887e-03 -2.08541730e-02
2.50615345e-03 -1.05780603e-03 -2.07751906e-02
2.49921801e-03 -1.05483477e-03 -2.06967285e-02
2.49232496e-03 -1.05187501e-03 -2.06187817e-02
2.48547387e-03 -1.04892669e-03 -2.05413455e-02
2.47866432e-03 -1.04598974e-03 -2.04644148e-02
2.47189590e-03 -1.04306411e-03 -2.03879851e-02
2.46516819e-03 -1.04014972e-03 -2.03120515e-02
2.45848082e-03 -1.03724652e-03 -2.02366094e-02
2.45183337e-03 -1.03435445e-03 -2.01616543e-02
2.44522548e-03 -1.03147345e-03 -2.00871816e-02
2.43865676e-03 -1.02860347e-03 -2.00131868e-02
2.43212685e-03 -1.02574445e-03 -1.99396657e-02
2.42563539e-03 -1.02289635e-03 -1.98666138e-02
2.41918201e-03 -1.02005910e-03 -1.97940268e-02
2.41276638e-03 -1.01723266e-03 -1.97219006e-02
2.40638813e-03 -1.01441699e-03 -1.96502310e-02
2.40004695e-03 -1.01161202e-03 -1.95790138e-02
2.39374249e-03 -1.00881773e-03 -1.95082451e-02
2.38747443e-03 -1.00603407e-03 -1.94379207e-02
2.38124245e-03 -1.00326098e-03 -1.93680369e-02
2.37504623e-03 -1.00049845e-03 -1.92985895e-02
2.36888546e-03 -9.97746411e-04 -1.92295750e-02
2.36275984e-03 -9.95004843e-04 -1.91609893e-02
2.35666907e-03 -9.92273705e-04 -1.90928288e-02
2.35061285e-03 -9.89552963e-04 -1.90250898e-02
2.34459088e-03 -9.86842583e-04 -1.89577687e-02
2.33860289e-03 -9.84142532e-04 -1.88908618e-02
2.33264859e-03 -9.81452782e-04 -1.88243657e-02
2.32672769e-03 -9.78773301e-04 -1.87582768e-02
2.32083994e-03 -9.76104063e-04 -1.86925916e-02
2.31498504e-03 -9.73445041e-04 -1.86273068e-02
2.30916275e-03 -9.70796210e-04 -1.85624190e-02
2.30337278e-03 -9.68157545e-04 -1.84979248e-02
2.29761490e-03 -9.65529026e-04 -1.84338210e-02
2.29188882e-03 -9.62910629e-04 -1.83701044e-02
2.28619431e-03 -9.60302336e-04 -1.83067718e-02
2.28053111e-03 -9.57704127e-04 -1.82438200e-02
2.27489897e-03 -9.55115985e-04 -1.81812459e-02
2.26929765e-03 -9.52537894e-04 -1.81190465e-02
2.26372690e-03 -9.49969838e-04 -1.80572186e-02
2.25818648e-03 -9.47411803e-04 -1.79957594e-02
2.25267616e-03 -9.44863777e-04 -1.79346659e-02
2.24719570e-03 -9.42325747e-04 -1.78739351e-02
2.24174487e-03 -9.39797702e-04 -1.78135641e-02
2.23632342e-03 -9.37279633e-04 -1.77535503e-02
2.23093115e-03 -9.34771531e-04 -1.76938906e-02
2.22556780e-03 -9.32273389e-04 -1.76345824e-02
2.22023317e-03 -9.29785198e-04 -1.75756228e-02
2.21492701e-03 -9.27306954e-04 -1.75170093e-02
2.20964912e-03 -9.24838652e-04 -1.74587391e-02
2.20439927e-03 -9.22380286e-04 -1.74008095e-02
2.19917723e-03 -9.19931855e-04 -1.73432181e-02
2.19398280e-03 -9.17493354e-04 -1.72859621e-02
2.18881574e-03 -9.15064784e-04 -1.72290390e-02
2.18367584e-03 -9.12646142e-04 -1.71724463e-02
2.17856289e-03 -9.10237428e-04 -1.71161815e-02
2.17347667e-03 -9.07838642e-04 -1.70602421e-02
2.16841697e-03 -9.05449787e-04 -1.70046258e-02
2.16338357e-03 -9.03070862e-04 -1.69493299e-02
2.15837625e-03 -9.00701871e-04 -1.68943523e-02
2.15339482e-03 -8.98342816e-04 -1.68396905e-02
2.14843905e-03 -8.95993700e-04 -1.67853421e-02
2.14350873e-03 -8.93654526e-04 -1.67313048e-02
2.13860366e-03 -8.91325300e-04 -1.66775764e-02
2.13372362e-03 -8.89006025e-04 -1.66241546e-02
2.12886840e-03 -8.86696707e-04 -1.65710371e-02
2.12403780e-03 -8.84397349e-04 -1.65182216e-02
2.11923161e-03 -8.82107959e-04 -1.64657060e-02
2.11444962e-03 -8.79828540e-04 -1.64134881e-02
2.10969161e-03 -8.77559099e-04 -1.63615656e-02
2.10495739e-03 -8.75299642e-04 -1.63099364e-02
2.10024675e-03 -8.73050175e-04 -1.62585985e-02
2.09555948e-03 -8.70810704e-04 -1.62075495e-02
2.09089537e-03 -8.68581234e-04 -1.61567875e-02
2.08625423e-03 -8.66361771e-04 -1.61063104e-02
2.08163583e-03 -8.64152323e-04 -1.60561160e-02
2.07703999e-03 -8.61952893e-04 -1.60062022e-02
2.07246649e-03 -8.59763488e-04 -1.59565672e-02
2.06791514e-03 -8.57584112e-04 -1.59072087e-02
2.06338573e-03 -8.55414772e-04 -1.58581247e-02
2.05887805e-03 -8.53255470e-04 -1.58093134e-02
2.05439191e-03 -8.51106212e-04 -1.57607725e-02
2.04992710e-03 -8.48967001e-04 -1.57125002e-02
2.04548343e-03 -8.46837840e-04 -1.56644945e-02
2.04106070e-03 -8.44718732e-04 -1.56167533e-02
2.03665870e-03 -8.42609678e-04 -1.55692747e-02
2.03227724e-03 -8.40510681e-04 -1.55220568e-02
2.02791613e-03 -8.38421739e-04 -1.54750976e-02
2.02357516e-03 -8.36342854e-04 -1.54283952e-02
2.01925414e-03 -8.34274024e-04 -1.53819475e-02
2.01495289e-03 -8.32215247e-04 -1.53357528e-02
2.01067120e-03 -8.30166519e-04 -1.52898090e-02
2.00640888e-03 -8.28127837e-04 -1.52441143e-02
2.00216575e-03 -8.26099195e-04 -1.51986667e-02
1.99794162e-03 -8.24080588e-04 -1.51534643e-02
1.99373630e-03 -8.22072006e-04 -1.51085053e-02
1.98954960e-03 -8.20073443e-04 -1.50637877e-02
1.98538134e-03 -8.18084886e-04 -1.50193096e-02
1.98123134e-03 -8.16106325e-04 -1.49750692e-02
1.97709942e-03 -8.14137746e-04 -1.49310645e-02
1.97298540e-03 -8.12179134e-04 -1.48872937e-02
1.96888911e-03 -8.10230475e-04 -1.48437549e-02
1.96481036e-03 -8.08291748e-04 -1.48004462e-02
1.96074898e-03 -8.06362936e-04 -1.47573658e-02
1.95670481e-03 -8.04444016e-04 -1.47145117e-02
1.95267767e-03 -8.02534965e-04 -1.46718822e-02
1.94866741e-03 -8.00635758e-04 -1.46294753e-02
1.94467384e-03 -7.98746369e-04 -1.45872891e-02
1.94069682e-03 -7.96866768e-04 -1.45453219e-02
1.93673619e-03 -7.94996924e-04 -1.45035718e-02
1.93279178e-03 -7.93136803e-04 -1.44620368e-02
1.92886343e-03 -7.91286371e-04 -1.44207152e-02
1.92495101e-03 -7.89445591e-04 -1.43796052e-02
1.92105436e-03 -7.87614422e-04 -1.43387047e-02
1.91717333e-03 -7.85792822e-04 -1.42980121e-02
1.91330778e-03 -7.83980747e-04 -1.42575254e-02
1.90945756e-03 -7.82178150e-04 -1.42172429e-02
1.90562254e-03 -7.80384983e-04 -1.41771626e-02
1.90180258e-03 -7.78601193e-04 -1.41372828e-02
1.89799754e-03 -7.76826726e-04 -1.40976016e-02
1.89420730e-03 -7.75061527e-04 -1.40581172e-02
1.89043173e-03 -7.73305535e-04 -1.40188278e-02
1.88667070e-03 -7.71558689e-04 -1.39797315e-02
1.88292410e-03 -7.69820925e-04 -1.39408265e-02
1.87919179e-03 -7.68092175e-04 -1.39021111e-02
1.87547366e-03 -7.66372371e-04 -1.38635833e-02
1.87176961e-03 -7.64661439e-04 -1.38252415e-02
1.86807951e-03 -7.62959305e-04 -1.37870838e-02
1.86440327e-03 -7.61265891e-04 -1.37491085e-02
1.86074076e-03 -7.59581117e-04 -1.37113137e-02
1.85709190e-03 -7.57904900e-04 -1.36736977e-02
1.85345658e-03 -7.56237154e-04 -1.36362586e-02
1.84983471e-03 -7.54577790e-04 -1.35989948e-02
1.84622618e-03 -7.52926717e-04 -1.35619046e-02
1.84263091e-03 -7.51283841e-04 -1.35249860e-02
1.83904881e-03 -7.49649066e-04 -1.34882375e-02
1.83547979e-03 -7.48022292e-04 -1.34516573e-02
1.83192376e-03 -7.46403417e-04 -1.34152437e-02
1.82838065e-03 -7.44792337e-04 -1.33789949e-02
1.82485037e-03 -7.43188943e-04 -1.33429094e-02
1.82133284e-03 -7.41593126e-04 -1.33069854e-02
1.81782800e-03 -7.40004774e-04 -1.32712212e-02
1.81433576e-03 -7.38423770e-04 -1.32356152e-02
1.81085607e-03 -7.36849998e-04 -1.32001657e-02
1.80738884e-03 -7.35283337e-04 -1.31648712e-02
1.80393401e-03 -7.33723664e-04 -1.31297300e-02
1.80049152e-03 -7.32170853e-04 -1.30947406e-02
1.79706130e-03 -7.30624778e-04 -1.30599013e-02
1.79364329e-03 -7.29085308e-04 -1.30252106e-02
1.79023744e-03 -7.27552309e-04 -1.29906669e-02
1.78684368e-03 -7.26025649e-04 -1.29562688e-02
1.78346196e-03 -7.24505189e-04 -1.29220147e-02
1.78009222e-03 -7.22990790e-04 -1.28879031e-02
1.77673441e-03 -7.21482310e-04 -1.28539326e-02
1.77338847e-03 -7.19979607e-04 -1.28201017e-02
1.77005436e-03 -7.18482533e-04 -1.27864090e-02
1.76673202e-03 -7.16990942e-04 -1.27528532e-02
1.76342141e-03 -7.15504683e-04 -1.27194327e-02
1.76012248e-03 -7.14023604e-04 -1.26861464e-02
1.75683517e-03 -7.12547552e-04 -1.26529928e-02
1.75355945e-03 -7.11076370e-04 -1.26199706e-02
1.75029526e-03 -7.09609902e-04 -1.25870785e-02
1.74704256e-03 -7.08147987e-04 -1.25543154e-02
1.74380131e-03 -7.06690466e-04 -1.25216800e-02
1.74057146e-03 -7.05237174e-04 -1.24891710e-02
1.73735296e-03 -7.03787948e-04 -1.24567873e-02
1.73414577e-03 -7.02342620e-04 -1.24245278e-02
1.73094985e-03 -7.00901024e-04 -1.23923914e-02
1.72776516e-03 -6.99462990e-04 -1.23603769e-02
1.72459165e-03 -6.98028346e-04 -1.23284834e-02
1.72142927e-03 -6.96596921e-04 -1.22967097e-02
1.71827799e-03 -6.95168541e-04 -1.22650549e-02
1.71513775e-03 -6.93743029e-04 -1.22335181e-02
1.71200852e-03 -6.92320209e-04 -1.22020983e-02
1.70889025e-03 -6.90899902e-04 -1.21707946e-02
1.70578289e-03 -6.89481930e-04 -1.21396062e-02
1.70268641e-03 -6.88066109e-04 -1.21085322e-02
1.69960075e-03 -6.86652258e-04 -1.20775719e-02
1.69652588e-03 -6.85240193e-04 -1.20467245e-02
1.69346173e-03 -6.83829727e-04 -1.20159893e-02
1.69040828e-03 -6.82420675e-04 -1.19853657e-02
1.68736547e-03 -6.81012847e-04 -1.19548528e-02
1.68433325e-03 -6.79606054e-04 -1.19244503e-02
1.68131158e-03 -6.78200104e-04 -1.18941575e-02
1.67830040e-03 -6.76794804e-04 -1.18639738e-02
1.67529968e-03 -6.75389960e-04 -1.18338988e-02
1.67230935e-03 -6.73985377e-04 -1.18039321e-02
1.66932938e-03 -6.72580855e-04 -1.17740732e-02
1.66635971e-03 -6.71176197e-04 -1.17443218e-02
1.66340028e-03 -6.69771201e-04 -1.17146776e-02
1.66045106e-03 -6.68365665e-04 -1.16851402e-02
1.65751199e-03 -6.66959384e-04 -1.16557095e-02
1.65458301e-03 -6.65552152e-04 -1.16263852e-02
1.65166407e-03 -6.64143761e-04 -1.15971672e-02
1.64875513e-03 -6.62734000e-04 -1.15680554e-02
1.64585612e-03 -6.61322657e-04 -1.15390497e-02
1.64296700e-03 -6.59909519e-04 -1.15101502e-02
1.64008771e-03 -6.58494367e-04 -1.14813567e-02
1.63721820e-03 -6.57076984e-04 -1.14526695e-02
1.63435842e-03 -6.55657148e-04 -1.14240887e-02
1.63150831e-03 -6.54234635e-04 -1.13956143e-02
1.62866781e-03 -6.52809220e-04 -1.13672467e-02
1.62583688e-03 -6.51380672e-04 -1.13389860e-02
1.62301547e-03 -6.49948762e-04 -1.13108327e-02
1.62020351e-03 -6.48513253e-04 -1.12827871e-02
1.61740095e-03 -6.47073910e-04 -1.12548495e-02
1.61460775e-03 -6.45630490e-04 -1.12270206e-02
1.61182385e-03 -6.44182752e-04 -1.11993007e-02
1.60904919e-03 -6.42730447e-04 -1.11716905e-02
1.60628374e-03 -6.41273326e-04 -1.11441905e-02
1.60352743e-03 -6.39811136e-04 -1.11168015e-02
1.60078021e-03 -6.38343619e-04 -1.10895243e-02
1.59804204e-03 -6.36870514e-04 -1.10623594e-02
1.59531286e-03 -6.35391558e-04 -1.10353079e-02
1.59259263e-03 -6.33906482e-04 -1.10083707e-02
1.58988131e-03 -6.32415014e-04 -1.09815485e-02
1.58717884e-03 -6.30916877e-04 -1.09548426e-02
1.58448517e-03 -6.29411793e-04 -1.09282539e-02
1.58180027e-03 -6.27899476e-04 -1.09017836e-02
1.57912409e-03 -6.26379638e-04 -1.08754328e-02
1.57645659e-03 -6.24851986e-04 -1.08492028e-02
1.57379773e-03 -6.23316224e-04 -1.08230949e-02
1.57114746e-03 -6.21772049e-04 -1.07971105e-02
1.56850575e-03 -6.20219156e-04 -1.07712510e-02
1.56587256e-03 -6.18657235e-04 -1.07455179e-02
1.56324786e-03 -6.17085970e-04 -1.07199126e-02
1.56063160e-03 -6.15505042e-04 -1.06944370e-02
1.55802376e-03 -6.13914128e-04 -1.06690925e-02
1.55542430e-03 -6.12312897e-04 -1.06438810e-02
1.55283320e-03 -6.10701019e-04 -1.06188043e-02
1.55025041e-03 -6.09078154e-04 -1.05938642e-02
1.54767592e-03 -6.07443961e-04 -1.05690627e-02
1.54510970e-03 -6.05798093e-04 -1.05444018e-02
1.54255171e-03 -6.04140200e-04 -1.05198835e-02
1.54000195e-03 -6.02469926e-04 -1.04955100e-02
1.53746037e-03 -6.00786912e-04 -1.04712836e-02
1.53492697e-03 -5.99090794e-04 -1.04472064e-02
1.53240172e-03 -5.97381204e-04 -1.04232809e-02
1.52988460e-03 -5.95657772e-04 -1.03995095e-02
1.52737559e-03 -5.93920121e-04 -1.03758946e-02
1.52487467e-03 -5.92167874e-04 -1.03524387e-02
1.52238184e-03 -5.90400647e-04 -1.03291447e-02
1.51989707e-03 -5.88618055e-04 -1.03060150e-02
1.51742034e-03 -5.86819710e-04 -1.02830526e-02
1.51495165e-03 -5.85005221e-04 -1.02602602e-02
1.51249098e-03 -5.83174193e-04 -1.02376407e-02
1.51003831e-03 -5.81326231e-04 -1.02151973e-02
1.50759364e-03 -5.79460936e-04 -1.01929328e-02
1.50515695e-03 -5.77577910e-04 -1.01708505e-02
1.50272823e-03 -5.75676751e-04 -1.01489535e-02
1.50030747e-03 -5.73757056e-04 -1.01272451e-02
1.49789465e-03 -5.71818424e-04 -1.01057287e-02
1.49548977e-03 -5.69860451e-04 -1.00844077e-02
1.49309281e-03 -5.67882734e-04 -1.00632855e-02
1.49070376e-03 -5.65884872e-04 -1.00423658e-02
1.48832260e-03 -5.63866463e-04 -1.00216522e-02
1.48594932e-03 -5.61827107e-04 -1.00011483e-02
1.48358390e-03 -5.59766406e-04 -9.98085788e-03
1.48122632e-03 -5.57683965e-04 -9.96078485e-03
1.47887658e-03 -5.55579392e-04 -9.94093308e-03
1.47653464e-03 -5.53452298e-04 -9.92130653e-03
1.47420049e-03 -5.51302298e-04 -9.90190923e-03
1.47187410e-03 -5.49129012e-04 -9.88274528e-03
1.46955545e-03 -5.46932064e-04 -9.86381884e-03
1.46724451e-03 -5.44711086e-04 -9.84513412e-03
1.46494125e-03 -5.42465716e-04 -9.82669541e-03
1.46264564e-03 -5.40195597e-04 -9.80850704e-03
1.46035764e-03 -5.37900383e-04 -9.79057339e-03
1.45807721e-03 -5.35579734e-04 -9.77289893e-03
1.45580432e-03 -5.33233320e-04 -9.75548813e-03
1.45353891e-03 -5.30860821e-04 -9.73834556e-03
1.45128093e-03 -5.28461928e-04 -9.72147581e-03
1.44903035e-03 -5.26036343e-04 -9.70488352e-03
1.44678708e-03 -5.23583780e-04 -9.68857337e-03
1.44455109e-03 -5.21103966e-04 -9.67255008e-03
1.44232230e-03 -5.18596641e-04 -9.65681842e-03
1.44010064e-03 -5.16061562e-04 -9.64138318e-03
1.43788604e-03 -5.13498498e-04 -9.62624918e-03
1.43567842e-03 -5.10907237e-04 -9.61142128e-03
1.43347769e-03 -5.08287581e-04 -9.59690436e-03
1.43128377e-03 -5.05639353e-04 -9.58270332e-03
1.42909655e-03 -5.02962391e-04 -9.56882306e-03
1.42691595e-03 -5.00256556e-04 -9.55526852e-03
1.42474185e-03 -4.97521726e-04 -9.54204464e-03
1.42257414e-03 -4.94757802e-04 -9.52915636e-03
1.42041270e-03 -4.91964708e-04 -9.51660862e-03
1.41825742e-03 -4.89142387e-04 -9.50440636e-03
1.41610815e-03 -4.86290811e-04 -9.49255451e-03
1.41396477e-03 -4.83409970e-04 -9.48105798e-03
1.41182713e-03 -4.80499886e-04 -9.46992169e-03
1.40969507e-03 -4.77560602e-04 -9.45915049e-03
1.40756846e-03 -4.74592191e-04 -9.44874924e-03
1.40544712e-03 -4.71594752e-04 -9.43872275e-03
1.40333088e-03 -4.68568413e-04 -9.42907579e-03
1.40121957e-03 -4.65513334e-04 -9.41981309e-03
1.39911301e-03 -4.62429701e-04 -9.41093933e-03
1.39701101e-03 -4.59317733e-04 -9.40245912e-03
1.39491336e-03 -4.56177683e-04 -9.39437702e-03
1.39281988e-03 -4.53009832e-04 -9.38669752e-03
1.39073036e-03 -4.49814498e-04 -9.37942502e-03
1.38864457e-03 -4.46592031e-04 -9.37256386e-03
1.38656229e-03 -4.43342816e-04 -9.36611827e-03
1.38448330e-03 -4.40067275e-04 -9.36009239e-03
1.38240736e-03 -4.36765864e-04 -9.35449027e-03
1.38033423e-03 -4.33439076e-04 -9.34931584e-03
1.37826366e-03 -4.30087441e-04 -9.34457290e-03
1.37619541e-03 -4.26711529e-04 -9.34026516e-03
1.37412921e-03 -4.23311945e-04 -9.33639617e-03
1.37206479e-03 -4.19889336e-04 -9.33296935e-03
1.37000189e-03 -4.16444386e-04 -9.32998798e-03
1.36794023e-03 -4.12977820e-04 -9.32745518e-03
1.36587953e-03 -4.09490403e-04 -9.32537391e-03
1.36381951e-03 -4.05982941e-04 -9.32374697e-03
1.36175987e-03 -4.02456281e-04 -9.32257696e-03
1.35970032e-03 -3.98911310e-04 -9.32186633e-03
1.35764057e-03 -3.95348959e-04 -9.32161731e-03
1.35558030e-03 -3.91770198e-04 -9.32183195e-03
1.35351922e-03 -3.88176042e-04 -9.32251208e-03
1.35145702e-03 -3.84567546e-04 -9.32365932e-03
1.34939337e-03 -3.80945807e-04 -9.32527507e-03
1.34732798e-03 -3.77311967e-04 -9.32736050e-03
1.34526052e-03 -3.73667208e-04 -9.32991653e-03
1.34319068e-03 -3.70012755e-04 -9.33294384e-03
1.34111813e-03 -3.66349875e-04 -9.33644286e-03
1.33904256e-03 -3.62679878e-04 -9.34041377e-03
1.33696364e-03 -3.59004116e-04 -9.34485645e-03
1.33488106e-03 -3.55323982e-04 -9.34977053e-03
1.33279449e-03 -3.51640912e-04 -9.35515534e-03
1.33070361e-03 -3.47956380e-04 -9.36100993e-03
1.32860810e-03 -3.44271905e-04 -9.36733304e-03
1.32650766e-03 -3.40589044e-04 -9.37412312e-03
1.32440196e-03 -3.36909395e-04 -9.38137827e-03
1.32229069e-03 -3.33234594e-04 -9.38909632e-03
1.32017355e-03 -3.29566317e-04 -9.39727474e-03
1.31805022e-03 -3.25906279e-04 -9.40591067e-03
