0.00000000e+00 0.00000000e+00 0.00000000e+00
0.00000000e+00 0.00000000e+00 0.00000000e+00
0.00000000e+00 0.00000000e+00 0.00000000e+00
0.00000000e+00 0.00000000e+00 0.00000000e+00
0.00000000e+00 0.00000000e+00 0.00000000e+00
0.00000000e+00 0.00000000e+00 0.00000000e+00
0.00000000e+00 0.00000000e+00 0.00000000e+00
0.00000000e+00 0.00000000e+00 0.00000000e+00
0.00000000e+00 0.00000000e+00 0.00000000e+00
0.00000000e+00 0.00000000e+00 0.00000000e+00
-5.71660610e-53 5.42361410e-53 1.18974381e-52
-9.92230081e-51 1.38887664e-49 4.96932354e-50
2.17602183e-47 3.34162458e-47 -3.32485522e-47
3.28322422e-45 2.66889360e-45 -5.55488215e-45
1.83671948e-43 1.06921592e-43 -3.20605187e-43
5.61415454e-42 2.62334304e-42 -9.95497225e-42
1.11086610e-40 4.42323384e-41 -1.98914374e-40
1.56709902e-39 5.51720755e-40 -2.82542255e-39
1.67657418e-38 5.35350534e-39 -3.03861970e-38
1.41885630e-37 4.18845796e-38 -2.58235672e-37
9.78374926e-37 2.71219674e-37 -1.78697474e-36
5.61222345e-36 1.48174645e-36 -1.02822815e-35
2.71482605e-35 6.92462789e-36 -4.98780802e-35
1.11496327e-34 2.79346031e-35 -2.05383581e-34
3.88094018e-34 9.77104090e-35 -7.16733248e-34
1.12670663e-33 2.95992224e-34 -2.08643646e-33
2.59476837e-33 7.69077614e-34 -4.82081065e-33
3.94462732e-33 1.66990006e-33 -7.37316725e-33
-8.27280543e-34 2.82686671e-33 1.37015286e-33
-3.32272607e-32 2.86158444e-33 6.14274462e-32
-1.49277303e-31 -2.20932004e-33 2.77500287e-31
-4.58619263e-31 -1.92413318e-32 8.55638029e-31
-1.10108719e-30 -5.12656210e-32 2.06175171e-30
-2.06984541e-30 -7.09340582e-32 3.89457357e-30
-2.68663802e-30 4.43955649e-32 5.10621858e-30
-5.40691463e-31 6.23693716e-31 1.20705728e-30
9.94618864e-30 2.31035595e-30 -1.82637403e-29
3.80690504e-29 5.97905977e-30 -7.08769289e-29
9.30917938e-29 1.20465489e-29 -1.74488858e-28
1.70021716e-28 1.85563034e-29 -3.20812409e-28
2.17662436e-28 1.75659899e-29 -4.15545013e-28
8.76798220e-29 -9.51486432e-30 -1.82092310e-28
-5.15386725e-28 -9.41701458e-29 9.34655239e-28
-2.01959360e-27 -2.72394710e-28 3.74610595e-27
-4.78039108e-27 -5.52308019e-28 8.94229352e-27
-8.50733970e-27 -8.43596935e-28 1.60222192e-26
-1.11791728e-26 -8.47221766e-28 2.12532841e-26
-7.54279646e-27 5.85750638e-29 1.48225815e-26
1.21317545e-26 2.82971040e-27 -2.15789012e-26
6.14088685e-26 8.46567068e-27 -1.13687715e-25
1.52392881e-25 1.71458490e-26 -2.84901417e-25
2.82379347e-25 2.65664290e-26 -5.31331251e-25
4.10163230e-25 2.95523831e-26 -7.77175882e-25
4.24282994e-25 1.17171034e-26 -8.14389133e-25
1.15014367e-25 -4.89249791e-26 -2.48494735e-25
-8.23546227e-25 -1.77145430e-25 1.50013151e-24
-2.71878158e-24 -3.86355716e-25 5.05923621e-24
-5.72043574e-24 -6.51766274e-25 1.07332003e-23
-9.43750639e-24 -8.71511698e-25 1.78199239e-23
-1.24239389e-23 -8.25127362e-25 2.36358917e-23
-1.16346555e-23 -1.52453656e-25 2.24730362e-23
-2.14068562e-24 1.60767493e-24 5.02700436e-24
2.24100622e-23 4.86721436e-24 -4.07863206e-23
6.79453295e-23 9.67824071e-24 -1.26408212e-22
1.36109204e-22 1.52458585e-23 -2.55405185e-22
2.18121006e-22 1.93262865e-23 -4.11875108e-22
2.86944871e-22 1.77000621e-23 -5.45548097e-22
2.89820193e-22 4.07649476e-24 -5.57383727e-22
1.45151776e-22 -2.90539517e-23 -2.93164562e-22
-2.50219986e-22 -8.80291118e-23 4.43534907e-22
-9.96075329e-22 -1.73625448e-22 1.84510295e-21
-2.13959601e-21 -2.74669480e-22 4.00760257e-21
-3.59936798e-21 -3.60541830e-22 6.78721384e-21
-5.06888488e-21 -3.74787873e-22 9.61659318e-21
-5.91978699e-21 -2.33627651e-22 1.13186476e-20
-5.14312084e-21 1.65427463e-22 9.98952038e-21
-1.38562451e-21 9.19085843e-22 3.05852977e-21
6.84884099e-21 2.07335767e-21 -1.23413643e-20
2.07640692e-20 3.55758122e-21 -3.85602621e-20
4.05604842e-20 5.10410542e-21 -7.60914187e-20
6.44678608e-20 6.17107853e-21 -1.21735613e-19
8.76430770e-20 5.89873904e-21 -1.66492092e-19
1.01192286e-19 3.14197813e-21 -1.93660247e-19
9.17336761e-20 -3.37078770e-21 -1.77936021e-19
4.20574288e-20 -1.47062154e-20 -8.65595467e-20
-6.64893334e-20 -3.11973047e-20 1.16284212e-19
-2.49329735e-19 -5.17369308e-20 4.60718946e-19
-5.11404869e-19 -7.29825308e-20 9.57489839e-19
-8.37584901e-19 -8.86508564e-20 1.57973945e-18
-1.18180438e-18 -8.91796771e-20 2.24219290e-18
-1.45704184e-18 -6.21163947e-20 2.78171214e-18
-1.52943565e-18 6.37077505e-21 2.94542595e-18
-1.22088105e-18 1.28513957e-19 2.39469067e-18
-3.25055858e-19 3.10329466e-19 7.34358716e-19
1.35843381e-18 5.45523310e-19 -2.42354931e-18
3.96863863e-18 8.08564260e-19 -7.35547986e-18
7.50662027e-18 1.04818431e-18 -1.40809366e-17
1.17426229e-17 1.18322768e-18 -2.21851076e-17
1.61188076e-17 1.10334495e-18 -3.06313272e-17
1.96671092e-17 6.77335552e-19 -3.76001267e-17
2.09696083e-17 -2.28237004e-19 -4.04067849e-17
1.81950259e-17 -1.71841195e-18 -3.55615457e-17
9.24742465e-18 -3.82718487e-18 -1.90420177e-17
-7.94043047e-18 -6.46553530e-18 1.31588665e-17
-3.49486454e-17 -9.36632636e-18 6.41680320e-17
-7.22485004e-17 -1.20362839e-17 1.35050784e-16
-1.18452278e-16 -1.37291862e-17 2.23375195e-16
-1.69512102e-16 -1.34573956e-17 3.21666184e-16
-2.17994327e-16 -1.00599003e-17 4.15987279e-16
-2.52605481e-16 -2.34299701e-18 4.84983963e-16
-2.58187009e-16 1.06964013e-17 4.99803904e-16
-2.16418321e-16 2.95657959e-17 4.25355555e-16
-1.07458581e-16 5.39073013e-17 2.23354101e-16
8.72946417e-17 8.20999071e-17 -1.42490945e-16
3.81257326e-16 1.10893182e-16 -6.98988700e-16
7.77613263e-16 1.35153793e-16 -1.45383227e-15
1.26348348e-15 1.47823722e-16 -2.38438900e-15
1.80389057e-15 1.40197230e-16 -3.42599975e-15
2.33638791e-15 1.02617299e-16 -4.46143206e-15
2.76750244e-15 2.56666917e-17 -5.31367655e-15
2.97236147e-15 -9.81196943e-17 -5.74471757e-15
2.79898349e-15 -2.72066987e-16 -5.46314096e-15
2.07865168e-15 -4.92837409e-16 -4.14335231e-15
6.43500452e-16 -7.47823202e-16 -1.45865561e-15
-1.64811582e-15 -1.01282221e-15 2.87060438e-15
-4.87876028e-15 -1.25046895e-15 9.01425319e-15
-9.03299365e-15 -1.40997100e-15 1.69574570e-14
-1.39552241e-14 -1.42872753e-15 2.64191283e-14
-1.93086939e-14 -1.23636121e-15 3.67718212e-14
-2.45415134e-14 -7.61559387e-16 4.69743829e-14
-2.88670084e-14 5.81194756e-17 5.55313034e-14
-3.12665778e-14 1.26366387e-15 6.04946025e-14
-3.05235154e-14 2.85988390e-15 5.95247045e-14
-2.52955609e-14 4.79968812e-15 5.00255831e-14
-1.42321014e-14 6.96904969e-15 2.93660440e-14
3.86124540e-15 9.17485966e-15 -4.80696595e-15
2.98125111e-14 1.11382724e-14 -5.41658483e-14
6.38354767e-14 1.24963682e-14 -1.19224778e-13
1.05258748e-13 1.28149098e-14 -1.98814693e-13
1.52254219e-13 1.16145722e-14 -2.89553327e-13
2.01595047e-13 8.41222404e-15 -3.85367837e-13
2.48480177e-13 2.77760686e-15 -4.77141237e-13
2.86467697e-13 -5.59589940e-15 -5.52564370e-13
3.07561714e-13 -1.68097456e-14 -5.96280407e-13
3.02496095e-13 -3.06734916e-14 -5.90406800e-13
2.61252187e-13 -4.66207831e-14 -5.15508354e-13
1.73835911e-13 -6.36380644e-14 -3.52073046e-13
3.13218473e-14 -8.02177815e-14 -8.25084816e-14
-1.72851787e-13 -9.43488089e-14 3.06368486e-13
-4.41382518e-13 -1.03556791e-13 8.20432595e-13
-7.71475859e-13 -1.05005751e-13 1.45508947e-12
-1.15320446e-12 -9.56694786e-14 2.19207057e-12
-1.56800334e-12 -7.25767665e-14 2.99646973e-12
-1.98748185e-12 -3.31285307e-14 3.81436967e-12
-2.37275733e-12 2.45226182e-14 4.57145542e-12
-2.67452820e-12 1.01048301e-13 5.17303863e-12
-2.83410187e-12 1.95502841e-13 5.50591499e-12
-2.78557171e-12 3.04900265e-13 5.44243803e-12
-2.45929398e-12 4.23853817e-13 4.84711211e-12
-1.78674887e-12 5.44328043e-13 3.58588009e-12
-7.06778854e-13 6.55556707e-13 1.53810736e-12
8.26915954e-13 7.44179230e-13 -1.38895491e-12
2.83727837e-12 7.94643113e-13 -5.24370110e-12
5.31478957e-12 7.89909347e-13 -1.00124544e-11
8.20830944e-12 7.12481871e-13 -1.56015548e-11
1.14165581e-11 5.45760693e-13 -2.18205922e-11
1.47810648e-11 2.75691959e-13 -2.83683805e-11
1.80815079e-11 -1.07341977e-13 -3.48234696e-11
2.10344287e-11 -6.06482028e-13 -4.06411062e-11
2.32962941e-11 -1.21632390e-12 -4.51585596e-11
2.44718169e-11 -1.92097510e-12 -4.76105995e-11
2.41282861e-11 -2.69241686e-12 -4.71566284e-11
2.18164241e-11 -3.48936911e-12 -4.29205157e-11
1.70979600e-11 -4.25686413e-12 -3.40435596e-11
9.57969901e-12 -4.92672961e-12 -1.97502069e-11
-1.04662044e-12 -5.41916089e-12 5.74777562e-13
-1.49599332e-11 -5.64552459e-12 2.73000600e-11
-3.21627489e-11 -5.51248086e-12 6.04559044e-11
-5.24337663e-11 -4.92743903e-12 9.96414054e-11
-7.52831747e-11 -3.80527394e-12 1.43936531e-10
-9.99141037e-11 -2.07613009e-12 1.91825684e-10
-1.25194056e-10 3.05967464e-13 2.41140256e-10
-1.49640378e-10 3.35408760e-12 2.89028073e-10
-1.71423846e-10 7.03945184e-12 3.31957752e-10
-1.88394229e-10 1.12831719e-11 3.65765556e-10
-1.98131202e-10 1.59493372e-11 3.85751475e-10
-1.98023242e-10 2.08401714e-11 3.86829774e-10
-1.85376041e-10 2.56939935e-11 3.63737233e-10
-1.57550655e-10 3.01866884e-11 3.11299691e-10
-1.12129980e-10 3.39373206e-11 2.24754390e-10
-4.71103157e-11 3.65183987e-11 1.00122044e-10
3.88872224e-11 3.74711217e-11 -6.53813421e-11
1.46392741e-10 3.63257163e-11 -2.72906922e-10
2.74860451e-10 3.26266998e-11 -5.21527861e-10
4.22449720e-10 2.59626016e-11 -8.07808528e-10
5.85827332e-10 1.59993399e-11 -1.12541342e-09
7.60005365e-10 2.51610918e-12 -1.46478389e-09
9.38229946e-10 -1.45577062e-11 -1.81291260e-09
1.11193642e-09 -3.51063918e-11 -2.15324619e-09
1.27078605e-09 -5.87946075e-11 -2.46574591e-09
1.40279807e-09 -8.50392167e-11 -2.72713378e-09
1.49458894e-09 -1.12988642e-10 -2.91134770e-09
1.53172753e-09 -1.41512176e-10 -2.99022331e-09
1.49921118e-09 -1.69201575e-10 -2.93441294e-09
1.38206295e-09 -1.94387045e-10 -2.71454288e-09
1.16604476e-09 -2.15169361e-10 -2.30259952e-09
8.38475223e-10 -2.29469374e-10 -1.67352316e-09
3.89134386e-10 -2.35095510e-10 -8.06975500e-10
-1.88769058e-10 -2.29829138e-10 3.10766381e-10
-8.97599226e-10 -2.11526797e-10 1.68484987e-09
-1.73430065e-09 -1.78237379e-10 3.30989344e-09
-2.68945522e-09 -1.28331346e-10 5.16812441e-09
-3.74643643e-09 -6.06381086e-11 7.22770170e-09
-4.88071235e-09 2.54132698e-11 9.44132458e-09
-6.05935077e-09 1.29655746e-10 1.17452327e-08
-7.24077997e-09 2.51054789e-10 1.40587027e-08
-8.37485656e-09 3.87594692e-10 1.62841438e-08
-9.40328767e-09 5.36188053e-10 1.83078860e-08
-1.02604480e-08 6.92615860e-10 2.00017422e-08
-1.08746235e-08 8.51505387e-10 2.12254080e-08
-1.11697011e-08 1.00635261e-09 2.18297407e-08
-1.10673119e-08 1.14959493e-09 2.16609314e-08
-1.04894179e-08 1.27273885e-09 2.05655559e-08
-9.36131527e-09 1.36654564e-09 1.83964524e-08
-7.61501056e-09 1.42127620e-09 1.50193404e-08
-5.19290336e-09 1.42699438e-09 1.03200555e-08
-2.05169287e-09 1.37392524e-09 4.21223647e-09
1.83359522e-09 1.25286283e-09 -3.35473688e-09
6.46558207e-09 1.05561903e-09 -1.23877918e-08
1.18206460e-08 7.75502574e-10 -2.28424654e-08
1.78453196e-08 4.07815076e-10 -3.46157576e-08
2.44531331e-08 -4.96516672e-11 -4.75398500e-08
3.15220703e-08 -5.96134613e-10 -6.13770186e-08
3.88928029e-08 -1.22745377e-09 -7.58160711e-08
4.63678678e-08 -1.93562210e-09 -9.04706341e-08
5.37119392e-08 -2.70853175e-09 -1.04879596e-07
6.06533361e-08 -3.52973723e-09 -1.18509983e-07
6.68868820e-08 -4.37835527e-09 -1.30762507e-07
7.20782080e-08 -5.22909962e-09 -1.40979966e-07
7.58695588e-08 -6.05246658e-09 -1.48458623e-07
7.78871228e-08 -6.81508416e-09 -1.52462606e-07
7.77498673e-08 -7.48023382e-09 -1.52241302e-07
7.50798127e-08 -8.00854942e-09 -1.47049607e-07
6.95136328e-08 -8.35889292e-09 -1.36170826e-07
6.07154188e-08 -8.48940100e-09 -1.18941894e-07
4.83903926e-08 -8.35869077e-09 -9.47805074e-08
3.22993095e-08 -7.92720696e-09 -6.32136302e-08
1.22732398e-08 -7.15868684e-09 -2.39067904e-08
-1.17716211e-08 -6.02171313e-09 2.33065529e-08
-3.98195033e-08 -4.49131996e-09 7.83963334e-08
-7.17413939e-08 -2.55061154e-09 1.41108732e-07
-1.07282592e-07 -1.92349118e-10 2.10941441e-07
-1.46051943e-07 2.57954157e-09 2.87122256e-07
-1.87513216e-07 5.74859274e-09 3.68591897e-07
-2.30979070e-07 9.28459835e-09 4.53991994e-07
-2.75608046e-07 1.31426504e-08 5.41659067e-07
-3.20404992e-07 1.72624581e-08 6.29625333e-07
-3.64225268e-07 2.15679960e-08 7.15627052e-07
-4.05783039e-07 2.59675242e-08 7.97121007e-07
-4.43663899e-07 3.03540180e-08 8.71309616e-07
-4.76341963e-07 3.46060341e-08 9.35174965e-07
-5.02201522e-07 3.85890373e-08 9.85521931e-07
-5.19563215e-07 4.21571967e-08 1.01903033e-06
-5.26714599e-07 4.51556528e-08 1.03231582e-06
-5.21944877e-07 4.74232454e-08 1.02199917e-06
-5.03583440e-07 4.87956783e-08 9.84783015e-07
-4.70041762e-07 4.91090872e-08 9.17535451e-07
-4.19858088e-07 4.82039630e-08 8.17379063e-07
-3.51744234e-07 4.59293720e-08 6.81784227e-07
-2.64633748e-07 4.21474025e-08 5.08665063e-07
-1.57730548e-07 3.67377583e-08 2.96476328e-07
-3.05571313e-08 2.96024081e-08 4.43093715e-08
1.16998665e-07 2.06701951e-08 -2.48014844e-07
2.84639388e-07 9.90130240e-09 -5.79857781e-07
4.71617255e-07 -2.70853200e-09 -9.49682563e-07
6.76698095e-07 -1.71241601e-08 -1.35498262e-06
8.98131016e-07 -3.32676369e-08 -1.79222192e-06
1.13362486e-06 -5.10154083e-08 -2.25678881e-06
1.38033241e-06 -7.01961724e-08 -2.74296564e-06
1.63484336e-06 -9.05895106e-08 -3.24391585e-06
1.89318675e-06 -1.11925368e-07 -3.75169029e-06
2.15084371e-06 -1.33884458e-07 -4.25725420e-06
2.40277101e-06 -1.56099644e-07 -4.75053596e-06
2.64343589e-06 -1.78158344e-07 -5.22049855e-06
2.86686246e-06 -1.99605977e-07 -5.65523415e-06
3.06668973e-06 -2.19950458e-07 -6.04208216e-06
3.23624109e-06 -2.38667729e-07 -6.36777026e-06
3.36860518e-06 -2.55208283e-07 -6.61857807e-06
3.45672738e-06 -2.69004635e-07 -6.78052214e-06
3.49351135e-06 -2.79479658e-07 -6.83956112e-06
3.47192978e-06 -2.86055688e-07 -6.78181894e-06
3.38514312e-06 -2.88164285e-07 -6.59382402e-06
3.22662505e-06 -2.85256521e-07 -6.26276172e-06
2.99029337e-06 -2.76813645e-07 -5.77673712e-06
2.67064442e-06 -2.62357964e-07 -5.12504485e-06
2.26288957e-06 -2.41463779e-07 -4.29844237e-06
1.76309173e-06 -2.13768179e-07 -3.28942291e-06
1.16829997e-06 -1.78981530e-07 -2.09248405e-06
4.76680232e-07 -1.36897458e-07 -7.04387904e-07
-3.12359985e-07 -8.74021487e-08 8.75591432e-07
-1.19805496e-06 -3.04827815e-08 2.64543725e-06
-2.17817425e-06 3.37650738e-08 4.60018066e-06
-3.24892838e-06 1.05131259e-07 6.73171614e-06
-4.40488849e-06 1.83286180e-07 9.02864608e-06
-5.63892204e-06 2.67777431e-07 1.14761580e-05
-6.94214603e-06 3.58028014e-07 1.40559376e-05
-8.30389926e-06 4.53336237e-07 1.67461215e-05
-9.71173519e-06 5.52877356e-07 1.95212908e-05
-1.11514362e-05 6.55707011e-07 2.23525092e-05
-1.26070504e-05 7.60766453e-07 2.52074063e-05
-1.40609513e-05 8.66889578e-07 2.80503081e-05
-1.54939214e-05 9.72811696e-07 3.08424145e-05
-1.68852584e-05 1.07718000e-06 3.35420245e-05
-1.82129059e-05 1.17856560e-06 3.61048082e-05
-1.94536055e-05 1.27547709e-06 3.84841249e-05
-2.05830727e-05 1.36637533e-06 4.06313853e-05
-2.15761918e-05 1.44968953e-06 4.24964552e-05
-2.24072324e-05 1.52383423e-06 4.40280991e-05
-2.30500825e-05 1.58722701e-06 4.51744586e-05
-2.34784985e-05 1.63830691e-06 4.58835635e-05
-2.36663698e-05 1.67555301e-06 4.61038699e-05
-2.35879939e-05 1.69750320e-06 4.57848214e-05
-2.32183629e-05 1.70277279e-06 4.48774277e-05
-2.25334549e-05 1.69007268e-06 4.33348566e-05
-2.15105312e-05 1.65822694e-06 4.11130310e-05
-2.01284336e-05 1.60618953e-06 3.81712289e-05
-1.83678806e-05 1.53305983e-06 3.44726763e-05
-1.62117593e-05 1.43809702e-06 2.99851310e-05
-1.36454095e-05 1.32073278e-06 2.46814482e-05
-1.06568978e-05 1.18058245e-06 1.85401239e-05
-7.23727841e-06 1.01745427e-06 1.15458099e-05
-3.38083813e-06 8.31356636e-07 3.68979476e-06
9.14676639e-07 6.22503297e-07 -5.02955443e-06
5.64785409e-06 3.91316395e-07 -1.46063939e-05
1.08134340e-05 1.38427233e-07 -2.50270538e-05
1.64021497e-05 -1.35325175e-07 -3.62697402e-05
2.24005969e-05 -4.28897821e-07 -4.83042944e-05
2.87911310e-05 -7.41049637e-07 -6.10920092e-05
3.55517933e-05 -1.07034959e-06 -7.45855074e-05
4.26562686e-05 -1.41518686e-06 -8.87286832e-05
5.00738735e-05 -1.77378296e-06 -1.03456707e-04
5.77695761e-05 -2.14420575e-06 -1.18696094e-04
6.57040482e-05 -2.52438504e-06 -1.34364842e-04
7.38337477e-05 -2.91212972e-06 -1.50372624e-04
8.21110333e-05 -3.30514626e-06 -1.66621055e-04
9.04843082e-05 -3.70105818e-06 -1.83004007e-04
9.88981934e-05 -4.09742647e-06 -1.99407995e-04
1.07293729e-04 -4.49177065e-06 -2.15712604e-04
1.15608600e-04 -4.88159020e-06 -2.31790983e-04
1.23777388e-04 -5.26438616e-06 -2.47510373e-04
1.31731847e-04 -5.63768270e-06 -2.62732687e-04
1.39401191e-04 -5.99904833e-06 -2.77315124e-04
1.46712412e-04 -6.34611659e-06 -2.91110819e-04
1.53590599e-04 -6.67660602e-06 -3.03969520e-04
1.59959281e-04 -6.98833912e-06 -3.15738285e-04
1.65740773e-04 -7.27926019e-06 -3.26262197e-04
1.70856530e-04 -7.54745182e-06 -3.35385095e-04
1.75227505e-04 -7.79114989e-06 -3.42950301e-04
1.78774511e-04 -8.00875692e-06 -3.48801347e-04
1.81418574e-04 -8.19885376e-06 -3.52782705e-04
1.83081291e-04 -8.36020929e-06 -3.54740492e-04
1.83685171e-04 -8.49178833e-06 -3.54523161e-04
1.83153975e-04 -8.59275753e-06 -3.51982172e-04
1.81413034e-04 -8.66248922e-06 -3.46972630e-04
1.78389562e-04 -8.70056339e-06 -3.39353890e-04
1.74012945e-04 -8.70676752e-06 -3.28990126e-04
1.68215013e-04 -8.68109461e-06 -3.15750858e-04
1.60930291e-04 -8.62373927e-06 -2.99511433e-04
1.52096229e-04 -8.53509198e-06 -2.80153453e-04
1.41653403e-04 -8.41573173e-06 -2.57565161e-04
1.29545699e-04 -8.26641702e-06 -2.31641767e-04
1.15720460e-04 -8.08807538e-06 -2.02285718e-04
1.00128617e-04 -7.88179164e-06 -1.69406913e-04
8.27247804e-05 -7.64879500e-06 -1.32922863e-04
6.34673167e-05 -7.39044507e-06 -9.27587890e-05
4.23183853e-05 -7.10821711e-06 -4.88476641e-05
1.92439545e-05 -6.80368661e-06 -1.13019909e-06
-5.78621301e-06 -6.47851335e-06 5.04452292e-05
-3.27986012e-05 -6.13442514e-06 1.05922703e-04
-6.18160077e-05 -5.77320141e-06 1.65338944e-04
-9.28576366e-05 -5.39665683e-06 2.28723538e-04
-1.25939216e-04 -5.00662508e-06 2.96099216e-04
-1.61073137e-04 -4.60494298e-06 3.67482175e-04
-1.98268616e-04 -4.19343504e-06 4.42882441e-04
-2.37531876e-04 -3.77389866e-06 5.22304270e-04
-2.78866351e-04 -3.34809003e-06 6.05746588e-04
-3.22272894e-04 -2.91771088e-06 6.93203458e-04
-3.67750017e-04 -2.48439614e-06 7.84664571e-04
-4.15294134e-04 -2.04970262e-06 8.80115771e-04
-4.64899814e-04 -1.61509879e-06 9.79539585e-04
-5.16560050e-04 -1.18195567e-06 1.08291578e-03
-5.70266527e-04 -7.51538881e-07 1.19022192e-03
-6.26009903e-04 -3.25001940e-07 1.30143395e-03
-6.83780086e-04 9.66192946e-08 1.41652672e-03
-7.43566517e-04 5.12410936e-07 1.53547464e-03
-8.05358454e-04 9.21584201e-07 1.65825215e-03
-8.69145245e-04 1.32347739e-06 1.78483433e-03
-9.34916602e-04 1.71755673e-06 1.91519743e-03
-1.00266288e-03 2.10341617e-06 2.04931941e-03
-1.07237531e-03 2.48077612e-06 2.18718041e-03
-1.14404629e-03 2.84948128e-06 2.32876327e-03
-1.21766960e-03 3.20949760e-06 2.47405397e-03
-1.29324063e-03 3.56090836e-06 2.62304209e-03
-1.37075659e-03 3.90390969e-06 2.77572118e-03
-1.45021676e-03 4.23880528e-06 2.93208914e-03
-1.53162260e-03 4.56600070e-06 3.09214860e-03
-1.61497798e-03 4.88599720e-06 3.25590716e-03
-1.70028933e-03 5.19938513e-06 3.42337772e-03
-1.78756573e-03 5.50683717e-06 3.59457868e-03
-1.87681910e-03 5.80910126e-06 3.76953416e-03
-1.96806424e-03 6.10699351e-06 3.94827414e-03
-2.06131895e-03 6.40139106e-06 4.13083460e-03
-2.15660409e-03 6.69322494e-06 4.31725760e-03
-2.25394361e-03 6.98347309e-06 4.50759136e-03
-2.35336461e-03 7.27315356e-06 4.70189021e-03
-2.45489732e-03 7.56331786e-06 4.90021465e-03
-2.55857513e-03 7.85504468e-06 5.10263123e-03
-2.66443454e-03 8.14943389e-06 5.30921251e-03
-2.77251511e-03 8.44760084e-06 5.52003694e-03
-2.88285946e-03 8.75067116e-06 5.73518865e-03
-2.99551314e-03 9.05977581e-06 5.95475737e-03
-3.11052459e-03 9.37604666e-06 6.17883816e-03
-3.22794499e-03 9.70061246e-06 6.40753120e-03
-3.34782822e-03 1.00345952e-05 6.64094153e-03
-3.47023067e-03 1.03791068e-05 6.87917880e-03
-3.59521114e-03 1.07352466e-05 7.12235695e-03
-3.72283069e-03 1.11040985e-05 7.37059392e-03
-3.85315247e-03 1.14867294e-05 7.62401131e-03
-3.98624156e-03 1.18841872e-05 7.88273403e-03
-4.12216484e-03 1.22974993e-05 8.14688998e-03
-4.26099073e-03 1.27276720e-05 8.41660966e-03
-4.40278909e-03 1.31756890e-05 8.69202578e-03
-4.54763097e-03 1.36425114e-05 8.97327295e-03
-4.69558844e-03 1.41290767e-05 9.26048722e-03
-4.84673440e-03 1.46362990e-05 9.55380572e-03
-5.00114235e-03 1.51650687e-05 9.85336630e-03
-5.15888624e-03 1.57162520e-05 1.01593071e-02
-5.32004022e-03 1.62906917e-05 1.04717662e-02
-5.48467846e-03 1.68892064e-05 1.07908811e-02
-5.65287492e-03 1.75125910e-05 1.11167887e-02
-5.82470321e-03 1.81616162e-05 1.14496243e-02
-6.00023633e-03 1.88370289e-05 1.17895220e-02
-6.17954649e-03 1.95395517e-05 1.21366136e-02
-6.36270492e-03 2.02698827e-05 1.24910287e-02
-6.54978170e-03 2.10286950e-05 1.28528943e-02
-6.74084553e-03 2.18166362e-05 1.32223341e-02
-6.93596357e-03 2.26343280e-05 1.35994688e-02
-7.13520127e-03 2.34823651e-05 1.39844152e-02
-7.33862216e-03 2.43613143e-05 1.43772860e-02
-7.54628773e-03 2.52717135e-05 1.47781898e-02
-7.75825722e-03 2.62140704e-05 1.51872305e-02
-7.97458750e-03 2.71888615e-05 1.56045070e-02
-8.19533286e-03 2.81965301e-05 1.60301132e-02
-8.42054493e-03 2.92374850e-05 1.64641376e-02
-8.65027248e-03 3.03120989e-05 1.69066627e-02
-8.88456132e-03 3.14207066e-05 1.73577654e-02
-9.12345415e-03 3.25636032e-05 1.78175163e-02
-9.36699044e-03 3.37410421e-05 1.82859795e-02
-9.61520629e-03 3.49532334e-05 1.87632126e-02
-9.86813435e-03 3.62003418e-05 1.92492665e-02
-1.01258037e-02 3.74824847e-05 1.97441847e-02
-1.03882397e-02 3.87997309e-05 2.02480040e-02
-1.06554639e-02 4.01520979e-05 2.07607533e-02
-1.09274941e-02 4.15395512e-05 2.12824543e-02
-1.12043440e-02 4.29620017e-05 2.18131209e-02
-1.14860233e-02 4.44193052e-05 2.23527590e-02
-1.17725376e-02 4.59112604e-05 2.29013665e-02
-1.20638883e-02 4.74376076e-05 2.34589332e-02
-1.23600723e-02 4.89980283e-05 2.40254407e-02
-1.26610825e-02 5.05921434e-05 2.46008618e-02
-1.29669072e-02 5.22195134e-05 2.51851610e-02
-1.32775303e-02 5.38796369e-05 2.57782943e-02
-1.35929310e-02 5.55719512e-05 2.63802084e-02
-1.39130841e-02 5.72958314e-05 2.69908417e-02
-1.42379598e-02 5.90505909e-05 2.76101231e-02
-1.45675236e-02 6.08354815e-05 2.82379728e-02
-1.49017363e-02 6.26496938e-05 2.88743017e-02
-1.52405538e-02 6.44923579e-05 2.95190113e-02
-1.55839274e-02 6.63625442e-05 3.01719942e-02
-1.59318037e-02 6.82592645e-05 3.08331331e-02
-1.62841242e-02 7.01814732e-05 3.15023017e-02
-1.66408256e-02 7.21280685e-05 3.21793640e-02
-1.70018400e-02 7.40978941e-05 3.28641745e-02
-1.73670942e-02 7.60897408e-05 3.35565781e-02
-1.77365105e-02 7.81023484e-05 3.42564100e-02
-1.81100059e-02 8.01344074e-05 3.49634959e-02
-1.84874927e-02 8.21845614e-05 3.56776517e-02
-1.88688782e-02 8.42514090e-05 3.63986838e-02
-1.92540648e-02 8.63335058e-05 3.71263886e-02
-1.96429501e-02 8.84293673e-05 3.78605530e-02
-2.00354264e-02 9.05374708e-05 3.86009543e-02
-2.04313814e-02 9.26562577e-05 3.93473599e-02
-2.08306979e-02 9.47841362e-05 4.00995277e-02
-2.12332537e-02 9.69194837e-05 4.08572059e-02
-2.16389217e-02 9.90606489e-05 4.16201333e-02
-2.20475700e-02 1.01205955e-04 4.23880389e-02
-2.24590621e-02 1.03353700e-04 4.31606424e-02
-2.28732563e-02 1.05502163e-04 4.39376541e-02
-2.32900065e-02 1.07649602e-04 4.47187750e-02
-2.37091618e-02 1.09794260e-04 4.55036968e-02
-2.41305666e-02 1.11934363e-04 4.62921021e-02
-2.45540606e-02 1.14068128e-04 4.70836644e-02
-2.49794792e-02 1.16193759e-04 4.78780484e-02
-2.54066531e-02 1.18309454e-04 4.86749101e-02
-2.58354086e-02 1.20413402e-04 4.94738965e-02
-2.62655676e-02 1.22503789e-04 5.02746466e-02
-2.66969478e-02 1.24578801e-04 5.10767908e-02
-2.71293625e-02 1.26636618e-04 5.18799513e-02
-2.75626212e-02 1.28675424e-04 5.26837424e-02
-2.79965290e-02 1.30693405e-04 5.34877707e-02
-2.84308872e-02 1.32688749e-04 5.42916353e-02
-2.88654932e-02 1.34659652e-04 5.50949276e-02
-2.93001407e-02 1.36604314e-04 5.58972322e-02
-2.97346197e-02 1.38520944e-04 5.66981268e-02
-3.01687166e-02 1.40407759e-04 5.74971822e-02
-3.06022146e-02 1.42262988e-04 5.82939632e-02
-3.10348934e-02 1.44084869e-04 5.90880282e-02
-3.14665296e-02 1.45871653e-04 5.98789300e-02
-3.18968967e-02 1.47621604e-04 6.06662156e-02
-3.23257655e-02 1.49333003e-04 6.14494270e-02
-3.27529039e-02 1.51004142e-04 6.22281012e-02
-3.31780772e-02 1.52633331e-04 6.30017708e-02
-3.36010483e-02 1.54218898e-04 6.37699638e-02
-3.40215779e-02 1.55759187e-04 6.45322045e-02
-3.44394245e-02 1.57252562e-04 6.52880137e-02
-3.48543446e-02 1.58697405e-04 6.60369088e-02
-3.52660929e-02 1.60092121e-04 6.67784045e-02
-3.56744229e-02 1.61435134e-04 6.75120130e-02
-3.60790861e-02 1.62724891e-04 6.82372445e-02
-3.64798331e-02 1.63959861e-04 6.89536075e-02
-3.68764136e-02 1.65138538e-04 6.96606091e-02
-3.72685762e-02 1.66259439e-04 7.03577556e-02
-3.76560689e-02 1.67321107e-04 7.10445530e-02
-3.80386395e-02 1.68322113e-04 7.17205070e-02
-3.84160353e-02 1.69261053e-04 7.23851238e-02
-3.87880037e-02 1.70136552e-04 7.30379104e-02
-3.91542925e-02 1.70947264e-04 7.36783752e-02
-3.95146495e-02 1.71691873e-04 7.43060281e-02
-3.98688234e-02 1.72369094e-04 7.49203812e-02
-4.02165638e-02 1.72977673e-04 7.55209491e-02
-4.05576213e-02 1.73516389e-04 7.61072496e-02
-4.08917478e-02 1.73984057e-04 7.66788038e-02
-4.12186967e-02 1.74379525e-04 7.72351368e-02
-4.15382233e-02 1.74701675e-04 7.77757782e-02
-4.18500847e-02 1.74949430e-04 7.83002622e-02
-4.21540404e-02 1.75121748e-04 7.88081285e-02
-4.24498523e-02 1.75217627e-04 7.92989225e-02
-4.27372849e-02 1.75236105e-04 7.97721958e-02
-4.30161058e-02 1.75176260e-04 8.02275065e-02
-4.32860857e-02 1.75037215e-04 8.06644201e-02
-4.35469984e-02 1.74818133e-04 8.10825095e-02
-4.37986218e-02 1.74518223e-04 8.14813555e-02
-4.40407372e-02 1.74136739e-04 8.18605476e-02
-4.42731304e-02 1.73672983e-04 8.22196839e-02
-4.44955910e-02 1.73126301e-04 8.25583721e-02
-4.47079136e-02 1.72496092e-04 8.28762295e-02
-4.49098972e-02 1.71781801e-04 8.31728834e-02
-4.51013460e-02 1.70982927e-04 8.34479720e-02
-4.52820691e-02 1.70099017e-04 8.37011442e-02
-4.54518814e-02 1.69129675e-04 8.39320605e-02
-4.56106030e-02 1.68074556e-04 8.41403932e-02
-4.57580600e-02 1.66933371e-04 8.43258265e-02
-4.58940845e-02 1.65705887e-04 8.44880573e-02
-4.60185149e-02 1.64391928e-04 8.46267956e-02
-4.61311957e-02 1.62991376e-04 8.47417643e-02
-4.62319782e-02 1.61504170e-04 8.48327002e-02
-4.63207206e-02 1.59930313e-04 8.48993538e-02
-4.63972876e-02 1.58269864e-04 8.49414900e-02
-4.64615515e-02 1.56522947e-04 8.49588884e-02
-4.65133917e-02 1.54689747e-04 8.49513432e-02
-4.65526948e-02 1.52770513e-04 8.49186638e-02
-4.65793552e-02 1.50765558e-04 8.48606752e-02
-4.65932752e-02 1.48675260e-04 8.47772180e-02
-4.65943646e-02 1.46500063e-04 8.46681485e-02
-4.65825414e-02 1.44240478e-04 8.45333395e-02
-4.65577317e-02 1.41897081e-04 8.43726798e-02
-4.65198698e-02 1.39470520e-04 8.41860752e-02
-4.64688984e-02 1.36961507e-04 8.39734477e-02
-4.64047685e-02 1.34370825e-04 8.37347367e-02
-4.63274397e-02 1.31699329e-04 8.34698982e-02
-4.62368802e-02 1.28947940e-04 8.31789057e-02
-4.61330670e-02 1.26117652e-04 8.28617500e-02
-4.60159857e-02 1.23209529e-04 8.25184390e-02
-4.58856307e-02 1.20224708e-04 8.21489983e-02
-4.57420052e-02 1.17164396e-04 8.17534711e-02
-4.55851214e-02 1.14029871e-04 8.13319179e-02
-4.54150005e-02 1.10822485e-04 8.08844171e-02
-4.52316722e-02 1.07543660e-04 8.04110646e-02
-4.50351757e-02 1.04194892e-04 7.99119739e-02
-4.48255587e-02 1.00777747e-04 7.93872761e-02
-4.46028780e-02 9.72938637e-05 7.88371198e-02
-4.43671994e-02 9.37449513e-05 7.82616711e-02
-4.41185973e-02 9.01327909e-05 7.76611135e-02
-4.38571552e-02 8.64592339e-05 7.70356479e-02
-4.35829653e-02 8.27262016e-05 7.63854923e-02
-4.32961286e-02 7.89356848e-05 7.57108816e-02
-4.29967547e-02 7.50897428e-05 7.50120679e-02
-4.26849618e-02 7.11905027e-05 7.42893199e-02
-4.23608766e-02 6.72401580e-05 7.35429226e-02
-4.20246343e-02 6.32409681e-05 7.27731778e-02
-4.16763784e-02 5.91952563e-05 7.19804031e-02
-4.13162606e-02 5.51054090e-05 7.11649320e-02
-4.09444406e-02 5.09738740e-05 7.03271137e-02
-4.05610863e-02 4.68031586e-05 6.94673129e-02
-4.01663731e-02 4.25958283e-05 6.85859090e-02
-3.97604844e-02 3.83545041e-05 6.76832966e-02
-3.93436109e-02 3.40818613e-05 6.67598844e-02
-3.89159508e-02 2.97806266e-05 6.58160954e-02
-3.84777095e-02 2.54535761e-05 6.48523664e-02
-3.80290993e-02 2.11035324e-05 6.38691475e-02
-3.75703395e-02 1.67333625e-05 6.28669019e-02
-3.71016559e-02 1.23459744e-05 6.18461055e-02
-3.66232810e-02 7.94431450e-06 6.08072463e-02
-3.61354533e-02 3.53136449e-06 5.97508243e-02
-3.56384175e-02 -8.89862052e-07 5.86773509e-02
-3.51324239e-02 -5.31632287e-06 5.75873485e-02
-3.46177288e-02 -9.74495062e-06 5.64813497e-02
-3.40945935e-02 -1.41726564e-05 5.53598977e-02
-3.35632847e-02 -1.85963336e-05 5.42235450e-02
-3.30240739e-02 -2.30128618e-05 5.30728533e-02
-3.24772372e-02 -2.74191103e-05 5.19083928e-02
-3.19230552e-02 -3.18119428e-05 5.07307422e-02
-3.13618128e-02 -3.61882212e-05 4.95404875e-02
-3.07937985e-02 -4.05448099e-05 4.83382220e-02
-3.02193048e-02 -4.48785800e-05 4.71245458e-02
-2.96386274e-02 -4.91864139e-05 4.59000647e-02
-2.90520650e-02 -5.34652095e-05 4.46653906e-02
-2.84599196e-02 -5.77118846e-05 4.34211401e-02
-2.78624953e-02 -6.19233819e-05 4.21679344e-02
-2.72600989e-02 -6.60966727e-05 4.09063988e-02
-2.66530390e-02 -7.02287621e-05 3.96371621e-02
-2.60416262e-02 -7.43166931e-05 3.83608558e-02
-2.54261725e-02 -7.83575513e-05 3.70781140e-02
-2.48069910e-02 -8.23484692e-05 3.57895726e-02
-2.41843961e-02 -8.62866306e-05 3.44958687e-02
-2.35587025e-02 -9.01692753e-05 3.31976403e-02
-2.29302256e-02 -9.39937026e-05 3.18955256e-02
-2.22992808e-02 -9.77572764e-05 3.05901625e-02
-2.16661833e-02 -1.01457428e-04 2.92821879e-02
-2.10312482e-02 -1.05091663e-04 2.79722376e-02
-2.03947896e-02 -1.08657560e-04 2.66609452e-02
-1.97571207e-02 -1.12152780e-04 2.53489423e-02
-1.91185538e-02 -1.15575067e-04 2.40368573e-02
-1.84793994e-02 -1.18922249e-04 2.27253150e-02
-1.78399663e-02 -1.22192249e-04 2.14149367e-02
-1.72005616e-02 -1.25383078e-04 2.01063388e-02
-1.65614899e-02 -1.28492848e-04 1.88001333e-02
-1.59230535e-02 -1.31519765e-04 1.74969262e-02
-1.52855519e-02 -1.34462139e-04 1.61973182e-02
-1.46492817e-02 -1.37318385e-04 1.49019032e-02
-1.40145361e-02 -1.40087020e-04 1.36112686e-02
-1.33816052e-02 -1.42766671e-04 1.23259945e-02
-1.27507754e-02 -1.45356074e-04 1.10466534e-02
-1.21223290e-02 -1.47854076e-04 9.77380942e-03
-1.14965445e-02 -1.50259635e-04 8.50801860e-03
-1.08736960e-02 -1.52571823e-04 7.24982785e-03
-1.02540533e-02 -1.54789826e-04 5.99977488e-03
-9.63788117e-03 -1.56912942e-04 4.75838772e-03
-9.02543991e-03 -1.58940586e-04 3.52618445e-03
-8.41698459e-03 -1.60872289e-04 2.30367274e-03
-7.81276514e-03 -1.62707692e-04 1.09134964e-03
-7.21302610e-03 -1.64446556e-04 -1.10298842e-04
-6.61800647e-03 -1.66088752e-04 -1.30079798e-03
-6.02793961e-03 -1.67634266e-04 -2.47968465e-03
-5.44305301e-03 -1.69083196e-04 -3.64650759e-03
-4.86356823e-03 -1.70435750e-04 -4.80082766e-03
-4.28970074e-03 -1.71692248e-04 -5.94221812e-03
-3.72165978e-03 -1.72853117e-04 -7.07026479e-03
-3.15964829e-03 -1.73918891e-04 -8.18456634e-03
-2.60386275e-03 -1.74890208e-04 -9.28473447e-03
-2.05449315e-03 -1.75767811e-04 -1.03703940e-02
-1.51172283e-03 -1.76552543e-04 -1.14411833e-02
-9.75728464e-04 -1.77245346e-04 -1.24967541e-02
-4.46679919e-04 -1.77847257e-04 -1.35367718e-02
7.52597540e-05 -1.78359409e-04 -1.45609157e-02
5.89934408e-04 -1.78783024e-04 -1.55688789e-02
1.09719484e-03 -1.79119413e-04 -1.65603685e-02
1.59689885e-03 -1.79369975e-04 -1.75351058e-02
2.08891123e-03 -1.79536189e-04 -1.84928259e-02
2.57310386e-03 -1.79619614e-04 -1.94332785e-02
3.04935567e-03 -1.79621889e-04 -2.03562271e-02
3.51755267e-03 -1.79544723e-04 -2.12614497e-02
3.97758796e-03 -1.79389897e-04 -2.21487384e-02
4.42936171e-03 -1.79159260e-04 -2.30178997e-02
4.87278118e-03 -1.78854725e-04 -2.38687539e-02
5.30776068e-03 -1.78478265e-04 -2.47011358e-02
5.73422152e-03 -1.78031910e-04 -2.55148942e-02
6.15209204e-03 -1.77517747e-04 -2.63098918e-02
6.56130751e-03 -1.76937912e-04 -2.70860055e-02
6.96181013e-03 -1.76294587e-04 -2.78431259e-02
7.35354893e-03 -1.75590002e-04 -2.85811573e-02
7.73647977e-03 -1.74826423e-04 -2.93000176e-02
8.11056522e-03 -1.74006159e-04 -2.99996385e-02
8.47577453e-03 -1.73131547e-04 -3.06799648e-02
8.83208352e-03 -1.72204960e-04 -3.13409545e-02
9.17947453e-03 -1.71228795e-04 -3.19825788e-02
9.51793629e-03 -1.70205473e-04 -3.26048216e-02
9.84746389e-03 -1.69137439e-04 -3.32076798e-02
1.01680586e-02 -1.68027151e-04 -3.37911624e-02
1.04797278e-02 -1.66877083e-04 -3.43552910e-02
1.07824850e-02 -1.65689721e-04 -3.49000991e-02
1.10763494e-02 -1.64467556e-04 -3.54256322e-02
1.13613462e-02 -1.63213085e-04 -3.59319472e-02
1.16375062e-02 -1.61928807e-04 -3.64191128e-02
1.19048655e-02 -1.60617216e-04 -3.68872085e-02
1.21634659e-02 -1.59280804e-04 -3.73363248e-02
1.24133544e-02 -1.57922052e-04 -3.77665629e-02
1.26545830e-02 -1.56543433e-04 -3.81780343e-02
1.28872090e-02 -1.55147403e-04 -3.85708608e-02
1.31112942e-02 -1.53736401e-04 -3.89451737e-02
1.33269053e-02 -1.52312847e-04 -3.93011142e-02
1.35341135e-02 -1.50879138e-04 -3.96388326e-02
1.37329946e-02 -1.49437643e-04 -3.99584882e-02
1.39236283e-02 -1.47990703e-04 -4.02602490e-02
1.41060989e-02 -1.46540630e-04 -4.05442915e-02
1.42804942e-02 -1.45089699e-04 -4.08108000e-02
1.44469060e-02 -1.43640147e-04 -4.10599671e-02
1.46054299e-02 -1.42194176e-04 -4.12919924e-02
1.47561647e-02 -1.40753941e-04 -4.15070829e-02
1.48992128e-02 -1.39321556e-04 -4.17054526e-02
1.50346795e-02 -1.37899086e-04 -4.18873220e-02
1.51626734e-02 -1.36488547e-04 -4.20529177e-02
1.52833057e-02 -1.35091903e-04 -4.22024726e-02
1.53966905e-02 -1.33711067e-04 -4.23362249e-02
1.55029444e-02 -1.32347891e-04 -4.24544185e-02
1.56021863e-02 -1.31004172e-04 -4.25573021e-02
1.56945373e-02 -1.29681647e-04 -4.26451293e-02
1.57801208e-02 -1.28381989e-04 -4.27181580e-02
1.58590619e-02 -1.27106809e-04 -4.27766504e-02
1.59314874e-02 -1.25857651e-04 -4.28208725e-02
1.59975260e-02 -1.24635991e-04 -4.28510937e-02
1.60573076e-02 -1.23443238e-04 -4.28675870e-02
1.61109636e-02 -1.22280729e-04 -4.28706280e-02
1.61586262e-02 -1.21149729e-04 -4.28604951e-02
1.62004292e-02 -1.20051429e-04 -4.28374693e-02
1.62365067e-02 -1.18986947e-04 -4.28018335e-02
1.62669938e-02 -1.17957325e-04 -4.27538725e-02
1.62920263e-02 -1.16963526e-04 -4.26938727e-02
1.63117402e-02 -1.16006439e-04 -4.26221219e-02
1.63262720e-02 -1.15086870e-04 -4.25389087e-02
1.63357582e-02 -1.14205550e-04 -4.24445227e-02
1.63403357e-02 -1.13363126e-04 -4.23392541e-02
1.63401410e-02 -1.12560167e-04 -4.22233932e-02
1.63353105e-02 -1.11797160e-04 -4.20972305e-02
1.63259804e-02 -1.11074511e-04 -4.19610563e-02
1.63122864e-02 -1.10392543e-04 -4.18151605e-02
1.62943637e-02 -1.09751498e-04 -4.16598323e-02
1.62723469e-02 -1.09151536e-04 -4.14953602e-02
1.62463696e-02 -1.08592735e-04 -4.13220316e-02
1.62165649e-02 -1.08075091e-04 -4.11401325e-02
1.61830647e-02 -1.07598519e-04 -4.09499477e-02
1.61460000e-02 -1.07162851e-04 -4.07517602e-02
1.61055006e-02 -1.06767840e-04 -4.05458511e-02
1.60616949e-02 -1.06413157e-04 -4.03324996e-02
1.60147103e-02 -1.06098394e-04 -4.01119829e-02
1.59646727e-02 -1.05823064e-04 -3.98845754e-02
1.59117063e-02 -1.05586601e-04 -3.96505495e-02
1.58559340e-02 -1.05388361e-04 -3.94101745e-02
1.57974771e-02 -1.05227624e-04 -3.91637172e-02
1.57364551e-02 -1.05103594e-04 -3.89114414e-02
1.56729856e-02 -1.05015400e-04 -3.86536076e-02
1.56071847e-02 -1.04962098e-04 -3.83904735e-02
1.55391666e-02 -1.04942673e-04 -3.81222931e-02
1.54690432e-02 -1.04956035e-04 -3.78493173e-02
1.53969250e-02 -1.05001030e-04 -3.75717930e-02
1.53229200e-02 -1.05076431e-04 -3.72899640e-02
1.52471344e-02 -1.05180946e-04 -3.70040699e-02
1.51696722e-02 -1.05313220e-04 -3.67143469e-02
1.50906353e-02 -1.05471831e-04 -3.64210268e-02
1.50101236e-02 -1.05655298e-04 -3.61243379e-02
1.49282345e-02 -1.05862078e-04 -3.58245040e-02
1.48450634e-02 -1.06090571e-04 -3.55217452e-02
1.47607033e-02 -1.06339121e-04 -3.52162772e-02
1.46752452e-02 -1.06606016e-04 -3.49083114e-02
1.45887776e-02 -1.06889491e-04 -3.45980551e-02
1.45013867e-02 -1.07187734e-04 -3.42857112e-02
1.44131567e-02 -1.07498881e-04 -3.39714782e-02
1.43241690e-02 -1.07821022e-04 -3.36555502e-02
1.42345032e-02 -1.08152205e-04 -3.33381170e-02
1.41442362e-02 -1.08490433e-04 -3.30193640e-02
1.40534429e-02 -1.08833671e-04 -3.26994719e-02
1.39621957e-02 -1.09179846e-04 -3.23786171e-02
1.38705646e-02 -1.09526849e-04 -3.20569716e-02
1.37786177e-02 -1.09872539e-04 -3.17347028e-02
1.36864204e-02 -1.10214743e-04 -3.14119737e-02
1.35940361e-02 -1.10551260e-04 -3.10889427e-02
1.35015259e-02 -1.10879865e-04 -3.07657640e-02
1.34089485e-02 -1.11198306e-04 -3.04425871e-02
1.33163605e-02 -1.11504314e-04 -3.01195572e-02
1.32238165e-02 -1.11795597e-04 -2.97968151e-02
1.31313687e-02 -1.12069852e-04 -2.94744972e-02
1.30390671e-02 -1.12324759e-04 -2.91527355e-02
1.29469597e-02 -1.12557988e-04 -2.88316578e-02
1.28550925e-02 -1.12767202e-04 -2.85113875e-02
1.27635094e-02 -1.12950058e-04 -2.81920438e-02
1.26722520e-02 -1.13104208e-04 -2.78737417e-02
1.25813602e-02 -1.13227307e-04 -2.75565920e-02
1.24908720e-02 -1.13317010e-04 -2.72407014e-02
1.24008231e-02 -1.13370979e-04 -2.69261724e-02
1.23112477e-02 -1.13386883e-04 -2.66131038e-02
1.22221779e-02 -1.13362400e-04 -2.63015901e-02
1.21336441e-02 -1.13295226e-04 -2.59917221e-02
1.20456749e-02 -1.13183068e-04 -2.56835865e-02
1.19582971e-02 -1.13023656e-04 -2.53772665e-02
1.18715358e-02 -1.12814740e-04 -2.50728413e-02
1.17854146e-02 -1.12554095e-04 -2.47703864e-02
1.16999552e-02 -1.12239523e-04 -2.44699740e-02
1.16151781e-02 -1.11868858e-04 -2.41716724e-02
1.15311019e-02 -1.11439966e-04 -2.38755466e-02
1.14477439e-02 -1.10950750e-04 -2.35816579e-02
1.13651199e-02 -1.10399151e-04 -2.32900646e-02
1.12832443e-02 -1.09783152e-04 -2.30008216e-02
1.12021302e-02 -1.09100782e-04 -2.27139803e-02
1.11217893e-02 -1.08350115e-04 -2.24295892e-02
1.10422320e-02 -1.07529280e-04 -2.21476937e-02
1.09634674e-02 -1.06636454e-04 -2.18683362e-02
1.08855037e-02 -1.05669875e-04 -2.15915559e-02
1.08083476e-02 -1.04627835e-04 -2.13173894e-02
1.07320050e-02 -1.03508694e-04 -2.10458704e-02
1.06564804e-02 -1.02310870e-04 -2.07770297e-02
1.05817775e-02 -1.01032854e-04 -2.05108958e-02
1.05078991e-02 -9.96732034e-05 -2.02474942e-02
1.04348467e-02 -9.82305502e-05 -1.99868482e-02
1.03626213e-02 -9.67036014e-05 -1.97289784e-02
1.02912228e-02 -9.50911421e-05 -1.94739031e-02
1.02206503e-02 -9.33920380e-05 -1.92216383e-02
1.01509021e-02 -9.16052383e-05 -1.89721979e-02
1.00819759e-02 -8.97297775e-05 -1.87255933e-02
1.00138686e-02 -8.77647785e-05 -1.84818340e-02
9.94657631e-03 -8.57094544e-05 -1.82409275e-02
9.88009469e-03 -8.35631110e-05 -1.80028793e-02
9.81441870e-03 -8.13251492e-05 -1.77676929e-02
9.74954277e-03 -7.89950668e-05 -1.75353701e-02
9.68546079e-03 -7.65724604e-05 -1.73059109e-02
9.62216615e-03 -7.40570279e-05 -1.70793135e-02
9.55965180e-03 -7.14485698e-05 -1.68555746e-02
9.49791021e-03 -6.87469913e-05 -1.66346892e-02
9.43693352e-03 -6.59523036e-05 -1.64166509e-02
9.37671343e-03 -6.30646255e-05 -1.62014519e-02
9.31724136e-03 -6.00841853e-05 -1.59890830e-02
9.25850838e-03 -5.70113211e-05 -1.57795334e-02
9.20050530e-03 -5.38464828e-05 -1.55727915e-02
9.14322267e-03 -5.05902327e-05 -1.53688442e-02
9.08665079e-03 -4.72432466e-05 -1.51676773e-02
9.03077980e-03 -4.38063141e-05 -1.49692756e-02
8.97559963e-03 -4.02803398e-05 -1.47736228e-02
8.92110005e-03 -3.66663431e-05 -1.45807017e-02
8.86727073e-03 -3.29654589e-05 -1.43904942e-02
8.81410120e-03 -2.91789375e-05 -1.42029811e-02
8.76158091e-03 -2.53081448e-05 -1.40181427e-02
8.70969924e-03 -2.13545616e-05 -1.38359585e-02
8.65844554e-03 -1.73197838e-05 -1.36564070e-02
8.60780911e-03 -1.32055213e-05 -1.34794664e-02
8.55777922e-03 -9.01359760e-06 -1.33051140e-02
8.50834519e-03 -4.74594887e-06 -1.31333268e-02
8.45949631e-03 -4.04622677e-07 -1.29640812e-02
8.41122194e-03 4.00822317e-06 -1.27973529e-02
8.36351148e-03 8.49032208e-06 -1.26331174e-02
8.31635437e-03 1.30393003e-05 -1.24713498e-02
8.26974015e-03 1.76526789e-05 -1.23120248e-02
8.22365844e-03 2.23278754e-05 -1.21551167e-02
8.17809895e-03 2.70622065e-05 -1.20005997e-02
8.13305150e-03 3.18528897e-05 -1.18484476e-02
8.08850603e-03 3.66970467e-05 -1.16986342e-02
8.04445260e-03 4.15917055e-05 -1.15511329e-02
8.00088139e-03 4.65338035e-05 -1.14059171e-02
7.95778275e-03 5.15201905e-05 -1.12629600e-02
7.91514715e-03 5.65476321e-05 -1.11222350e-02
7.87296521e-03 6.16128129e-05 -1.09837151e-02
7.83122772e-03 6.67123403e-05 -1.08473734e-02
7.78992563e-03 7.18427480e-05 -1.07131832e-02
7.74905004e-03 7.70004999e-05 -1.05811176e-02
7.70859223e-03 8.21819943e-05 -1.04511500e-02
7.66854364e-03 8.73835680e-05 -1.03232535e-02
7.62889588e-03 9.26015005e-05 -1.01974018e-02
7.58964075e-03 9.78320186e-05 -1.00735683e-02
7.55077019e-03 1.03071301e-04 -9.95172685e-03
7.51227635e-03 1.08315483e-04 -9.83185131e-03
7.47415153e-03 1.13560660e-04 -9.71391579e-03
7.43638820e-03 1.18802896e-04 -9.59789458e-03
7.39897901e-03 1.24038224e-04 -9.48376219e-03
7.36191679e-03 1.29262655e-04 -9.37149339e-03
7.32519451e-03 1.34472179e-04 -9.26106317e-03
7.28880533e-03 1.39662777e-04 -9.15244680e-03
7.25274256e-03 1.44830418e-04 -9.04561982e-03
7.21699967e-03 1.49971070e-04 -8.94055805e-03
7.18157030e-03 1.55080705e-04 -8.83723761e-03
7.14644822e-03 1.60155301e-04 -8.73563493e-03
7.11162738e-03 1.65190852e-04 -8.63572676e-03
7.07710184e-03 1.70183371e-04 -8.53749015e-03
7.04286584e-03 1.75128896e-04 -8.44090251e-03
7.00891373e-03 1.80023493e-04 -8.34594156e-03
6.97524000e-03 1.84863267e-04 -8.25258538e-03
6.94183928e-03 1.89644364e-04 -8.16081239e-03
6.90870632e-03 1.94362976e-04 -8.07060137e-03
6.87583598e-03 1.99015348e-04 -7.98193144e-03
6.84322325e-03 2.03597781e-04 -7.89478211e-03
6.81086323e-03 2.08106643e-04 -7.80913322e-03
6.77875112e-03 2.12538367e-04 -7.72496500e-03
6.74688223e-03 2.16889460e-04 -7.64225804e-03
6.71525197e-03 2.21156510e-04 -7.56099330e-03
6.68385584e-03 2.25336187e-04 -7.48115211e-03
6.65268943e-03 2.29425248e-04 -7.40271617e-03
6.62174843e-03 2.33420548e-04 -7.32566755e-03
6.59102859e-03 2.37319036e-04 -7.24998869e-03
6.56052575e-03 2.41117765e-04 -7.17566241e-03
6.53023583e-03 2.44813897e-04 -7.10267189e-03
6.50015481e-03 2.48404703e-04 -7.03100069e-03
6.47027876e-03 2.51887571e-04 -6.96063272e-03
6.44060379e-03 2.55260008e-04 -6.89155227e-03
6.41112607e-03 2.58519645e-04 -6.82374398e-03
6.38184186e-03 2.61664239e-04 -6.75719286e-03
6.35274745e-03 2.64691679e-04 -6.69188427e-03
6.32383918e-03 2.67599988e-04 -6.62780394e-03
6.29511347e-03 2.70387323e-04 -6.56493792e-03
6.26656676e-03 2.73051985e-04 -6.50327264e-03
6.23819556e-03 2.75592414e-04 -6.44279485e-03
6.20999639e-03 2.78007197e-04 -6.38349164e-03
6.18196587e-03 2.80295069e-04 -6.32535045e-03
6.15410061e-03 2.82454911e-04 -6.26835904e-03
6.12639728e-03 2.84485760e-04 -6.21250548e-03
6.09885261e-03 2.86386803e-04 -6.15777817e-03
6.07146334e-03 2.88157382e-04 -6.10416583e-03
6.04422627e-03 2.89796994e-04 -6.05165748e-03
6.01713822e-03 2.91305294e-04 -6.00024242e-03
5.99019605e-03 2.92682093e-04 -5.94991029e-03
5.96339668e-03 2.93927362e-04 -5.90065096e-03
5.93673705e-03 2.95041229e-04 -5.85245462e-03
5.91021413e-03 2.96023979e-04 -5.80531171e-03
5.88382494e-03 2.96876057e-04 -5.75921295e-03
5.85756653e-03 2.97598067e-04 -5.71414931e-03
5.83143599e-03 2.98190768e-04 -5.67011199e-03
5.80543045e-03 2.98655076e-04 -5.62709246e-03
5.77954708e-03 2.98992065e-04 -5.58508240e-03
5.75378308e-03 2.99202959e-04 -5.54407371e-03
5.72813571e-03 2.99289141e-04 -5.50405850e-03
5.70260224e-03 2.99252139e-04 -5.46502909e-03
5.67718000e-03 2.99093635e-04 -5.42697800e-03
5.65186636e-03 2.98815457e-04 -5.38989791e-03
5.62665873e-03 2.98419579e-04 -5.35378168e-03
5.60155457e-03 2.97908117e-04 -5.31862233e-03
5.57655137e-03 2.97283329e-04 -5.28441303e-03
5.55164668e-03 2.96547608e-04 -5.25114709e-03
5.52683808e-03 2.95703484e-04 -5.21881795e-03
5.50212322e-03 2.94753618e-04 -5.18741916e-03
5.47749977e-03 2.93700799e-04 -5.15694437e-03
5.45296547e-03 2.92547942e-04 -5.12738733e-03
5.42851810e-03 2.91298083e-04 -5.09874188e-03
5.40415548e-03 2.89954376e-04 -5.07100191e-03
5.37987551e-03 2.88520088e-04 -5.04416138e-03
5.35567611e-03 2.86998596e-04 -5.01821430e-03
5.33155527e-03 2.85393386e-04 -4.99315469e-03
5.30751104e-03 2.83708043e-04 -4.96897663e-03
5.28354150e-03 2.81946249e-04 -4.94567417e-03
5.25964480e-03 2.80111783e-04 -4.92324139e-03
5.23581916e-03 2.78208510e-04 -4.90167235e-03
5.21206283e-03 2.76240381e-04 -4.88096107e-03
5.18837414e-03 2.74211424e-04 -4.86110156e-03
5.16475146e-03 2.72125746e-04 -4.84208776e-03
5.14119322e-03 2.69987523e-04 -4.82391356e-03
5.11769793e-03 2.67800996e-04 -4.80657281e-03
5.09426414e-03 2.65570468e-04 -4.79005923e-03
5.07089047e-03 2.63300300e-04 -4.77436650e-03
5.04757559e-03 2.60994900e-04 -4.75948818e-03
5.02431825e-03 2.58658728e-04 -4.74541772e-03
5.00111726e-03 2.56296282e-04 -4.73214847e-03
4.97797148e-03 2.53912100e-04 -4.71967364e-03
4.95487985e-03 2.51510749e-04 -4.70798633e-03
4.93184135e-03 2.49096827e-04 -4.69707948e-03
4.90885507e-03 2.46674953e-04 -4.68694590e-03
4.88592012e-03 2.44249763e-04 -4.67757823e-03
4.86303570e-03 2.41825909e-04 -4.66896896e-03
4.84020109e-03 2.39408048e-04 -4.66111042e-03
4.81741561e-03 2.37000844e-04 -4.65399477e-03
4.79467866e-03 2.34608960e-04 -4.64761399e-03
4.77198973e-03 2.32237052e-04 -4.64195990e-03
4.74934835e-03 2.29889769e-04 -4.63702411e-03
4.72675414e-03 2.27571744e-04 -4.63279808e-03
4.70420679e-03 2.25287593e-04 -4.62927306e-03
4.68170606e-03 2.23041909e-04 -4.62644013e-03
4.65925178e-03 2.20839257e-04 -4.62429018e-03
4.63684386e-03 2.18684175e-04 -4.62281392e-03
4.61448229e-03 2.16581163e-04 -4.62200185e-03
4.59216712e-03 2.14534683e-04 -4.62184431e-03
4.56989850e-03 2.12549155e-04 -4.62233146e-03
4.54767663e-03 2.10628954e-04 -4.62345325e-03
4.52550181e-03 2.08778403e-04 -4.62519948e-03
4.50337440e-03 2.07001772e-04 -4.62755978e-03
4.48129487e-03 2.05303277e-04 -4.63052359e-03
4.45926373e-03 2.03687070e-04 -4.63408019e-03
4.43728160e-03 2.02157243e-04 -4.63821872e-03
4.41534916e-03 2.00717820e-04 -4.64292814e-03
4.39346719e-03 1.99372756e-04 -4.64819728e-03
4.37163654e-03 1.98125933e-04 -4.65401484e-03
4.34985816e-03 1.96981160e-04 -4.66036937e-03
4.32813305e-03 1.95942164e-04 -4.66724930e-03
4.30646231e-03 1.95012596e-04 -4.67464296e-03
4.28484714e-03 1.94196022e-04 -4.68253854e-03
4.26328880e-03 1.93495922e-04 -4.69092417e-03
4.24178864e-03 1.92915689e-04 -4.69978789e-03
