0.00000000e+00 0.00000000e+00 0.00000000e+00
0.00000000e+00 0.00000000e+00 0.00000000e+00
0.00000000e+00 0.00000000e+00 0.00000000e+00
0.00000000e+00 0.00000000e+00 0.00000000e+00
0.00000000e+00 0.00000000e+00 0.00000000e+00
0.00000000e+00 0.00000000e+00 0.00000000e+00
0.00000000e+00 0.00000000e+00 0.00000000e+00
1.84720711e-41 3.17379106e-41 -7.01641429e-41
1.60305857e-38 2.87505939e-38 -6.21673417e-38
1.99422368e-36 3.68353266e-36 -7.84333190e-36
9.42561668e-35 1.78483277e-34 -3.75175036e-34
2.40698139e-33 4.66514922e-33 -9.69054252e-33
3.96033526e-32 7.85587328e-32 -1.61309727e-31
4.65500487e-31 9.45940569e-31 -1.91979913e-30
4.17765400e-30 8.71279689e-30 -1.74688456e-29
2.99610605e-29 6.43090476e-29 -1.27273291e-28
1.77365788e-28 3.93343448e-28 -7.67506344e-28
8.87278951e-28 2.04403810e-27 -3.92590766e-27
3.81448546e-27 9.19676757e-27 -1.73490693e-26
1.42531466e-26 3.63478621e-26 -6.71454546e-26
4.65640086e-26 1.27571524e-25 -2.29824176e-25
1.32898396e-25 4.00756990e-25 -6.99942377e-25
3.27523729e-25 1.13247468e-24 -1.90067313e-24
6.72326003e-25 2.88385055e-24 -4.58580087e-24
1.02259317e-24 6.60139050e-24 -9.70272489e-24
4.99534746e-25 1.34554410e-23 -1.73871744e-23
-3.87580829e-24 2.38453534e-23 -2.37636167e-23
-2.00585402e-23 3.44985223e-23 -1.33113881e-23
-6.61608361e-23 3.20753128e-23 5.60955405e-23
-1.78304247e-22 -1.83693317e-23 2.77587279e-22
-4.19910380e-22 -1.90419261e-22 8.27005392e-22
-8.87658088e-22 -6.15221945e-22 1.98948344e-21
-1.70335547e-21 -1.49081300e-21 4.15009213e-21
-2.97308316e-21 -3.05825484e-21 7.69226675e-21
-4.68778910e-21 -5.50699664e-21 1.27225330e-20
-6.53881556e-21 -8.76260292e-21 1.85323955e-20
-7.63683164e-21 -1.21176921e-20 2.27467399e-20
-6.16461652e-21 -1.37085100e-20 2.02288433e-20
9.27606858e-22 -9.93229581e-21 2.04650544e-21
1.79609556e-20 4.94702225e-21 -4.48436743e-20
4.99451832e-20 3.85589111e-20 -1.36119096e-19
1.00916006e-19 9.89126474e-20 -2.85403705e-19
1.70740443e-19 1.90880274e-19 -4.94929430e-19
2.50160411e-19 3.10103028e-19 -7.40730340e-19
3.14392330e-19 4.34316994e-19 -9.53169592e-19
3.16541617e-19 5.13208243e-19 -9.96429731e-19
1.83391276e-19 4.59589425e-19 -6.54553128e-19
-1.82422291e-19 1.46752158e-19 3.63909616e-19
-8.88655556e-19 -5.81188598e-19 2.38689755e-18
-2.02269656e-18 -1.87809311e-18 5.68884496e-18
-3.59989229e-18 -3.83682613e-18 1.03374738e-17
-5.49117022e-18 -6.39973534e-18 1.59773775e-17
-7.33738406e-18 -9.24403434e-18 2.15720558e-17
-8.46803719e-18 -1.16601044e-17 2.51568021e-17
-7.85411802e-18 -1.24566001e-17 2.36912132e-17
-4.13626245e-18 -9.94274663e-18 1.31346520e-17
4.22349437e-18 -2.05081276e-18 -1.11108161e-17
1.86204238e-17 1.33357373e-17 -5.32524766e-17
3.97872208e-17 3.77974407e-17 -1.15567287e-16
6.70823148e-17 7.15243124e-17 -1.96291161e-16
9.76496439e-17 1.12243444e-16 -2.87126803e-16
1.25587661e-16 1.54071075e-16 -3.70781575e-16
1.41349182e-16 1.86538963e-16 -4.19195418e-16
1.31671305e-16 1.94151900e-16 -3.93346861e-16
8.03837951e-17 1.56913672e-16 -2.45666417e-16
-2.95616476e-17 5.22795584e-17 7.39384250e-17
-2.12587594e-16 -1.41080923e-16 6.07714417e-16
-4.75452606e-16 -4.37528046e-16 1.37520086e-15
-8.10927331e-16 -8.36865050e-16 2.35464661e-15
-1.19084772e-15 -1.31556842e-15 3.46270221e-15
-1.55969085e-15 -1.81807336e-15 4.53580029e-15
-1.83030364e-15 -2.24997444e-15 5.31804473e-15
-1.88380505e-15 -2.47554486e-15 5.46153946e-15
-1.57585912e-15 -2.32229961e-15 4.54554945e-15
-7.51349818e-16 -1.59527094e-15 2.12032372e-15
7.31138899e-16 -1.03074157e-16 -2.22051549e-15
2.96480492e-15 2.30339616e-15 -8.73862606e-15
5.95156959e-15 5.68073158e-15 -1.74253795e-14
9.55419277e-15 9.93489467e-15 -2.78633128e-14
1.34497889e-14 1.47618895e-14 -3.90931334e-14
1.70934741e-14 1.95969961e-14 -4.95119781e-14
1.97029438e-14 2.35850850e-14 -5.68344187e-14
2.02759131e-14 2.55862995e-14 -5.81506443e-14
1.76520064e-14 2.42315507e-14 -5.01147891e-14
1.06283666e-14 1.80402021e-14 -2.92891157e-14
-1.86640157e-15 5.60752337e-15 7.34429980e-15
-2.05424732e-14 -1.41382564e-14 6.17138927e-14
-4.54751777e-14 -4.16200675e-14 1.33868086e-13
-7.58106057e-14 -7.62609421e-14 2.21133358e-13
-1.09485409e-13 -1.16135509e-13 3.17324267e-13
-1.43006894e-13 -1.57675472e-13 4.12140123e-13
-1.71348145e-13 -1.95491778e-13 4.90906479e-13
-1.88017022e-13 -2.22382735e-13 5.34829535e-13
-1.85355489e-13 -2.29596738e-13 5.21922085e-13
-1.55114973e-13 -2.07408361e-13 4.28726049e-13
-8.93332368e-14 -1.46045703e-13 2.32895453e-13
1.84919620e-14 -3.69743931e-14 -8.33855824e-14
1.71976520e-13 1.25499951e-13 -5.29290200e-13
3.70261524e-13 3.42401669e-13 -1.10081599e-12
6.06403361e-13 6.08176244e-13 -1.77624908e-12
8.65931848e-13 9.08909490e-13 -2.51217904e-12
1.12580719e-12 1.22093256e-12 -3.24073129e-12
1.35403353e-12 1.51010691e-12 -3.86875339e-12
1.51019251e-12 1.73209677e-12 -4.27969704e-12
1.54713737e-12 1.83391893e-12 -4.33886134e-12
1.41403264e-12 1.75700522e-12 -3.90249018e-12
1.06083173e-12 1.44191635e-12 -2.83094052e-12
4.44156420e-13 8.34707845e-13 -1.00576051e-12
-4.65618656e-13 -1.05228438e-13 1.64994991e-12
-1.67645836e-12 -1.39623077e-12 5.14905353e-12
-3.16651447e-12 -3.02494938e-12 9.41747781e-12
-4.87649717e-12 -4.93727334e-12 1.42731484e-11
-6.70350438e-12 -7.03063043e-12 1.94094464e-11
-8.49735939e-12 -9.14883624e-12 2.43861830e-11
-1.00605517e-11 -1.10807418e-11 2.86311726e-11
-1.11528276e-11 -1.25638998e-11 3.14553022e-11
-1.15013157e-11 -1.32943194e-11 3.20834892e-11
-1.08167921e-11 -1.29430881e-11 2.97030644e-11
-8.81627670e-12 -1.11802114e-11 2.35299068e-11
-5.25162656e-12 -7.70544567e-12 1.28911215e-11
5.68350751e-14 -2.28521577e-12 -2.67875334e-12
7.18331177e-12 5.20606457e-12 -2.33329951e-11
1.60585205e-11 1.47427627e-11 -4.88063954e-11
2.64337267e-11 2.61061634e-11 -7.83162828e-11
3.78504644e-11 3.88479403e-11 -1.10481316e-10
4.96199933e-11 5.22634445e-11 -1.43269554e-10
6.08167173e-11 6.53795625e-11 -1.73987656e-10
7.02896628e-11 7.69618278e-11 -1.99322548e-10
7.66956249e-11 8.55450234e-11 -2.15445330e-10
7.85567113e-11 8.94906228e-11 -2.18184507e-10
7.43437252e-11 8.70730761e-11 -2.03271859e-10
6.25851508e-11 7.65951633e-11 -1.66659316e-10
4.19994844e-11 5.65304514e-11 -1.04899435e-10
1.16463742e-11 2.56883974e-11 -1.55755616e-11
-2.89103939e-11 -1.66050494e-11 1.02239061e-10
-7.94374430e-11 -7.03212115e-11 2.47520697e-10
-1.38875505e-10 -1.34549243e-10 4.16866607e-10
-2.05205756e-10 -2.07338109e-10 6.04137170e-10
-2.75353568e-10 -2.85576206e-10 8.00210444e-10
-3.45144972e-10 -3.64925653e-10 9.92891947e-10
-4.09330703e-10 -4.39828038e-10 1.16702072e-09
-4.61691176e-10 -5.03597017e-10 1.30480785e-09
-4.95233030e-10 -5.48610439e-10 1.38643532e-09
-5.02483932e-10 -5.66610612e-10 1.39093159e-09
-4.75887224e-10 -5.49115920e-10 1.29732503e-09
-4.08291768e-10 -4.87940372e-10 1.08605890e-09
-2.93525334e-10 -3.75810065e-10 7.40630995e-10
-1.27032218e-10 -2.07057155e-10 2.49400130e-10
9.34520248e-11 2.16366419e-11 -3.92520777e-10
3.67223383e-10 3.10483544e-10 -1.18138557e-09
6.89971230e-10 6.55864432e-10 -2.10306899e-09
1.05322618e-09 1.04968555e-09 -3.13158781e-09
1.44394468e-09 1.47887255e-09 -4.22803195e-09
1.84428238e-09 1.92505932e-09 -5.34005092e-09
2.23160702e-09 2.36452833e-09 -6.40203530e-09
2.57879686e-09 2.76845499e-09 -7.33611865e-09
2.85486290e-09 3.10350065e-09 -8.05410087e-09
3.02592165e-09 3.33278709e-09 -8.46036048e-09
3.05653055e-09 3.41727023e-09 -8.45578032e-09
2.91138001e-09 3.31751145e-09 -7.94265952e-09
2.55731609e-09 2.99582345e-09 -6.83052645e-09
1.96564485e-09 2.41874304e-09 -5.04270408e-09
1.11464672e-09 1.55975796e-09 -2.52341386e-09
-7.79451499e-12 4.02189132e-10 7.54860438e-10
-1.40156544e-09 -1.05789509e-09 4.78408797e-09
-3.05183602e-09 -2.80887817e-09 9.51387644e-09
-4.92686435e-09 -4.82107185e-09 1.48455607e-08
-6.97625579e-09 -7.04464654e-09 2.06276523e-08
-9.12984319e-09 -9.40819839e-09 2.66531149e-08
-1.12973511e-08 -1.18181339e-08 3.26589170e-08
-1.33689951e-08 -1.41590426e-08 3.83282738e-08
-1.52171471e-08 -1.62952065e-08 4.32959273e-08
-1.66991655e-08 -1.80733670e-08 4.71567267e-08
-1.76614532e-08 -1.93268270e-08 4.94776536e-08
-1.79447561e-08 -1.98809181e-08 4.98133055e-08
-1.73906619e-08 -1.95598037e-08 4.77246891e-08
-1.58491995e-08 -1.81945256e-08 4.28010095e-08
-1.31873709e-08 -1.56321305e-08 3.46839561e-08
-9.29838765e-09 -1.17456420e-08 2.30938049e-08
-4.11131503e-09 -6.44457224e-09 7.85647645e-09
2.39923302e-09 3.14399571e-10 -1.10694762e-08
1.02037566e-08 8.51701784e-09 -3.35671223e-08
1.92093447e-08 1.80817939e-08 -5.93379361e-08
2.92524443e-08 2.88516251e-08 -8.78824722e-08
4.00934243e-08 4.05872320e-08 -1.18486327e-07
5.14134257e-08 5.29629575e-08 -1.50212762e-07
6.28139699e-08 6.55654519e-08 -1.81903278e-07
7.38197498e-08 7.78957231e-08 -2.12187309e-07
8.38849590e-08 8.93749642e-08 -2.39501971e-07
9.24034272e-08 9.93544796e-08 -2.62122579e-07
9.87227165e-08 1.07129913e-07 -2.78204281e-07
1.02162204e-07 1.11959845e-07 -2.85834826e-07
1.02035033e-07 1.13088680e-07 -2.83098038e-07
9.76736433e-08 1.09773551e-07 -2.68147119e-07
8.84584506e-08 1.01314820e-07 -2.39286455e-07
7.38490362e-08 8.70895401e-08 -1.95060104e-07
5.34170798e-08 6.65870748e-08 -1.34344670e-07
2.68800806e-08 3.94458920e-08 -5.64438683e-08
-5.86521399e-09 5.49038637e-09 3.88183553e-08
-4.47108843e-08 -3.52335550e-08 1.51009572e-07
-8.93087180e-08 -8.24256379e-08 2.79009175e-07
-1.39045255e-07 -1.35502369e-07 4.20941081e-07
-1.93022383e-07 -1.93573891e-07 5.74122684e-07
-2.50044830e-07 -2.55427946e-07 7.35033861e-07
-3.08615865e-07 -3.19522384e-07 8.99309587e-07
-3.66942351e-07 -3.83987560e-07 1.06175937e-06
-4.22950176e-07 -4.46639744e-07 1.21641625e-06
-4.74310839e-07 -5.05006511e-07 1.35661739e-06
-5.18479719e-07 -5.56364732e-07 1.47511769e-06
-5.52746253e-07 -5.97791551e-07 1.56423686e-06
-5.74295914e-07 -6.26228306e-07 1.61603940e-06
-5.80283491e-07 -6.38557006e-07 1.62254609e-06
-5.67916826e-07 -6.31688534e-07 1.57597422e-06
-5.34549721e-07 -6.02661331e-07 1.46900296e-06
-4.77782367e-07 -5.48748879e-07 1.29505888e-06
-3.95567238e-07 -4.67573856e-07 1.04861582e-06
-2.86318051e-07 -3.57226490e-07 7.25502113e-07
-1.49019056e-07 -2.16384198e-07 3.23207367e-07
1.66683555e-08 -4.44293409e-08 -1.58819749e-07
2.10304943e-07 1.58438361e-07 -7.18891905e-07
4.30582188e-07 3.91098393e-07 -1.35283119e-06
6.75243591e-07 6.51418725e-07 -2.05375462e-06
9.41022119e-07 9.36181559e-07 -2.81190666e-06
1.22359713e-06 1.24102921e-06 -3.61454809e-06
1.51757390e-06 1.56043358e-06 -4.44590989e-06
1.81648856e-06 1.88769250e-06 -5.28721987e-06
2.11284093e-06 2.21495557e-06 -6.11680896e-06
2.39815712e-06 2.53328199e-06 -6.91030212e-06
2.66308341e-06 2.83273198e-06 -7.64089796e-06
2.89751202e-06 3.10249288e-06 -8.27973845e-06
3.09073894e-06 3.33104020e-06 -8.79636908e-06
3.23165311e-06 3.50633319e-06 -9.15928673e-06
3.30895535e-06 3.61604352e-06 -9.33657109e-06
3.31140486e-06 3.64781489e-06 -9.29659258e-06
3.22809016e-06 3.58955043e-06 -9.00878792e-06
3.04872057e-06 3.42972401e-06 -8.44449194e-06
2.76393355e-06 3.15771056e-06 -7.57781225e-06
2.36561265e-06 2.76412993e-06 -6.38653156e-06
1.84721002e-06 2.24119797e-06 -4.85302055e-06
1.20406712e-06 1.58307791e-06 -2.96514281e-06
4.33726583e-07 7.86224809e-07 -7.17132189e-07
-4.63771825e-07 -1.50284844e-07 1.88957770e-06
-1.48561856e-06 -1.22444619e-06 4.84559284e-06
-2.62599230e-06 -2.43104978e-06 8.13288768e-06
-3.87585591e-06 -3.76144411e-06 1.17242440e-05
-5.22279710e-06 -5.20334432e-06 1.55828191e-05
-6.65092049e-06 -6.74069464e-06 1.96618616e-05
-8.14079680e-06 -8.35359092e-06 2.39045917e-05
-9.66947440e-06 -1.00182693e-05 2.82442591e-05
-1.12105574e-05 -1.17071658e-05 3.26043914e-05
-1.27343537e-05 -1.33890513e-05 3.68992422e-05
-1.42080948e-05 -1.50292437e-05 4.10344425e-05
-1.55962287e-05 -1.65898996e-05 4.49078607e-05
-1.68607855e-05 -1.80303857e-05 4.84106678e-05
-1.79618141e-05 -1.93077275e-05 5.14286033e-05
-1.88578863e-05 -2.03771343e-05 5.38434337e-05
-1.95066656e-05 -2.11925947e-05 5.55345901e-05
-1.98655335e-05 -2.17075380e-05 5.63809699e-05
-1.98922675e-05 -2.18755547e-05 5.62628817e-05
-1.95457622e-05 -2.16511669e-05 5.50641113e-05
-1.87867856e-05 -2.09906399e-05 5.26740821e-05
-1.75787584e-05 -1.98528244e-05 4.89900829e-05
-1.58885479e-05 -1.82000179e-05 4.39195300e-05
-1.36872642e-05 -1.59988327e-05 3.73822335e-05
-1.09510462e-05 -1.32210583e-05 2.93126319e-05
-7.66182619e-06 -9.84450513e-06 1.96619627e-05
-3.80806051e-06 -5.85381583e-06 8.40033244e-06
6.14585428e-07 -1.24123160e-06 -4.48134629e-06
5.60261001e-06 3.99269964e-06 -1.89695852e-05
1.11441168e-05 9.83848552e-06 -3.50267488e-05
1.72183353e-05 1.62771335e-05 -5.25897110e-05
2.37952295e-05 2.32796877e-05 -7.15687656e-05
3.08352048e-05 3.08068687e-05 -9.18468164e-05
3.82889174e-05 3.88088229e-05 -1.13278864e-04
4.60971949e-05 4.72249901e-05 -1.35691810e-04
5.41910707e-05 5.59840936e-05 -1.58884581e-04
6.24919348e-05 6.50042567e-05 -1.82628598e-04
7.09118033e-05 7.41932467e-05 -2.06668571e-04
7.93537050e-05 8.34488484e-05 -2.30723634e-04
8.77121827e-05 9.26593625e-05 -2.54488808e-04
9.58739065e-05 1.01704228e-04 -2.77636777e-04
1.03718391e-04 1.10454760e-04 -2.99819973e-04
1.11118814e-04 1.18775002e-04 -3.20672923e-04
1.17942921e-04 1.26522674e-04 -3.39814874e-04
1.24054012e-04 1.33550215e-04 -3.56852626e-04
1.29311996e-04 1.39705907e-04 -3.71383565e-04
1.33574505e-04 1.44835061e-04 -3.82998863e-04
1.36698045e-04 1.48781260e-04 -3.91286788e-04
1.38539184e-04 1.51387638e-04 -3.95836108e-04
1.38955752e-04 1.52498184e-04 -3.96239531e-04
1.37808039e-04 1.51959052e-04 -3.92097147e-04
1.34959988e-04 1.49619864e-04 -3.83019837e-04
1.30280350e-04 1.45334987e-04 -3.68632588e-04
1.23643804e-04 1.38964771e-04 -3.48577696e-04
1.14932018e-04 1.30376734e-04 -3.22517809e-04
1.04034645e-04 1.19446677e-04 -2.90138765e-04
9.08502338e-05 1.06059718e-04 -2.51152210e-04
7.52870500e-05 9.01112258e-05 -2.05297941e-04
5.72638001e-05 7.15076594e-05 -1.52345978e-04
3.67102402e-05 5.01672805e-05 -9.20983006e-05
1.35676724e-05 2.60207492e-05 -2.43902704e-05
-1.22106827e-05 -9.88412110e-07 5.09083067e-05
-4.06594382e-05 -3.09034905e-05 1.33892473e-04
-7.18009215e-05 -6.37543914e-05 2.24621781e-04
-1.05645183e-04 -9.95575887e-05 3.23120319e-04
-1.42190136e-04 -1.38316213e-04 4.29377110e-04
-1.81421814e-04 -1.80020279e-04 5.43346861e-04
-2.23314759e-04 -2.24647046e-04 6.64951068e-04
-2.67832522e-04 -2.72161506e-04 7.94079447e-04
-3.14928269e-04 -3.22516998e-04 9.30591684e-04
-3.64545494e-04 -3.75655933e-04 1.07431947e-03
-4.16618822e-04 -4.31510626e-04 1.22506881e-03
-4.71074897e-04 -4.90004221e-04 1.38262256e-03
-5.27833335e-04 -5.51051698e-04 1.54674316e-03
-5.86807746e-04 -6.14560959e-04 1.71717559e-03
-6.47906798e-04 -6.80433962e-04 1.89365038e-03
-7.11035319e-04 -7.48567905e-04 2.07588683e-03
-7.76095423e-04 -8.18856446e-04 2.26359619e-03
-8.42987646e-04 -8.91190935e-04 2.45648496e-03
-9.11612083e-04 -9.65461652e-04 2.65425814e-03
-9.81869508e-04 -1.04155904e-03 2.85662246e-03
-1.05366247e-03 -1.11937493e-03 3.06328956e-03
-1.12689637e-03 -1.19880367e-03 3.27397902e-03
-1.20148045e-03 -1.27974332e-03 3.48842129e-03
-1.27732876e-03 -1.36209670e-03 3.70636050e-03
-1.35436108e-03 -1.44577238e-03 3.92755700e-03
-1.43250371e-03 -1.53068565e-03 4.15178977e-03
-1.51169022e-03 -1.61675938e-03 4.37885859e-03
-1.59186215e-03 -1.70392475e-03 4.60858593e-03
-1.67296951e-03 -1.79212196e-03 4.84081867e-03
-1.75497133e-03 -1.88130076e-03 5.07542945e-03
-1.83783600e-03 -1.97142100e-03 5.31231784e-03
-1.92154159e-03 -2.06245291e-03 5.55141120e-03
-2.00607603e-03 -2.15437744e-03 5.79266526e-03
-2.09143719e-03 -2.24718638e-03 6.03606446e-03
-2.17763294e-03 -2.34088245e-03 6.28162201e-03
-2.26468104e-03 -2.43547923e-03 6.52937964e-03
-2.35260896e-03 -2.53100108e-03 6.77940723e-03
-2.44145366e-03 -2.62748286e-03 7.03180207e-03
-2.53126126e-03 -2.72496968e-03 7.28668798e-03
-2.62208663e-03 -2.82351646e-03 7.54421420e-03
-2.71399296e-03 -2.92318749e-03 7.80455413e-03
-2.80705123e-03 -3.02405594e-03 8.06790385e-03
-2.90133966e-03 -3.12620322e-03 8.33448052e-03
-2.99694309e-03 -3.22971838e-03 8.60452069e-03
-3.09395237e-03 -3.33469742e-03 8.87827843e-03
-3.19246364e-03 -3.44124259e-03 9.15602345e-03
-3.29257773e-03 -3.54946164e-03 9.43803911e-03
-3.39439935e-03 -3.65946707e-03 9.72462045e-03
-3.49803648e-03 -3.77137537e-03 1.00160721e-02
-3.60359963e-03 -3.88530623e-03 1.03127062e-02
-3.71120112e-03 -4.00138179e-03 1.06148407e-02
-3.82095443e-03 -4.11972587e-03 1.09227967e-02
-3.93297352e-03 -4.24046326e-03 1.12368974e-02
-4.04737219e-03 -4.36371894e-03 1.15574655e-02
-4.16426346e-03 -4.48961746e-03 1.18848216e-02
-4.28375900e-03 -4.61828223e-03 1.22192829e-02
-4.40596858e-03 -4.74983493e-03 1.25611609e-02
-4.53099955e-03 -4.88439490e-03 1.29107604e-02
-4.65895637e-03 -5.02207862e-03 1.32683780e-02
-4.78994022e-03 -5.16299920e-03 1.36343009e-02
-4.92404856e-03 -5.30726592e-03 1.40088053e-02
-5.06137484e-03 -5.45498385e-03 1.43921561e-02
-5.20200815e-03 -5.60625349e-03 1.47846054e-02
-5.34603304e-03 -5.76117043e-03 1.51863921e-02
-5.49352921e-03 -5.91982511e-03 1.55977409e-02
-5.64457145e-03 -6.08230260e-03 1.60188620e-02
-5.79922941e-03 -6.24868244e-03 1.64499509e-02
-5.95756757e-03 -6.41903847e-03 1.68911876e-02
-6.11964513e-03 -6.59343876e-03 1.73427364e-02
-6.28551606e-03 -6.77194555e-03 1.78047466e-02
-6.45522900e-03 -6.95461527e-03 1.82773512e-02
-6.62882738e-03 -7.14149846e-03 1.87606681e-02
-6.80634942e-03 -7.33263991e-03 1.92547995e-02
-6.98782826e-03 -7.52807867e-03 1.97598326e-02
-7.17329198e-03 -7.72784815e-03 2.02758395e-02
-7.36276376e-03 -7.93197622e-03 2.08028774e-02
-7.55626203e-03 -8.14048537e-03 2.13409894e-02
-7.75380051e-03 -8.35339281e-03 2.18902047e-02
-7.95538846e-03 -8.57071062e-03 2.24505387e-02
-8.16103073e-03 -8.79244593e-03 2.30219937e-02
-8.37072798e-03 -9.01860107e-03 2.36045593e-02
-8.58447677e-03 -9.24917371e-03 2.41982128e-02
-8.80226972e-03 -9.48415706e-03 2.48029195e-02
-9.02409569e-03 -9.72353999e-03 2.54186335e-02
-9.24993985e-03 -9.96730720e-03 2.60452975e-02
-9.47978384e-03 -1.02154394e-02 2.66828436e-02
-9.71360591e-03 -1.04679134e-02 2.73311939e-02
-9.95138097e-03 -1.07247021e-02 2.79902600e-02
-1.01930807e-02 -1.09857752e-02 2.86599443e-02
-1.04386738e-02 -1.12510983e-02 2.93401395e-02
-1.06881258e-02 -1.15206341e-02 3.00307294e-02
-1.09413991e-02 -1.17943416e-02 3.07315887e-02
-1.11984536e-02 -1.20721766e-02 3.14425835e-02
-1.14592458e-02 -1.23540919e-02 3.21635712e-02
-1.17237299e-02 -1.26400369e-02 3.28944010e-02
-1.19918567e-02 -1.29299580e-02 3.36349135e-02
-1.22635745e-02 -1.32237984e-02 3.43849411e-02
-1.25388289e-02 -1.35214983e-02 3.51443080e-02
-1.28175622e-02 -1.38229947e-02 3.59128301e-02
-1.30997144e-02 -1.41282217e-02 3.66903151e-02
-1.33852221e-02 -1.44371101e-02 3.74765623e-02
-1.36740194e-02 -1.47495876e-02 3.82713629e-02
-1.39660372e-02 -1.50655787e-02 3.90744993e-02
-1.42612035e-02 -1.53850050e-02 3.98857458e-02
-1.45594432e-02 -1.57077843e-02 4.07048677e-02
-1.48606783e-02 -1.60338317e-02 4.15316220e-02
-1.51648275e-02 -1.63630585e-02 4.23657565e-02
-1.54718064e-02 -1.66953728e-02 4.32070103e-02
-1.57815272e-02 -1.70306792e-02 4.40551132e-02
-1.60938989e-02 -1.73688789e-02 4.49097862e-02
-1.64088275e-02 -1.77098695e-02 4.57707406e-02
-1.67262150e-02 -1.80535450e-02 4.66376786e-02
-1.70459606e-02 -1.83997958e-02 4.75102926e-02
-1.73679596e-02 -1.87485084e-02 4.83882657e-02
-1.76921040e-02 -1.90995659e-02 4.92712711e-02
-1.80182823e-02 -1.94528475e-02 5.01589724e-02
-1.83463794e-02 -1.98082285e-02 5.10510235e-02
-1.86762767e-02 -2.01655806e-02 5.19470681e-02
-1.90078521e-02 -2.05247716e-02 5.28467405e-02
-1.93409796e-02 -2.08856653e-02 5.37496648e-02
-1.96755300e-02 -2.12481221e-02 5.46554556e-02
-2.00113705e-02 -2.16119980e-02 5.55637174e-02
-2.03483646e-02 -2.19771457e-02 5.64740453e-02
-2.06863723e-02 -2.23434138e-02 5.73860246e-02
-2.10252502e-02 -2.27106473e-02 5.82992309e-02
-2.13648515e-02 -2.30786873e-02 5.92132306e-02
-2.17050260e-02 -2.34473714e-02 6.01275809e-02
-2.20456199e-02 -2.38165335e-02 6.10418295e-02
-2.23864764e-02 -2.41860039e-02 6.19555157e-02
-2.27274354e-02 -2.45556094e-02 6.28681695e-02
-2.30683337e-02 -2.49251735e-02 6.37793130e-02
-2.34090050e-02 -2.52945162e-02 6.46884595e-02
-2.37492799e-02 -2.56634543e-02 6.55951147e-02
-2.40889863e-02 -2.60318015e-02 6.64987764e-02
-2.44279493e-02 -2.63993684e-02 6.73989350e-02
-2.47659913e-02 -2.67659628e-02 6.82950739e-02
-2.51029321e-02 -2.71313895e-02 6.91866696e-02
-2.54385891e-02 -2.74954507e-02 7.00731924e-02
-2.57727775e-02 -2.78579462e-02 7.09541064e-02
-2.61053101e-02 -2.82186730e-02 7.18288700e-02
-2.64359978e-02 -2.85774262e-02 7.26969367e-02
-2.67646494e-02 -2.89339986e-02 7.35577546e-02
-2.70910722e-02 -2.92881812e-02 7.44107679e-02
-2.74150718e-02 -2.96397628e-02 7.52554164e-02
-2.77364520e-02 -2.99885310e-02 7.60911368e-02
-2.80550158e-02 -3.03342718e-02 7.69173622e-02
-2.83705647e-02 -3.06767696e-02 7.77335237e-02
-2.86828992e-02 -3.10158080e-02 7.85390497e-02
-2.89918192e-02 -3.13511696e-02 7.93333673e-02
-2.92971237e-02 -3.16826362e-02 8.01159025e-02
-2.95986113e-02 -3.20099888e-02 8.08860805e-02
-2.98960803e-02 -3.23330085e-02 8.16433264e-02
-3.01893288e-02 -3.26514757e-02 8.23870659e-02
-3.04781551e-02 -3.29651710e-02 8.31167254e-02
-3.07623575e-02 -3.32738754e-02 8.38317330e-02
-3.10417349e-02 -3.35773701e-02 8.45315186e-02
-3.13160866e-02 -3.38754367e-02 8.52155148e-02
-3.15852129e-02 -3.41678580e-02 8.58831573e-02
-3.18489148e-02 -3.44544176e-02 8.65338854e-02
-3.21069947e-02 -3.47349003e-02 8.71671426e-02
-3.23592562e-02 -3.50090925e-02 8.77823772e-02
-3.26055046e-02 -3.52767819e-02 8.83790429e-02
-3.28455466e-02 -3.55377585e-02 8.89565991e-02
-3.30791911e-02 -3.57918139e-02 8.95145118e-02
-3.33062492e-02 -3.60387423e-02 9.00522540e-02
-3.35265339e-02 -3.62783402e-02 9.05693060e-02
-3.37398611e-02 -3.65104068e-02 9.10651567e-02
-3.39460492e-02 -3.67347444e-02 9.15393031e-02
-3.41449195e-02 -3.69511580e-02 9.19912518e-02
-3.43362964e-02 -3.71594562e-02 9.24205190e-02
-3.45200075e-02 -3.73594512e-02 9.28266313e-02
-3.46958838e-02 -3.75509586e-02 9.32091260e-02
-3.48637601e-02 -3.77337982e-02 9.35675519e-02
-3.50234750e-02 -3.79077937e-02 9.39014695e-02
-3.51748708e-02 -3.80727734e-02 9.42104520e-02
-3.53177943e-02 -3.82285698e-02 9.44940853e-02
-3.54520965e-02 -3.83750203e-02 9.47519687e-02
-3.55776330e-02 -3.85119671e-02 9.49837154e-02
-3.56942640e-02 -3.86392577e-02 9.51889531e-02
-3.58018545e-02 -3.87567445e-02 9.53673243e-02
-3.59002748e-02 -3.88642857e-02 9.55184867e-02
-3.59894000e-02 -3.89617448e-02 9.56421140e-02
-3.60691108e-02 -3.90489914e-02 9.57378958e-02
-3.61392934e-02 -3.91259008e-02 9.58055384e-02
-3.61998394e-02 -3.91923545e-02 9.58447652e-02
-3.62506463e-02 -3.92482402e-02 9.58553169e-02
-3.62916175e-02 -3.92934522e-02 9.58369519e-02
-3.63226625e-02 -3.93278911e-02 9.57894470e-02
-3.63436969e-02 -3.93514643e-02 9.57125971e-02
-3.63546426e-02 -3.93640862e-02 9.56062162e-02
-3.63554278e-02 -3.93656778e-02 9.54701372e-02
-3.63459872e-02 -3.93561675e-02 9.53042124e-02
-3.63262623e-02 -3.93354905e-02 9.51083139e-02
-3.62962012e-02 -3.93035897e-02 9.48823336e-02
-3.62557586e-02 -3.92604151e-02 9.46261835e-02
-3.62048962e-02 -3.92059243e-02 9.43397959e-02
-3.61435828e-02 -3.91400822e-02 9.40231238e-02
-3.60717939e-02 -3.90628617e-02 9.36761406e-02
-3.59895122e-02 -3.89742430e-02 9.32988410e-02
-3.58967277e-02 -3.88742144e-02 9.28912401e-02
-3.57934372e-02 -3.87627717e-02 9.24533745e-02
-3.56796451e-02 -3.86399188e-02 9.19853018e-02
-3.55553626e-02 -3.85056672e-02 9.14871007e-02
-3.54206084e-02 -3.83600365e-02 9.09588713e-02
-3.52754086e-02 -3.82030542e-02 9.04007348e-02
-3.51197962e-02 -3.80347556e-02 8.98128337e-02
-3.49538118e-02 -3.78551839e-02 8.91953318e-02
-3.47775032e-02 -3.76643905e-02 8.85484139e-02
-3.45909252e-02 -3.74624343e-02 8.78722859e-02
-3.43941402e-02 -3.72493825e-02 8.71671747e-02
-3.41872175e-02 -3.70253097e-02 8.64333279e-02
-3.39702337e-02 -3.67902986e-02 8.56710141e-02
-3.37432724e-02 -3.65444395e-02 8.48805219e-02
-3.35064243e-02 -3.62878305e-02 8.40621608e-02
-3.32597871e-02 -3.60205773e-02 8.32162599e-02
-3.30034655e-02 -3.57427929e-02 8.23431685e-02
-3.27375707e-02 -3.54545980e-02 8.14432553e-02
-3.24622209e-02 -3.51561206e-02 8.05169083e-02
-3.21775411e-02 -3.48474960e-02 7.95645347e-02
-3.18836625e-02 -3.45288666e-02 7.85865603e-02
-3.15807229e-02 -3.42003817e-02 7.75834290e-02
-3.12688665e-02 -3.38621977e-02 7.65556030e-02
-3.09482436e-02 -3.35144778e-02 7.55035620e-02
-3.06190106e-02 -3.31573916e-02 7.44278026e-02
-3.02813299e-02 -3.27911154e-02 7.33288386e-02
-2.99353696e-02 -3.24158318e-02 7.22071996e-02
-2.95813034e-02 -3.20317294e-02 7.10634315e-02
-2.92193107e-02 -3.16390030e-02 6.98980953e-02
-2.88495760e-02 -3.12378531e-02 6.87117669e-02
-2.84722893e-02 -3.08284861e-02 6.75050366e-02
-2.80876451e-02 -3.04111134e-02 6.62785086e-02
-2.76958432e-02 -2.99859521e-02 6.50328001e-02
-2.72970878e-02 -2.95532242e-02 6.37685415e-02
-2.68915875e-02 -2.91131565e-02 6.24863748e-02
-2.64795553e-02 -2.86659806e-02 6.11869542e-02
-2.60612081e-02 -2.82119324e-02 5.98709443e-02
-2.56367670e-02 -2.77512522e-02 5.85390204e-02
-2.52064563e-02 -2.72841842e-02 5.71918677e-02
-2.47705042e-02 -2.68109764e-02 5.58301802e-02
-2.43291418e-02 -2.63318803e-02 5.44546606e-02
-2.38826034e-02 -2.58471509e-02 5.30660196e-02
-2.34311260e-02 -2.53570461e-02 5.16649748e-02
-2.29749495e-02 -2.48618267e-02 5.02522508e-02
-2.25143158e-02 -2.43617563e-02 4.88285777e-02
-2.20494691e-02 -2.38571005e-02 4.73946911e-02
-2.15806557e-02 -2.33481273e-02 4.59513312e-02
-2.11081233e-02 -2.28351066e-02 4.44992420e-02
-2.06321215e-02 -2.23183098e-02 4.30391709e-02
-2.01529007e-02 -2.17980097e-02 4.15718676e-02
-1.96707126e-02 -2.12744803e-02 4.00980841e-02
-1.91858096e-02 -2.07479965e-02 3.86185734e-02
-1.86984449e-02 -2.02188338e-02 3.71340890e-02
-1.82088718e-02 -1.96872682e-02 3.56453845e-02
-1.77173437e-02 -1.91535756e-02 3.41532126e-02
-1.72241142e-02 -1.86180322e-02 3.26583246e-02
-1.67294363e-02 -1.80809134e-02 3.11614697e-02
-1.62335627e-02 -1.75424945e-02 2.96633946e-02
-1.57367450e-02 -1.70030497e-02 2.81648422e-02
-1.52392341e-02 -1.64628522e-02 2.66665518e-02
-1.47412797e-02 -1.59221738e-02 2.51692579e-02
-1.42431300e-02 -1.53812851e-02 2.36736897e-02
-1.37450316e-02 -1.48404546e-02 2.21805707e-02
-1.32472293e-02 -1.42999491e-02 2.06906177e-02
-1.27499660e-02 -1.37600330e-02 1.92045407e-02
-1.22534821e-02 -1.32209683e-02 1.77230419e-02
-1.17580159e-02 -1.26830147e-02 1.62468154e-02
-1.12638029e-02 -1.21464286e-02 1.47765467e-02
-1.07710758e-02 -1.16114636e-02 1.33129116e-02
-1.02800644e-02 -1.10783701e-02 1.18565767e-02
-9.79099542e-03 -1.05473950e-02 1.04081977e-02
-9.30409208e-03 -1.00187816e-02 8.96841992e-03
-8.81957422e-03 -9.49276927e-03 7.53787721e-03
-8.33765801e-03 -8.96959358e-03 6.11719172e-03
-7.85855578e-03 -8.44948587e-03 4.70697343e-03
-7.38247593e-03 -7.93267315e-03 3.30781967e-03
-6.90962273e-03 -7.41937796e-03 1.92031477e-03
-6.44019621e-03 -6.90981819e-03 5.45029632e-04
-5.97439201e-03 -6.40420698e-03 -8.17478636e-04
-5.51240127e-03 -5.90275252e-03 -2.16666708e-03
-5.05441050e-03 -5.40565796e-03 -3.50200724e-03
-4.60060143e-03 -4.91312126e-03 -4.82298547e-03
-4.15115096e-03 -4.42533510e-03 -6.12910321e-03
-3.70623102e-03 -3.94248670e-03 -7.41987732e-03
-3.26600849e-03 -3.46475782e-03 -8.69484031e-03
-2.83064508e-03 -2.99232454e-03 -9.95354057e-03
-2.40029730e-03 -2.52535727e-03 -1.11955426e-02
-1.97511631e-03 -2.06402062e-03 -1.24204273e-02
-1.55524793e-03 -1.60847331e-03 -1.36277919e-02
-1.14083251e-03 -1.15886813e-03 -1.48172506e-02
-7.32004905e-04 -7.15351873e-04 -1.59884340e-02
-3.28894428e-04 -2.78065250e-04 -1.71409900e-02
6.83752141e-05 1.52857120e-04 -1.82745833e-02
4.59685944e-04 5.77286773e-04 -1.93888958e-02
8.44925348e-04 9.95101426e-04 -2.04836268e-02
1.22398670e-03 1.40618501e-03 -2.15584924e-02
1.59676899e-03 1.81042768e-03 -2.26132263e-02
1.96317691e-03 2.20772585e-03 -2.36475793e-02
2.32312090e-03 2.59798216e-03 -2.46613197e-02
2.67651709e-03 2.98110550e-03 -2.56542326e-02
3.02328736e-03 3.35701103e-03 -2.66261208e-02
3.36335927e-03 3.72562010e-03 -2.75768038e-02
3.69666608e-03 4.08686029e-03 -2.85061183e-02
4.02314670e-03 4.44066533e-03 -2.94139180e-02
4.34274567e-03 4.78697513e-03 -3.03000734e-02
4.65541313e-03 5.12573568e-03 -3.11644715e-02
4.96110477e-03 5.45689904e-03 -3.20070161e-02
5.25978177e-03 5.78042326e-03 -3.28276273e-02
5.55141079e-03 6.09627238e-03 -3.36262413e-02
5.83596387e-03 6.40441628e-03 -3.44028104e-02
6.11341838e-03 6.70483071e-03 -3.51573028e-02
6.38375696e-03 6.99749712e-03 -3.58897020e-02
6.64696745e-03 7.28240267e-03 -3.66000071e-02
6.90304281e-03 7.55954009e-03 -3.72882323e-02
7.15198104e-03 7.82890760e-03 -3.79544064e-02
7.39378510e-03 8.09050885e-03 -3.85985731e-02
7.62846280e-03 8.34435279e-03 -3.92207901e-02
7.85602675e-03 8.59045357e-03 -3.98211293e-02
8.07649422e-03 8.82883048e-03 -4.03996762e-02
8.28988708e-03 9.05950777e-03 -4.09565296e-02
8.49623167e-03 9.28251462e-03 -4.14918016e-02
8.69555872e-03 9.49788495e-03 -4.20056169e-02
8.88790320e-03 9.70565735e-03 -4.24981125e-02
9.07330428e-03 9.90587497e-03 -4.29694376e-02
9.25180513e-03 1.00985853e-02 -4.34197530e-02
9.42345288e-03 1.02838403e-02 -4.38492310e-02
9.58829848e-03 1.04616958e-02 -4.42580547e-02
9.74639655e-03 1.06322120e-02 -4.46464179e-02
9.89780531e-03 1.07954527e-02 -4.50145246e-02
1.00425864e-02 1.09514856e-02 -4.53625887e-02
1.01808048e-02 1.11003821e-02 -4.56908337e-02
1.03125288e-02 1.12422170e-02 -4.59994919e-02
1.04378296e-02 1.13770684e-02 -4.62888047e-02
1.05567814e-02 1.15050179e-02 -4.65590214e-02
1.06694614e-02 1.16261499e-02 -4.68103996e-02
1.07759492e-02 1.17405518e-02 -4.70432044e-02
1.08763272e-02 1.18483139e-02 -4.72577079e-02
1.09706803e-02 1.19495291e-02 -4.74541891e-02
1.10590954e-02 1.20442928e-02 -4.76329333e-02
1.11416620e-02 1.21327030e-02 -4.77942320e-02
1.12184713e-02 1.22148596e-02 -4.79383822e-02
1.12896167e-02 1.22908649e-02 -4.80656860e-02
1.13551933e-02 1.23608230e-02 -4.81764506e-02
1.14152980e-02 1.24248400e-02 -4.82709876e-02
1.14700290e-02 1.24830235e-02 -4.83496126e-02
1.15194864e-02 1.25354830e-02 -4.84126451e-02
1.15637711e-02 1.25823289e-02 -4.84604079e-02
1.16029856e-02 1.26236734e-02 -4.84932269e-02
1.16372334e-02 1.26596297e-02 -4.85114306e-02
1.16666189e-02 1.26903120e-02 -4.85153498e-02
1.16912473e-02 1.27158354e-02 -4.85053173e-02
1.17112247e-02 1.27363159e-02 -4.84816675e-02
1.17266578e-02 1.27518700e-02 -4.84447363e-02
1.17376538e-02 1.27626149e-02 -4.83948604e-02
1.17443203e-02 1.27686683e-02 -4.83323771e-02
1.17467652e-02 1.27701479e-02 -4.82576243e-02
1.17450967e-02 1.27671719e-02 -4.81709398e-02
1.17394230e-02 1.27598584e-02 -4.80726613e-02
1.17298523e-02 1.27483256e-02 -4.79631257e-02
1.17164930e-02 1.27326916e-02 -4.78426694e-02
1.16994529e-02 1.27130740e-02 -4.77116276e-02
1.16788399e-02 1.26895905e-02 -4.75703341e-02
1.16547612e-02 1.26623580e-02 -4.74191213e-02
1.16273239e-02 1.26314931e-02 -4.72583197e-02
1.15966344e-02 1.25971116e-02 -4.70882575e-02
1.15627985e-02 1.25593289e-02 -4.69092609e-02
1.15259214e-02 1.25182592e-02 -4.67216534e-02
1.14861073e-02 1.24740163e-02 -4.65257560e-02
1.14434600e-02 1.24267127e-02 -4.63218863e-02
1.13980819e-02 1.23764600e-02 -4.61103593e-02
1.13500749e-02 1.23233689e-02 -4.58914863e-02
1.12995396e-02 1.22675486e-02 -4.56655752e-02
1.12465755e-02 1.22091073e-02 -4.54329303e-02
1.11912811e-02 1.21481520e-02 -4.51938520e-02
1.11337536e-02 1.20847881e-02 -4.49486367e-02
1.10740888e-02 1.20191199e-02 -4.46975767e-02
1.10123816e-02 1.19512500e-02 -4.44409600e-02
1.09487250e-02 1.18812797e-02 -4.41790701e-02
1.08832111e-02 1.18093087e-02 -4.39121862e-02
1.08159302e-02 1.17354352e-02 -4.36405827e-02
1.07469713e-02 1.16597557e-02 -4.33645291e-02
1.06764217e-02 1.15823650e-02 -4.30842904e-02
1.06043674e-02 1.15033564e-02 -4.28001263e-02
1.05308927e-02 1.14228213e-02 -4.25122917e-02
1.04560801e-02 1.13408496e-02 -4.22210362e-02
1.03800108e-02 1.12575293e-02 -4.19266044e-02
1.03027639e-02 1.11729466e-02 -4.16292355e-02
1.02244173e-02 1.10871860e-02 -4.13291634e-02
1.01450468e-02 1.10003302e-02 -4.10266168e-02
1.00647267e-02 1.09124599e-02 -4.07218189e-02
9.98352955e-03 1.08236543e-02 -4.04149873e-02
9.90152599e-03 1.07339904e-02 -4.01063343e-02
9.81878508e-03 1.06435437e-02 -3.97960667e-02
9.73537407e-03 1.05523875e-02 -3.94843857e-02
9.65135843e-03 1.04605937e-02 -3.91714871e-02
9.56680190e-03 1.03682318e-02 -3.88575609e-02
9.48176644e-03 1.02753699e-02 -3.85427918e-02
9.39631228e-03 1.01820741e-02 -3.82273589e-02
9.31049787e-03 1.00884087e-02 -3.79114358e-02
9.22437994e-03 9.99443593e-03 -3.75951905e-02
9.13801348e-03 9.90021653e-03 -3.72787856e-02
9.05145178e-03 9.80580922e-03 -3.69623783e-02
8.96474641e-03 9.71127095e-03 -3.66461202e-02
8.87794726e-03 9.61665687e-03 -3.63301578e-02
8.79110256e-03 9.52202033e-03 -3.60146320e-02
8.70425886e-03 9.42741289e-03 -3.56996785e-02
8.61746111e-03 9.33288436e-03 -3.53854279e-02
8.53075266e-03 9.23848278e-03 -3.50720054e-02
8.44417524e-03 9.14425445e-03 -3.47595315e-02
8.35776905e-03 9.05024392e-03 -3.44481212e-02
8.27157277e-03 8.95649406e-03 -3.41378848e-02
8.18562353e-03 8.86304601e-03 -3.38289279e-02
8.09995701e-03 8.76993924e-03 -3.35213509e-02
8.01460745e-03 8.67721154e-03 -3.32152499e-02
7.92960764e-03 8.58489907e-03 -3.29107162e-02
7.84498900e-03 8.49303635e-03 -3.26078365e-02
7.76078157e-03 8.40165626e-03 -3.23066935e-02
7.67701408e-03 8.31079011e-03 -3.20073650e-02
7.59371393e-03 8.22046763e-03 -3.17099252e-02
7.51090726e-03 8.13071698e-03 -3.14144439e-02
7.42861896e-03 8.04156479e-03 -3.11209869e-02
7.34687270e-03 7.95303618e-03 -3.08296162e-02
7.26569100e-03 7.86515478e-03 -3.05403902e-02
7.18509517e-03 7.77794273e-03 -3.02533635e-02
7.10510542e-03 7.69142074e-03 -2.99685872e-02
7.02574085e-03 7.60560809e-03 -2.96861090e-02
6.94701950e-03 7.52052267e-03 -2.94059735e-02
6.86895835e-03 7.43618100e-03 -2.91282219e-02
6.79157334e-03 7.35259825e-03 -2.88528926e-02
6.71487944e-03 7.26978827e-03 -2.85800210e-02
6.63889062e-03 7.18776365e-03 -2.83096395e-02
6.56361993e-03 7.10653570e-03 -2.80417782e-02
6.48907945e-03 7.02611451e-03 -2.77764645e-02
6.41528037e-03 6.94650899e-03 -2.75137231e-02
6.34223300e-03 6.86772689e-03 -2.72535766e-02
6.26994677e-03 6.78977481e-03 -2.69960455e-02
6.19843024e-03 6.71265831e-03 -2.67411479e-02
6.12769117e-03 6.63638185e-03 -2.64889000e-02
6.05773649e-03 6.56094890e-03 -2.62393162e-02
5.98857231e-03 6.48636195e-03 -2.59924089e-02
5.92020398e-03 6.41262254e-03 -2.57481888e-02
5.85263607e-03 6.33973132e-03 -2.55066652e-02
5.78587240e-03 6.26768808e-03 -2.52678455e-02
5.71991603e-03 6.19649178e-03 -2.50317358e-02
5.65476931e-03 6.12614061e-03 -2.47983409e-02
5.59043386e-03 6.05663203e-03 -2.45676642e-02
5.52691063e-03 5.98796279e-03 -2.43397079e-02
5.46419984e-03 5.92012900e-03 -2.41144729e-02
5.40230106e-03 5.85312613e-03 -2.38919590e-02
5.34121319e-03 5.78694911e-03 -2.36721651e-02
5.28093449e-03 5.72159233e-03 -2.34550889e-02
5.22146257e-03 5.65704969e-03 -2.32407272e-02
5.16279444e-03 5.59331463e-03 -2.30290759e-02
5.10492648e-03 5.53038020e-03 -2.28201300e-02
5.04785451e-03 5.46823907e-03 -2.26138836e-02
4.99157374e-03 5.40688357e-03 -2.24103301e-02
4.93607886e-03 5.34630577e-03 -2.22094618e-02
4.88136398e-03 5.28649743e-03 -2.20112706e-02
4.82742271e-03 5.22745014e-03 -2.18157475e-02
4.77424816e-03 5.16915526e-03 -2.16228826e-02
4.72183293e-03 5.11160400e-03 -2.14326656e-02
4.67016919e-03 5.05478746e-03 -2.12450852e-02
4.61924863e-03 4.99869662e-03 -2.10601296e-02
4.56906255e-03 4.94332241e-03 -2.08777862e-02
4.51960183e-03 4.88865569e-03 -2.06980416e-02
4.47085699e-03 4.83468732e-03 -2.05208821e-02
4.42281819e-03 4.78140813e-03 -2.03462930e-02
4.37547526e-03 4.72880900e-03 -2.01742590e-02
4.32881775e-03 4.67688083e-03 -2.00047641e-02
4.28283493e-03 4.62561456e-03 -1.98377918e-02
4.23751581e-03 4.57500122e-03 -1.96733248e-02
4.19284920e-03 4.52503190e-03 -1.95113451e-02
4.14882371e-03 4.47569779e-03 -1.93518342e-02
4.10542780e-03 4.42699017e-03 -1.91947729e-02
4.06264978e-03 4.37890041e-03 -1.90401412e-02
4.02047786e-03 4.33142000e-03 -1.88879187e-02
3.97890018e-03 4.28454054e-03 -1.87380842e-02
3.93790483e-03 4.23825372e-03 -1.85906160e-02
3.89747986e-03 4.19255137e-03 -1.84454918e-02
3.85761335e-03 4.14742539e-03 -1.83026887e-02
3.81829340e-03 4.10286782e-03 -1.81621832e-02
3.77950816e-03 4.05887077e-03 -1.80239513e-02
3.74124587e-03 4.01542647e-03 -1.78879685e-02
3.70349489e-03 3.97252720e-03 -1.77542096e-02
3.66624370e-03 3.93016534e-03 -1.76226492e-02
3.62948091e-03 3.88833336e-03 -1.74932614e-02
3.59319535e-03 3.84702375e-03 -1.73660199e-02
3.55737600e-03 3.80622908e-03 -1.72408978e-02
3.52201207e-03 3.76594195e-03 -1.71178681e-02
3.48709299e-03 3.72615498e-03 -1.69969035e-02
3.45260844e-03 3.68686084e-03 -1.68779763e-02
3.41854834e-03 3.64805217e-03 -1.67610587e-02
3.38490288e-03 3.60972165e-03 -1.66461227e-02
3.35166253e-03 3.57186192e-03 -1.65331402e-02
3.31881805e-03 3.53446562e-03 -1.64220828e-02
3.28636046e-03 3.49752533e-03 -1.63129225e-02
3.25428111e-03 3.46103363e-03 -1.62056309e-02
3.22257162e-03 3.42498301e-03 -1.61001798e-02
3.19122392e-03 3.38936595e-03 -1.59965412e-02
3.16023022e-03 3.35417483e-03 -1.58946871e-02
3.12958303e-03 3.31940199e-03 -1.57945900e-02
3.09927516e-03 3.28503968e-03 -1.56962222e-02
3.06929969e-03 3.25108009e-03 -1.55995568e-02
3.03964997e-03 3.21751530e-03 -1.55045669e-02
3.01031963e-03 3.18433735e-03 -1.54112261e-02
2.98130254e-03 3.15153817e-03 -1.53195086e-02
2.95259283e-03 3.11910961e-03 -1.52293888e-02
2.92418484e-03 3.08704344e-03 -1.51408418e-02
2.89607315e-03 3.05533136e-03 -1.50538433e-02
2.86825254e-03 3.02396498e-03 -1.49683695e-02
2.84071796e-03 2.99293584e-03 -1.48843973e-02
2.81346455e-03 2.96223541e-03 -1.48019042e-02
2.78648760e-03 2.93185511e-03 -1.47208686e-02
2.75978254e-03 2.90178630e-03 -1.46412693e-02
2.73334491e-03 2.87202028e-03 -1.45630861e-02
2.70717039e-03 2.84254832e-03 -1.44862995e-02
2.68125470e-03 2.81336166e-03 -1.44108906e-02
2.65559366e-03 2.78445153e-03 -1.43368416e-02
2.63018314e-03 2.75580911e-03 -1.42641353e-02
2.60501905e-03 2.72742563e-03 -1.41927554e-02
2.58009730e-03 2.69929230e-03 -1.41226862e-02
2.55541383e-03 2.67140036e-03 -1.40539132e-02
2.53096456e-03 2.64374108e-03 -1.39864222e-02
2.50674538e-03 2.61630578e-03 -1.39202003e-02
2.48275216e-03 2.58908584e-03 -1.38552349e-02
2.45898071e-03 2.56207270e-03 -1.37915146e-02
2.43542679e-03 2.53525790e-03 -1.37290285e-02
2.41208606e-03 2.50863305e-03 -1.36677665e-02
2.38895414e-03 2.48218989e-03 -1.36077192e-02
2.36602654e-03 2.45592025e-03 -1.35488777e-02
2.34329867e-03 2.42981612e-03 -1.34912341e-02
2.32076587e-03 2.40386960e-03 -1.34347809e-02
2.29842334e-03 2.37807296e-03 -1.33795111e-02
2.27626619e-03 2.35241862e-03 -1.33254185e-02
2.25428942e-03 2.32689917e-03 -1.32724972e-02
2.23248792e-03 2.30150739e-03 -1.32207418e-02
2.21085645e-03 2.27623624e-03 -1.31701473e-02
2.18938970e-03 2.25107887e-03 -1.31207093e-02
2.16808221e-03 2.22602864e-03 -1.30724236e-02
2.14692845e-03 2.20107913e-03 -1.30252862e-02
2.12592277e-03 2.17622413e-03 -1.29792934e-02
2.10505944e-03 2.15145763e-03 -1.29344418e-02
2.08433264e-03 2.12677390e-03 -1.28907282e-02
2.06373646e-03 2.10216739e-03 -1.28481494e-02
2.04326493e-03 2.07763282e-03 -1.28067023e-02
2.02291202e-03 2.05316514e-03 -1.27663837e-02
2.00267162e-03 2.02875954e-03 -1.27271908e-02
1.98253761e-03 2.00441146e-03 -1.26891202e-02
1.96250381e-03 1.98011659e-03 -1.26521689e-02
1.94256404e-03 1.95587087e-03 -1.26163334e-02
1.92271207e-03 1.93167047e-03 -1.25816101e-02
1.90294171e-03 1.90751185e-03 -1.25479953e-02
1.88324675e-03 1.88339167e-03 -1.25154849e-02
1.86362100e-03 1.85930688e-03 -1.24840746e-02
1.84405833e-03 1.83525467e-03 -1.24537597e-02
1.82455261e-03 1.81123245e-03 -1.24245352e-02
1.80509781e-03 1.78723791e-03 -1.23963956e-02
1.78568793e-03 1.76326896e-03 -1.23693351e-02
1.76631706e-03 1.73932378e-03 -1.23433474e-02
1.74697937e-03 1.71540076e-03 -1.23184256e-02
1.72766913e-03 1.69149855e-03 -1.22945625e-02
1.70838071e-03 1.66761601e-03 -1.22717503e-02
1.68910860e-03 1.64375225e-03 -1.22499804e-02
1.66984742e-03 1.61990661e-03 -1.22292440e-02
1.65059190e-03 1.59607865e-03 -1.22095316e-02
1.63133694e-03 1.57226815e-03 -1.21908330e-02
1.61207757e-03 1.54847511e-03 -1.21731374e-02
1.59280897e-03 1.52469976e-03 -1.21564334e-02
1.57352650e-03 1.50094252e-03 -1.21407091e-02
1.55422566e-03 1.47720405e-03 -1.21259516e-02
1.53490215e-03 1.45348518e-03 -1.21121477e-02
1.51555184e-03 1.42978698e-03 -1.20992834e-02
1.49617077e-03 1.40611070e-03 -1.20873439e-02
1.47675518e-03 1.38245779e-03 -1.20763139e-02
1.45730150e-03 1.35882990e-03 -1.20661774e-02
1.43780634e-03 1.33522886e-03 -1.20569176e-02
1.41826653e-03 1.31165670e-03 -1.20485171e-02
1.39867907e-03 1.28811563e-03 -1.20409578e-02
1.37904118e-03 1.26460804e-03 -1.20342209e-02
1.35935029e-03 1.24113651e-03 -1.20282869e-02
1.33960401e-03 1.21770379e-03 -1.20231357e-02
1.31980016e-03 1.19431279e-03 -1.20187465e-02
1.29993680e-03 1.17096661e-03 -1.20150977e-02
1.28001215e-03 1.14766850e-03 -1.20121672e-02
1.26002466e-03 1.12442190e-03 -1.20099320e-02
1.23997300e-03 1.10123038e-03 -1.20083687e-02
1.21985602e-03 1.07809769e-03 -1.20074530e-02
1.19967280e-03 1.05502773e-03 -1.20071601e-02
1.17942263e-03 1.03202456e-03 -1.20074645e-02
1.15910500e-03 1.00909236e-03 -1.20083400e-02
1.13871960e-03 9.86235484e-04 -1.20097599e-02
1.11826634e-03 9.63458424e-04 -1.20116966e-02
1.09774534e-03 9.40765804e-04 -1.20141221e-02
1.07715693e-03 9.18162386e-04 -1.20170077e-02
1.05650164e-03 8.95653065e-04 -1.20203240e-02
1.03578022e-03 8.73242860e-04 -1.20240413e-02
1.01499360e-03 8.50936918e-04 -1.20281288e-02
9.94142958e-04 8.28740505e-04 -1.20325555e-02
9.73229654e-04 8.06659000e-04 -1.20372897e-02
9.52255265e-04 7.84697897e-04 -1.20422991e-02
9.31221576e-04 7.62862795e-04 -1.20475508e-02
9.10130579e-04 7.41159395e-04 -1.20530113e-02
8.88984477e-04 7.19593496e-04 -1.20586468e-02
8.67785680e-04 6.98170990e-04 -1.20644226e-02
8.46536808e-04 6.76897856e-04 -1.20703037e-02
8.25240690e-04 6.55780155e-04 -1.20762545e-02
8.03900364e-04 6.34824026e-04 -1.20822390e-02
7.82519078e-04 6.14035678e-04 -1.20882206e-02
7.61100287e-04 5.93421386e-04 -1.20941623e-02
7.39647657e-04 5.72987485e-04 -1.21000266e-02
7.18165062e-04 5.52740365e-04 -1.21057755e-02
6.96656584e-04 5.32686463e-04 -1.21113707e-02
6.75126513e-04 5.12832257e-04 -1.21167733e-02
6.53579346e-04 4.93184262e-04 -1.21219443e-02
6.32019787e-04 4.73749021e-04 -1.21268440e-02
6.10452744e-04 4.54533098e-04 -1.21314327e-02
5.88883329e-04 4.35543077e-04 -1.21356700e-02
5.67316858e-04 4.16785547e-04 -1.21395155e-02
5.45758847e-04 3.98267101e-04 -1.21429285e-02
5.24215009e-04 3.79994329e-04 -1.21458678e-02
5.02691257e-04 3.61973806e-04 -1.21482922e-02
4.81193694e-04 3.44212094e-04 -1.21501604e-02
4.59728618e-04 3.26715725e-04 -1.21514306e-02
4.38302514e-04 3.09491202e-04 -1.21520611e-02
4.16922049e-04 2.92544988e-04 -1.21520101e-02
3.95594074e-04 2.75883499e-04 -1.21512358e-02
3.74325615e-04 2.59513100e-04 -1.21496960e-02
3.53123872e-04 2.43440093e-04 -1.21473490e-02
3.31996212e-04 2.27670717e-04 -1.21441528e-02
3.10950163e-04 2.12211133e-04 -1.21400655e-02
2.89993412e-04 1.97067425e-04 -1.21350455e-02
2.69133796e-04 1.82245588e-04 -1.21290512e-02
2.48379300e-04 1.67751522e-04 -1.21220412e-02
2.27738045e-04 1.53591028e-04 -1.21139744e-02
2.07218285e-04 1.39769799e-04 -1.21048098e-02
1.86828401e-04 1.26293414e-04 -1.20945071e-02
1.66576889e-04 1.13167332e-04 -1.20830259e-02
1.46472359e-04 1.00396888e-04 -1.20703264e-02
1.26523520e-04 8.79872801e-05 -1.20563694e-02
1.06739179e-04 7.59435724e-05 -1.20411158e-02
8.71282257e-05 6.42706828e-05 -1.20245275e-02
6.76996303e-05 5.29733797e-05 -1.20065665e-02
4.84624304e-05 4.20562762e-05 -1.19871957e-02
2.94257236e-05 3.15238245e-05 -1.19663787e-02
1.05986585e-05 2.13803106e-05 -1.19440796e-02
-8.00957521e-06 1.16298495e-05 -1.19202633e-02
-2.63897556e-05 2.27638005e-06 -1.18948956e-02
-4.45326386e-05 -6.67633986e-06 -1.18679430e-02
-6.24289671e-05 -1.52247378e-05 -1.18393729e-02
-8.00694813e-05 -2.33654312e-05 -1.18091536e-02
-9.74449281e-05 -3.10952318e-05 -1.17772545e-02
-1.14546071e-04 -3.84111497e-05 -1.17436458e-02
-1.31363701e-04 -4.53103968e-05 -1.17082987e-02
-1.47888644e-04 -5.17903915e-05 -1.16711857e-02
-1.64111773e-04 -5.78487614e-05 -1.16322801e-02
-1.80024019e-04 -6.34833469e-05 -1.15915566e-02
-1.95616377e-04 -6.86922048e-05 -1.15489909e-02
-2.10879918e-04 -7.34736110e-05 -1.15045600e-02
-2.25805800e-04 -7.78260632e-05 -1.14582421e-02
-2.40385276e-04 -8.17482842e-05 -1.14100167e-02
-2.54609702e-04 -8.52392237e-05 -1.13598645e-02
-2.68470551e-04 -8.82980611e-05 -1.13077677e-02
-2.81959417e-04 -9.09242077e-05 -1.12537096e-02
-2.95068027e-04 -9.31173083e-05 -1.11976750e-02
-3.07788252e-04 -9.48772434e-05 -1.11396503e-02
-3.20112110e-04 -9.62041308e-05 -1.10796231e-02
-3.32031780e-04 -9.70983268e-05 -1.10175823e-02
-3.43539609e-04 -9.75604281e-05 -1.09535187e-02
-3.54628118e-04 -9.75912723e-05 -1.08874241e-02
-3.65290013e-04 -9.71919392e-05 -1.08192922e-02
-3.75518193e-04 -9.63637516e-05 -1.07491179e-02
-3.85305754e-04 -9.51082760e-05 -1.06768977e-02
-3.94646001e-04 -9.34273227e-05 -1.06026299e-02
-4.03532453e-04 -9.13229465e-05 -1.05263139e-02
-4.11958850e-04 -8.87974467e-05 -1.04479511e-02
-4.19919159e-04 -8.58533669e-05 -1.03675439e-02
-4.27407585e-04 -8.24934947e-05 -1.02850969e-02
-4.34418572e-04 -7.87208616e-05 -1.02006158e-02
-4.40946811e-04 -7.45387420e-05 -1.01141080e-02
-4.46987249e-04 -6.99506526e-05 -1.00255826e-02
-4.52535089e-04 -6.49603513e-05 -9.93504993e-03
-4.57585801e-04 -5.95718362e-05 -9.84252224e-03
-4.62135124e-04 -5.37893436e-05 -9.74801314e-03
-4.66179073e-04 -4.76173474e-05 -9.65153783e-03
-4.69713942e-04 -4.10605562e-05 -9.55311304e-03
-4.72736312e-04 -3.41239119e-05 -9.45275703e-03
-4.75243049e-04 -2.68125875e-05 -9.35048960e-03
-4.77231316e-04 -1.91319840e-05 -9.24633203e-03
-4.78698573e-04 -1.10877283e-05 -9.14030711e-03
-4.79642579e-04 -2.68567009e-06 -9.03243912e-03
-4.80061401e-04 6.06812149e-06 -8.92275378e-03
-4.79953412e-04 1.51673612e-05 -8.81127827e-03
-4.79317297e-04 2.46055513e-05 -8.69804121e-03
-4.78152056e-04 3.43759855e-05 -8.58307261e-03
-4.76457007e-04 4.44717533e-05 -8.46640387e-03
-4.74231786e-04 5.48857442e-05 -8.34806778e-03
-4.71476351e-04 6.56106525e-05 -8.22809845e-03
-4.68190988e-04 7.66389820e-05 -8.10653131e-03
-4.64376304e-04 8.79630517e-05 -7.98340310e-03
-4.60033240e-04 9.95750009e-05 -7.85875181e-03
