0.00000000e+00 0.00000000e+00 0.00000000e+00
0.00000000e+00 0.00000000e+00 0.00000000e+00
0.00000000e+00 0.00000000e+00 0.00000000e+00
0.00000000e+00 0.00000000e+00 0.00000000e+00
-1.80620601e-26 -3.12499357e-27 3.43836636e-26
-2.62430085e-24 -4.89656542e-25 5.01602107e-24
-8.25972919e-23 -1.68032475e-23 1.58628026e-22
-1.20624661e-21 -2.70604942e-22 2.32980345e-21
-1.07302200e-20 -2.69217417e-21 2.08696489e-20
-6.64573739e-20 -1.89941657e-20 1.30398128e-19
-3.08637392e-19 -1.03053694e-19 6.12664390e-19
-1.11901429e-18 -4.52959989e-19 2.25793517e-18
-3.20794311e-18 -1.67111858e-18 6.63972180e-18
-7.07332303e-18 -5.30534997e-18 1.53458004e-17
-1.02739062e-17 -1.47501328e-17 2.52914078e-17
5.26962721e-19 -3.63410708e-17 1.43210260e-17
6.71652907e-17 -7.98811024e-17 -9.16161560e-17
2.91351060e-16 -1.56817418e-16 -4.78492353e-16
8.79488708e-16 -2.72981535e-16 -1.53265467e-15
2.18931538e-15 -4.11711549e-16 -3.93835108e-15
4.74721125e-15 -5.03218084e-16 -8.72815973e-15
9.17948089e-15 -3.78454264e-16 -1.71803572e-14
1.59771243e-14 2.88348292e-16 -3.04084635e-14
2.50059274e-14 2.03442832e-15 -4.84672425e-14
3.47013353e-14 5.63345819e-15 -6.88435270e-14
4.09697420e-14 1.20501957e-14 -8.43479991e-14
3.59656083e-14 2.22750512e-14 -8.06999856e-14
7.12009150e-15 3.69898004e-14 -3.44921462e-14
-6.29726192e-14 5.60331296e-14 8.73257527e-14
-1.95016106e-13 7.76731443e-14 3.24918337e-13
-4.08970127e-13 9.77542296e-14 7.18323947e-13
-7.16842268e-13 1.08862992e-13 1.29414318e-12
-1.11216372e-12 9.97411314e-14 2.04574026e-12
-1.55688670e-12 5.52442738e-14 2.90820828e-12
-1.96765604e-12 -4.28174106e-14 3.73167419e-12
-2.20479597e-12 -2.13642403e-13 4.25921508e-12
-2.06864044e-12 -4.73991002e-13 4.11820495e-12
-1.30864490e-12 -8.33306825e-13 2.83558529e-12
3.49376068e-13 -1.28766803e-12 -1.12475406e-13
3.15393314e-12 -1.81318512e-12 -5.20858121e-12
7.25547123e-12 -2.35985168e-12 -1.27573484e-11
1.26144477e-11 -2.84722100e-12 -2.27101042e-11
1.88992554e-11 -3.16355115e-12 -3.44684628e-11
2.53898158e-11 -3.17015473e-12 -4.66966920e-11
3.09087030e-11 -2.71252670e-12 -5.71846045e-11
3.38059807e-11 -1.63934404e-12 -6.28113332e-11
3.20251204e-11 1.70399596e-13 -5.96630301e-11
2.32741141e-11 2.77303119e-12 -4.33516892e-11
5.31724512e-12 6.12096045e-12 -9.56604916e-12
-2.36113792e-11 1.00225171e-11 4.51418099e-11
-6.42909897e-11 1.41063833e-11 1.22368076e-10
-1.15935754e-10 1.77974547e-11 2.20745823e-10
-1.75621094e-10 2.03117600e-11 3.34837009e-10
-2.37803513e-10 2.06781026e-11 4.54198126e-10
-2.94039336e-10 1.77931122e-11 5.62822509e-10
-3.33014505e-10 1.05142754e-11 6.39176169e-10
-3.40990816e-10 -2.20782097e-12 6.57031899e-10
-3.02751097e-10 -2.11612550e-11 5.87263061e-10
-2.03085633e-10 -4.66771127e-11 4.00681605e-10
-2.88054168e-11 -7.84208107e-11 7.18957291e-11
2.28802457e-10 -1.15190576e-10 -4.15973073e-10
5.71240511e-10 -1.54748314e-10 -1.06602590e-09
9.90030442e-10 -1.93711673e-10 -1.86224204e-09
1.46422078e-09 -2.27537532e-10 -2.76466032e-09
1.95854060e-09 -2.50625635e-10 -3.70579761e-09
2.42259342e-09 -2.56566329e-10 -4.58906770e-09
2.79147511e-09 -2.38547889e-10 -5.28994600e-09
2.98814719e-09 -1.89926960e-10 -5.66052399e-09
2.92779751e-09 -1.04950506e-10 -5.53790714e-09
2.52427654e-09 2.03998059e-11 -4.75663070e-09
1.69851299e-09 1.87488535e-10 -3.16491072e-09
3.88598448e-10 3.94098782e-10 -6.44130901e-10
-1.43899962e-09 6.33578312e-10 2.86948119e-09
-3.77786409e-09 8.94154332e-10 7.36247826e-09
-6.57066555e-09 1.15851856e-09 1.27230058e-08
-9.69994119e-09 1.40378363e-09 1.87230004e-08
-1.29818375e-08 1.60190280e-09 2.50061525e-08
-1.61640446e-08 1.72062633e-09 3.10840223e-08
-1.89290562e-08 1.72503984e-09 3.63425178e-08
-2.09036840e-08 1.57969330e-09 4.00605412e-08
-2.16754429e-08 1.25128462e-09 4.14420007e-08
-2.08160037e-08 7.11812281e-10 3.96615654e-08
-1.79114067e-08 -5.79405139e-11 3.39235538e-08
-1.25981604e-08 -1.06477898e-09 2.35322355e-08
-4.60375227e-09 -2.29956169e-09 7.97065155e-09
6.21049455e-09 -3.73402898e-09 -1.30160963e-08
1.98068219e-08 -5.31829067e-09 -3.93381959e-08
3.59317469e-08 -6.97927612e-09 -7.04850953e-08
5.40834397e-08 -8.62043839e-09 -1.05462676e-07
7.34892599e-08 -1.01229707e-08 -1.42750462e-07
9.30968659e-08 -1.13487391e-08 -1.80285546e-07
1.11582004e-07 -1.21450573e-08 -2.15479297e-07
1.27375536e-07 -1.23513371e-08 -2.45271835e-07
1.38711492e-07 -1.18075326e-08 -2.66227705e-07
1.43696914e-07 -1.03641774e-08 -2.74674217e-07
1.40403102e-07 -7.89368464e-09 -2.66881551e-07
1.26976524e-07 -4.30245772e-09 -2.39281163e-07
1.01766284e-07 4.56758908e-10 -1.88716228e-07
6.34636170e-08 6.37295346e-09 -1.12715116e-07
1.12475674e-08 1.33660839e-08 -9.77627186e-09
-5.50701912e-08 2.12782563e-08 1.20349453e-07
-1.34909374e-07 2.98676257e-08 2.76394841e-07
-2.26802579e-07 3.88057608e-08 4.55347789e-07
-3.28303172e-07 4.76791311e-08 6.52275814e-07
-4.35928349e-07 5.59952482e-08 8.60220897e-07
-5.45145564e-07 6.31938236e-08 1.07018072e-06
-6.50409473e-07 6.86630991e-08 1.27119023e-06
-7.45255007e-07 7.17612724e-08 1.45051448e-06
-8.22450279e-07 7.18426786e-08 1.59395961e-06
-8.74210680e-07 6.82881256e-08 1.68630441e-06
-8.92472897e-07 6.05385114e-08 1.71184951e-06
-8.69224768e-07 4.81306017e-08 1.65507548e-06
-7.96883911e-07 3.07336202e-08 1.50139562e-06
-6.68715157e-07 8.18512036e-09 1.23798284e-06
-4.79274008e-07 -1.94755249e-08 8.54645043e-07
-2.24860832e-07 -5.19777538e-08 3.44718012e-07
9.60316542e-08 -8.87963025e-08 -2.94059026e-07
4.82296647e-07 -1.29135215e-07 -1.05872341e-06
9.29837348e-07 -1.71920896e-07 -1.94036458e-06
1.43125725e-06 -2.15805491e-07 -2.92353567e-06
1.97563658e-06 -2.59181606e-07 -3.98584058e-06
2.54841358e-06 -3.00208990e-07 -5.09773339e-06
3.13138736e-06 -3.36853414e-07 -6.22256271e-06
3.70285618e-06 -3.66937523e-07 -7.31688775e-06
4.23790153e-06 -3.88202958e-07 -8.33108565e-06
4.70882426e-06 -3.98382563e-07 -9.21026137e-06
5.08573430e-06 -3.95281032e-07 -9.89546151e-06
5.33729034e-06 -3.76861900e-07 -1.03251836e-05
5.43158084e-06 -3.41338388e-07 -1.04371611e-05
5.33713180e-06 -2.87265315e-07 -1.01703949e-05
5.02402208e-06 -2.13628992e-07 -9.46738888e-06
4.46508149e-06 -1.19931932e-07 -8.27654030e-06
3.63714257e-06 -6.26908641e-09 -6.55462468e-06
2.52231306e-06 1.26607545e-07 -4.26930760e-06
1.10923278e-06 2.77238980e-07 -1.40161024e-06
-6.05723605e-07 4.43426701e-07 2.05174909e-06
-2.61733763e-06 6.22219846e-07 6.07621728e-06
-4.91057182e-06 8.09923999e-07 1.06375520e-05
-7.45976717e-06 1.00213287e-06 1.56803282e-05
-1.02280501e-05 1.19378352e-06 2.11268767e-05
-1.31669821e-05 1.37923517e-06 2.68767219e-05
-1.62164822e-05 1.55237071e-06 3.28065728e-05
-1.93050443e-05 1.70671974e-06 3.87709131e-05
-2.23502690e-05 1.83560069e-06 4.46032220e-05
-2.52597192e-05 1.93227943e-06 5.01178427e-05
-2.79321023e-05 1.99014097e-06 5.51125012e-05
-3.02587763e-05 2.00287022e-06 5.93714610e-05
-3.21255637e-05 1.96463755e-06 6.26692828e-05
-3.34148556e-05 1.87028455e-06 6.47751436e-05
-3.40079743e-05 1.71550504e-06 6.54576523e-05
-3.37877611e-05 1.49701657e-06 6.44900854e-05
-3.26413437e-05 1.21271748e-06 6.16559530e-05
-3.04630372e-05 8.61825013e-07 5.67547937e-05
-2.71573223e-05 4.44990138e-07 4.96080890e-05
-2.26418459e-05 -3.56146752e-08 4.00651784e-05
-1.68503822e-05 -5.76237986e-07 2.80090552e-05
-9.73569363e-06 -1.17152479e-06 1.33619189e-05
-1.27223058e-06 -1.81452667e-06 -3.90963740e-06
8.54139022e-06 -2.49674761e-06 -2.37899233e-05
1.96801854e-05 -3.20822590e-06 -4.62100416e-05
3.20909358e-05 -3.93765122e-06 -7.10444760e-05
4.56906960e-05 -4.67251561e-06 -9.81084666e-05
6.03657242e-05 -5.39929591e-06 -1.27156250e-04
7.59708651e-05 -6.10366462e-06 -1.57880227e-04
9.23294138e-05 -6.77072545e-06 -1.89911098e-04
1.09233475e-04 -7.38526912e-06 -2.22818997e-04
1.26444830e-04 -7.93204451e-06 -2.56115633e-04
1.43696298e-04 -8.39603991e-06 -2.89257421e-04
1.60693604e-04 -8.76276878e-06 -3.21649576e-04
1.77117705e-04 -9.01855419e-06 -3.52651123e-04
1.92627561e-04 -9.15080636e-06 -3.81580756e-04
2.06863321e-04 -9.14828750e-06 -4.07723452e-04
2.19449852e-04 -9.00135859e-06 -4.30337768e-04
2.30000591e-04 -8.70220298e-06 -4.48663682e-04
2.38121635e-04 -8.24502226e-06 -4.61930877e-04
2.43416022e-04 -7.62620027e-06 -4.69367333e-04
2.45488137e-04 -6.84443172e-06 -4.70208091e-04
2.43948163e-04 -5.90081293e-06 -4.63704054e-04
2.38416517e-04 -4.79889237e-06 -4.49130681e-04
2.28528204e-04 -3.54468004e-06 -4.25796448e-04
2.13937012e-04 -2.14661517e-06 -3.93050933e-04
1.94319491e-04 -6.15492584e-07 -3.50292403e-04
1.69378654e-04 1.03565100e-06 -2.96974793e-04
1.38847338e-04 2.79168892e-06 -2.32613957e-04
1.02491182e-04 4.63559214e-06 -1.56793121e-04
6.01111771e-05 6.54864918e-06 -6.91674278e-05
1.15457478e-05 8.51071465e-06 3.05324578e-05
-4.33276603e-05 1.05004820e-05 1.42497754e-04
-1.04591506e-04 1.24957763e-05 2.66839996e-04
-1.72287608e-04 1.44738606e-05 4.03590523e-04
-2.46417124e-04 1.64117537e-05 5.52701003e-04
-3.26941068e-04 1.82865500e-05 7.14044990e-04
-4.13781323e-04 2.00757401e-05 8.87420469e-04
-5.06822166e-04 2.17575240e-05 1.07255335e-03
-6.05912244e-04 2.33111144e-05 1.26910184e-03
-7.10866987e-04 2.47170228e-05 1.47666162e-03
-8.21471410e-04 2.59573264e-05 1.69477176e-03
-9.37483270e-04 2.70159105e-05 1.92292122e-03
-1.05863651e-03 2.78786837e-05 2.16055594e-03
-1.18464495e-03 2.85337613e-05 2.40708631e-03
-1.31520618e-03 2.89716176e-05 2.66189495e-03
-1.45000559e-03 2.91852020e-05 2.92434475e-03
-1.58872044e-03 2.91700196e-05 3.19378688e-03
-1.73102401e-03 2.89241752e-05 3.46956893e-03
-1.87658971e-03 2.84483807e-05 3.75104282e-03
-2.02509503e-03 2.77459266e-05 4.03757251e-03
-2.17622545e-03 2.68226177e-05 4.32854143e-03
-2.32967817e-03 2.56866765e-05 4.62335946e-03
-2.48516550e-03 2.43486148e-05 4.92146947e-03
-2.64241813e-03 2.28210763e-05 5.22235326e-03
-2.80118804e-03 2.11186536e-05 5.52553693e-03
-2.96125109e-03 1.92576824e-05 5.83059560e-03
-3.12240924e-03 1.72560166e-05 6.13715741e-03
-3.28449253e-03 1.51327873e-05 6.44490681e-03
-3.44736050e-03 1.29081501e-05 6.75358715e-03
-3.61090343e-03 1.06030249e-05 7.06300249e-03
-3.77504304e-03 8.23883045e-06 7.37301869e-03
-3.93973293e-03 5.83721913e-06 7.68356379e-03
-4.10495860e-03 3.41981476e-06 7.99462771e-03
-4.27073714e-03 1.00795697e-06 8.30626128e-03
-4.43711659e-03 -1.37754434e-06 8.61857462e-03
-4.60417499e-03 -3.71664164e-06 8.93173498e-03
-4.77201912e-03 -5.99026659e-06 9.24596406e-03
-4.94078304e-03 -8.18052874e-06 9.56153484e-03
-5.11062634e-03 -1.02708940e-05 9.87876799e-03
-5.28173222e-03 -1.22463409e-05 1.01980280e-02
-5.45430543e-03 -1.40934942e-05 1.05197188e-02
-5.62857002e-03 -1.58007332e-05 1.08442797e-02
-5.80476703e-03 -1.73582757e-05 1.11721804e-02
-5.98315210e-03 -1.87582374e-05 1.15039163e-02
-6.16399303e-03 -1.99946649e-05 1.18400042e-02
-6.34756735e-03 -2.10635454e-05 1.21809771e-02
-6.53415990e-03 -2.19627924e-05 1.25273798e-02
-6.72406045e-03 -2.26922079e-05 1.28797643e-02
-6.91756139e-03 -2.32534248e-05 1.32386852e-02
-7.11495554e-03 -2.36498284e-05 1.36046959e-02
-7.31653402e-03 -2.38864601e-05 1.39783445e-02
-7.52258430e-03 -2.39699060e-05 1.43601698e-02
-7.73338836e-03 -2.39081709e-05 1.47506985e-02
-7.94922101e-03 -2.37105405e-05 1.51504415e-02
-8.17034836e-03 -2.33874351e-05 1.55598915e-02
-8.39702653e-03 -2.29502550e-05 1.59795205e-02
-8.62950038e-03 -2.24112224e-05 1.64097774e-02
-8.86800262e-03 -2.17832192e-05 1.68510867e-02
-9.11275287e-03 -2.10796254e-05 1.73038468e-02
-9.36395709e-03 -2.03141589e-05 1.77684285e-02
-9.62180702e-03 -1.95007186e-05 1.82451751e-02
-9.88647989e-03 -1.86532327e-05 1.87344007e-02
-1.01581382e-02 -1.77855147e-05 1.92363911e-02
-1.04369296e-02 -1.69111270e-05 1.97514030e-02
-1.07229871e-02 -1.60432548e-05 2.02796644e-02
-1.10164292e-02 -1.51945904e-05 2.08213754e-02
-1.13173602e-02 -1.43772294e-05 2.13767084e-02
-1.16258704e-02 -1.36025795e-05 2.19458091e-02
-1.19420368e-02 -1.28812812e-05 2.25287977e-02
-1.22659238e-02 -1.22231427e-05 2.31257692e-02
-1.25975832e-02 -1.16370874e-05 2.37367955e-02
-1.29370552e-02 -1.11311143e-05 2.43619259e-02
-1.32843692e-02 -1.07122720e-05 2.50011887e-02
-1.36395442e-02 -1.03866444e-05 2.56545923e-02
-1.40025894e-02 -1.01593485e-05 2.63221267e-02
-1.43735051e-02 -1.00345434e-05 2.70037646e-02
-1.47522834e-02 -1.00154501e-05 2.76994626e-02
-1.51389085e-02 -1.01043800e-05 2.84091626e-02
-1.55333577e-02 -1.03027730e-05 2.91327927e-02
-1.59356017e-02 -1.06112421e-05 2.98702687e-02
-1.63456051e-02 -1.10296256e-05 3.06214943e-02
-1.67633273e-02 -1.15570440e-05 3.13863629e-02
-1.71887222e-02 -1.21919621e-05 3.21647579e-02
-1.76217395e-02 -1.29322532e-05 3.29565534e-02
-1.80623242e-02 -1.37752675e-05 3.37616150e-02
-1.85104176e-02 -1.47178999e-05 3.45798004e-02
-1.89659568e-02 -1.57566596e-05 3.54109596e-02
-1.94288756e-02 -1.68877387e-05 3.62549352e-02
-1.98991042e-02 -1.81070795e-05 3.71115631e-02
-2.03765692e-02 -1.94104395e-05 3.79806720e-02
-2.08611941e-02 -2.07934543e-05 3.88620840e-02
-2.13528989e-02 -2.22516967e-05 3.97556143e-02
-2.18516001e-02 -2.37807319e-05 4.06610712e-02
-2.23572108e-02 -2.53761690e-05 4.15782561e-02
-2.28696406e-02 -2.70337071e-05 4.25069630e-02
-2.33887950e-02 -2.87491772e-05 4.34469785e-02
-2.39145758e-02 -3.05185792e-05 4.43980815e-02
-2.44468808e-02 -3.23381130e-05 4.53600426e-02
-2.49856033e-02 -3.42042051e-05 4.63326241e-02
-2.55306321e-02 -3.61135300e-05 4.73155795e-02
-2.60818513e-02 -3.80630268e-05 4.83086530e-02
-2.66391401e-02 -4.00499102e-05 4.93115793e-02
-2.72023723e-02 -4.20716780e-05 5.03240828e-02
-2.77714164e-02 -4.41261134e-05 5.13458779e-02
-2.83461354e-02 -4.62112836e-05 5.23766678e-02
-2.89263861e-02 -4.83255347e-05 5.34161450e-02
-2.95120193e-02 -5.04674831e-05 5.44639900e-02
-3.01028799e-02 -5.26360039e-05 5.55198718e-02
-3.06988058e-02 -5.48302165e-05 5.65834472e-02
-3.12996285e-02 -5.70494685e-05 5.76543606e-02
-3.19051729e-02 -5.92933169e-05 5.87322435e-02
-3.25152568e-02 -6.15615083e-05 5.98167149e-02
-3.31296909e-02 -6.38539581e-05 6.09073805e-02
-3.37482790e-02 -6.61707283e-05 6.20038331e-02
-3.43708175e-02 -6.85120052e-05 6.31056520e-02
-3.49970958e-02 -7.08780771e-05 6.42124031e-02
-3.56268956e-02 -7.32693118e-05 6.53236392e-02
-3.62599917e-02 -7.56861348e-05 6.64388995e-02
-3.68961514e-02 -7.81290074e-05 6.75577102e-02
-3.75351348e-02 -8.05984070e-05 6.86795838e-02
-3.81766946e-02 -8.30948072e-05 6.98040201e-02
-3.88205765e-02 -8.56186591e-05 7.09305058e-02
-3.94665191e-02 -8.81703753e-05 7.20585148e-02
-4.01142536e-02 -9.07503132e-05 7.31875083e-02
-4.07635049e-02 -9.33587617e-05 7.43169354e-02
-4.14139906e-02 -9.59959281e-05 7.54462329e-02
-4.20654220e-02 -9.86619272e-05 7.65748262e-02
-4.27175036e-02 -1.01356772e-04 7.77021288e-02
-4.33699339e-02 -1.04080365e-04 7.88275434e-02
-4.40224048e-02 -1.06832494e-04 7.99504618e-02
-4.46746028e-02 -1.09612823e-04 8.10702658e-02
-4.53262081e-02 -1.12420892e-04 8.21863268e-02
-4.59768957e-02 -1.15256113e-04 8.32980070e-02
-4.66263352e-02 -1.18117772e-04 8.44046596e-02
-4.72741908e-02 -1.21005025e-04 8.55056290e-02
-4.79201222e-02 -1.23916898e-04 8.66002517e-02
-4.85637843e-02 -1.26852297e-04 8.76878566e-02
-4.92048276e-02 -1.29810002e-04 8.87677655e-02
-4.98428985e-02 -1.32788675e-04 8.98392934e-02
-5.04776397e-02 -1.35786864e-04 9.09017497e-02
-5.11086901e-02 -1.38803006e-04 9.19544380e-02
-5.17356853e-02 -1.41835434e-04 9.29966573e-02
-5.23582582e-02 -1.44882383e-04 9.40277019e-02
-5.29760385e-02 -1.47941993e-04 9.50468627e-02
-5.35886539e-02 -1.51012317e-04 9.60534273e-02
-5.41957297e-02 -1.54091327e-04 9.70466807e-02
-5.47968895e-02 -1.57176918e-04 9.80259061e-02
-5.53917554e-02 -1.60266918e-04 9.89903854e-02
-5.59799482e-02 -1.63359089e-04 9.99393997e-02
-5.65610878e-02 -1.66451139e-04 1.00872230e-01
-5.71347939e-02 -1.69540719e-04 1.01788158e-01
-5.77006855e-02 -1.72625438e-04 1.02686468e-01
-5.82583820e-02 -1.75702861e-04 1.03566443e-01
-5.88075031e-02 -1.78770517e-04 1.04427371e-01
-5.93476696e-02 -1.81825905e-04 1.05268543e-01
-5.98785029e-02 -1.84866494e-04 1.06089254e-01
-6.03996264e-02 -1.87889734e-04 1.06888804e-01
-6.09106650e-02 -1.90893052e-04 1.07666496e-01
-6.14112458e-02 -1.93873863e-04 1.08421641e-01
-6.19009987e-02 -1.96829570e-04 1.09153557e-01
-6.23795561e-02 -1.99757565e-04 1.09861568e-01
-6.28465539e-02 -2.02655240e-04 1.10545007e-01
-6.33016315e-02 -2.05519980e-04 1.11203215e-01
-6.37444324e-02 -2.08349173e-04 1.11835544e-01
-6.41746041e-02 -2.11140211e-04 1.12441354e-01
-6.45917992e-02 -2.13890491e-04 1.13020018e-01
-6.49956749e-02 -2.16597417e-04 1.13570918e-01
-6.53858941e-02 -2.19258407e-04 1.14093450e-01
-6.57621253e-02 -2.21870890e-04 1.14587023e-01
-6.61240432e-02 -2.24432309e-04 1.15051058e-01
-6.64713288e-02 -2.26940128e-04 1.15484993e-01
-6.68036700e-02 -2.29391830e-04 1.15888277e-01
-6.71207618e-02 -2.31784917e-04 1.16260378e-01
-6.74223067e-02 -2.34116921e-04 1.16600779e-01
-6.77080151e-02 -2.36385396e-04 1.16908979e-01
-6.79776055e-02 -2.38587928e-04 1.17184495e-01
-6.82308047e-02 -2.40722133e-04 1.17426862e-01
-6.84673485e-02 -2.42785663e-04 1.17635633e-01
-6.86869818e-02 -2.44776205e-04 1.17810382e-01
-6.88894589e-02 -2.46691486e-04 1.17950701e-01
-6.90745437e-02 -2.48529274e-04 1.18056203e-01
-6.92420103e-02 -2.50287382e-04 1.18126522e-01
-6.93916431e-02 -2.51963670e-04 1.18161313e-01
-6.95232368e-02 -2.53556050e-04 1.18160252e-01
-6.96365972e-02 -2.55062483e-04 1.18123039e-01
-6.97315411e-02 -2.56480988e-04 1.18049395e-01
-6.98078966e-02 -2.57809643e-04 1.17939067e-01
-6.98655036e-02 -2.59046587e-04 1.17791823e-01
-6.99042134e-02 -2.60190022e-04 1.17607455e-01
-6.99238897e-02 -2.61238218e-04 1.17385781e-01
-6.99244082e-02 -2.62189515e-04 1.17126643e-01
-6.99056570e-02 -2.63042327e-04 1.16829907e-01
-6.98675369e-02 -2.63795142e-04 1.16495466e-01
-6.98099615e-02 -2.64446527e-04 1.16123237e-01
-6.97328569e-02 -2.64995132e-04 1.15713165e-01
-6.96361628e-02 -2.65439687e-04 1.15265218e-01
-6.95198317e-02 -2.65779013e-04 1.14779393e-01
-6.93838294e-02 -2.66012015e-04 1.14255712e-01
-6.92281352e-02 -2.66137695e-04 1.13694224e-01
-6.90527418e-02 -2.66155143e-04 1.13095004e-01
-6.88576554e-02 -2.66063550e-04 1.12458153e-01
-6.86428958e-02 -2.65862200e-04 1.11783802e-01
-6.84084965e-02 -2.65550481e-04 1.11072105e-01
-6.81545044e-02 -2.65127880e-04 1.10323244e-01
-6.78809804e-02 -2.64593990e-04 1.09537429e-01
-6.75879989e-02 -2.63948505e-04 1.08714895e-01
-6.72756478e-02 -2.63191230e-04 1.07855903e-01
-6.69440288e-02 -2.62322074e-04 1.06960743e-01
-6.65932571e-02 -2.61341056e-04 1.06029729e-01
-6.62234613e-02 -2.60248305e-04 1.05063202e-01
-6.58347835e-02 -2.59044061e-04 1.04061528e-01
-6.54273792e-02 -2.57728672e-04 1.03025099e-01
-6.50014169e-02 -2.56302602e-04 1.01954332e-01
-6.45570785e-02 -2.54766422e-04 1.00849670e-01
-6.40945584e-02 -2.53120819e-04 9.97115795e-02
-6.36140643e-02 -2.51366590e-04 9.85405519e-02
-6.31158162e-02 -2.49504642e-04 9.73371022e-02
-6.26000466e-02 -2.47535996e-04 9.61017690e-02
-6.20670005e-02 -2.45461782e-04 9.48351141e-02
-6.15169347e-02 -2.43283241e-04 9.35377216e-02
-6.09501179e-02 -2.41001721e-04 9.22101979e-02
-6.03668306e-02 -2.38618682e-04 9.08531710e-02
-5.97673643e-02 -2.36135686e-04 8.94672897e-02
-5.91520220e-02 -2.33554404e-04 8.80532235e-02
-5.85211172e-02 -2.30876608e-04 8.66116618e-02
-5.78749742e-02 -2.28104175e-04 8.51433131e-02
-5.72139275e-02 -2.25239081e-04 8.36489047e-02
-5.65383214e-02 -2.22283401e-04 8.21291819e-02
-5.58485101e-02 -2.19239304e-04 8.05849073e-02
-5.51448569e-02 -2.16109057e-04 7.90168602e-02
-5.44277343e-02 -2.12895015e-04 7.74258359e-02
-5.36975232e-02 -2.09599623e-04 7.58126447e-02
-5.29546130e-02 -2.06225415e-04 7.41781117e-02
-5.21994009e-02 -2.02775004e-04 7.25230755e-02
-5.14322917e-02 -1.99251088e-04 7.08483878e-02
-5.06536974e-02 -1.95656439e-04 6.91549125e-02
-4.98640369e-02 -1.91993906e-04 6.74435250e-02
-4.90637353e-02 -1.88266409e-04 6.57151110e-02
-4.82532238e-02 -1.84476935e-04 6.39705664e-02
-4.74329393e-02 -1.80628534e-04 6.22107957e-02
-4.66033239e-02 -1.76724321e-04 6.04367119e-02
-4.57648244e-02 -1.72767463e-04 5.86492352e-02
-4.49178921e-02 -1.68761185e-04 5.68492920e-02
-4.40629821e-02 -1.64708759e-04 5.50378148e-02
-4.32005533e-02 -1.60613504e-04 5.32157406e-02
-4.23310675e-02 -1.56478780e-04 5.13840104e-02
-4.14549893e-02 -1.52307984e-04 4.95435683e-02
-4.05727857e-02 -1.48104550e-04 4.76953607e-02
-3.96849253e-02 -1.43871938e-04 4.58403353e-02
-3.87918784e-02 -1.39613636e-04 4.39794404e-02
-3.78941160e-02 -1.35333153e-04 4.21136241e-02
-3.69921101e-02 -1.31034014e-04 4.02438331e-02
-3.60863323e-02 -1.26719757e-04 3.83710123e-02
-3.51772545e-02 -1.22393931e-04 3.64961039e-02
-3.42653476e-02 -1.18060087e-04 3.46200463e-02
-3.33510815e-02 -1.13721777e-04 3.27437734e-02
-3.24349246e-02 -1.09382549e-04 3.08682142e-02
-3.15173434e-02 -1.05045945e-04 2.89942914e-02
-3.05988019e-02 -1.00715490e-04 2.71229209e-02
-2.96797618e-02 -9.63946959e-05 2.52550111e-02
-2.87606814e-02 -9.20870533e-05 2.33914620e-02
-2.78420155e-02 -8.77960273e-05 2.15331647e-02
-2.69242152e-02 -8.35250544e-05 1.96810002e-02
-2.60077274e-02 -7.92775382e-05 1.78358393e-02
-2.50929942e-02 -7.50568455e-05 1.59985413e-02
-2.41804530e-02 -7.08663023e-05 1.41699538e-02
-2.32705357e-02 -6.67091901e-05 1.23509119e-02
-2.23636687e-02 -6.25887421e-05 1.05422373e-02
-2.14602723e-02 -5.85081396e-05 8.74473800e-03
-2.05607608e-02 -5.44705082e-05 6.95920767e-03
-1.96655416e-02 -5.04789148e-05 5.18642487e-03
-1.87750153e-02 -4.65363639e-05 3.42715266e-03
-1.78895754e-02 -4.26457942e-05 1.68213800e-03
-1.70096079e-02 -3.88100757e-05 -4.78887570e-05
-1.61354911e-02 -3.50320065e-05 -1.76221436e-03
-1.52675953e-02 -3.13143102e-05 -3.46014311e-03
-1.44062823e-02 -2.76596324e-05 -5.14099736e-03
-1.35519060e-02 -2.40705388e-05 -6.80411787e-03
-1.27048110e-02 -2.05495119e-05 -8.44886424e-03
-1.18653333e-02 -1.70989492e-05 -1.00746153e-02
-1.10337999e-02 -1.37211606e-05 -1.16807694e-02
-1.02105283e-02 -1.04183661e-05 -1.32667449e-02
-9.39582652e-03 -7.19269414e-06 -1.48319802e-02
-8.58999308e-03 -4.04617956e-06 -1.63759343e-02
-7.79331664e-03 -9.80761793e-07 -1.78980867e-02
-7.00607594e-03 2.00171662e-06 -1.93979380e-02
-6.22853969e-03 4.89951148e-06 -2.08750100e-02
-5.46096642e-03 7.71097821e-06 -2.23288457e-02
-4.70360440e-03 1.04345730e-05 -2.37590095e-02
-3.95669154e-03 1.30688538e-05 -2.51650876e-02
-3.22045534e-03 1.56124812e-05 -2.65466877e-02
-2.49511276e-03 1.80642188e-05 -2.79034394e-02
-1.78087026e-03 2.04229343e-05 -2.92349939e-02
-1.07792368e-03 2.26875995e-05 -3.05410244e-02
-3.86458263e-04 2.48572904e-05 -3.18212259e-02
2.93351393e-04 2.69311878e-05 -3.30753153e-02
9.61341323e-04 2.89085765e-05 -3.43030312e-02
1.61735819e-03 3.07888459e-05 -3.55041339e-02
2.26125927e-03 3.25714891e-05 -3.66784053e-02
2.89291242e-03 3.42561025e-05 -3.78256489e-02
3.51219604e-03 3.58423852e-05 -3.89456895e-02
4.11899902e-03 3.73301384e-05 -4.00383731e-02
4.71322066e-03 3.87192641e-05 -4.11035668e-02
5.29477065e-03 4.00097646e-05 -4.21411585e-02
5.86356891e-03 4.12017406e-05 -4.31510569e-02
6.41954557e-03 4.22953907e-05 -4.41331909e-02
6.96264083e-03 4.32910095e-05 -4.50875095e-02
7.49280484e-03 4.41889861e-05 -4.60139819e-02
8.00999762e-03 4.49898025e-05 -4.69125966e-02
8.51418889e-03 4.56940320e-05 -4.77833615e-02
9.00535796e-03 4.63023371e-05 -4.86263034e-02
9.48349355e-03 4.68154678e-05 -4.94414678e-02
9.94859369e-03 4.72342591e-05 -5.02289186e-02
1.04006655e-02 4.75596294e-05 -5.09887375e-02
1.08397251e-02 4.77925778e-05 -5.17210236e-02
1.12657974e-02 4.79341821e-05 -5.24258934e-02
1.16789157e-02 4.79855960e-05 -5.31034801e-02
1.20791221e-02 4.79480472e-05 -5.37539332e-02
1.24664665e-02 4.78228342e-05 -5.43774182e-02
1.28410071e-02 4.76113242e-05 -5.49741159e-02
1.32028098e-02 4.73149502e-05 -5.55442225e-02
1.35519482e-02 4.69352084e-05 -5.60879484e-02
1.38885031e-02 4.64736551e-05 -5.66055185e-02
1.42125627e-02 4.59319043e-05 -5.70971712e-02
1.45242221e-02 4.53116247e-05 -5.75631582e-02
1.48235831e-02 4.46145368e-05 -5.80037439e-02
1.51107539e-02 4.38424099e-05 -5.84192049e-02
1.53858493e-02 4.29970593e-05 -5.88098297e-02
1.56489898e-02 4.20803433e-05 -5.91759180e-02
1.59003020e-02 4.10941601e-05 -5.95177806e-02
1.61399179e-02 4.00404451e-05 -5.98357381e-02
1.63679750e-02 3.89211678e-05 -6.01301214e-02
1.65846157e-02 3.77383286e-05 -6.04012705e-02
1.67899876e-02 3.64939564e-05 -6.06495343e-02
1.69842426e-02 3.51901047e-05 -6.08752700e-02
1.71675373e-02 3.38288499e-05 -6.10788428e-02
1.73400322e-02 3.24122872e-05 -6.12606251e-02
1.75018920e-02 3.09425284e-05 -6.14209963e-02
1.76532849e-02 2.94216988e-05 -6.15603423e-02
1.77943827e-02 2.78519346e-05 -6.16790547e-02
1.79253603e-02 2.62353797e-05 -6.17775307e-02
1.80463958e-02 2.45741832e-05 -6.18561724e-02
1.81576698e-02 2.28704967e-05 -6.19153865e-02
1.82593656e-02 2.11264714e-05 -6.19555838e-02
1.83516690e-02 1.93442559e-05 -6.19771785e-02
1.84347676e-02 1.75259932e-05 -6.19805882e-02
1.85088510e-02 1.56738185e-05 -6.19662330e-02
1.85741105e-02 1.37898565e-05 -6.19345355e-02
1.86307390e-02 1.18762194e-05 -6.18859199e-02
1.86789303e-02 9.93500417e-06 -6.18208121e-02
1.87188795e-02 7.96829046e-06 -6.17396389e-02
1.87507826e-02 5.97813851e-06 -6.16428278e-02
1.87748360e-02 3.96658694e-06 -6.15308064e-02
1.87912369e-02 1.93565077e-06 -6.14040024e-02
1.88001823e-02 -1.12680574e-07 -6.12628427e-02
1.88018699e-02 -2.17644510e-06 -6.11077535e-02
1.87964967e-02 -4.25371009e-06 -6.09391599e-02
1.87842598e-02 -6.34257378e-06 -6.07574851e-02
1.87653559e-02 -8.44116702e-06 -6.05631506e-02
1.87399808e-02 -1.05476548e-05 -6.03565758e-02
1.87083298e-02 -1.26602379e-05 -6.01381773e-02
1.86705973e-02 -1.47771538e-05 -5.99083691e-02
1.86269764e-02 -1.68966787e-05 -5.96675619e-02
1.85776592e-02 -1.90171280e-05 -5.94161631e-02
1.85228364e-02 -2.11368581e-05 -5.91545764e-02
1.84626972e-02 -2.32542669e-05 -5.88832016e-02
1.83974292e-02 -2.53677952e-05 -5.86024344e-02
1.83272184e-02 -2.74759271e-05 -5.83126660e-02
1.82522487e-02 -2.95771915e-05 -5.80142829e-02
1.81727023e-02 -3.16701621e-05 -5.77076670e-02
1.80887591e-02 -3.37534585e-05 -5.73931950e-02
1.80005969e-02 -3.58257464e-05 -5.70712384e-02
1.79083915e-02 -3.78857387e-05 -5.67421634e-02
1.78123159e-02 -3.99321950e-05 -5.64063304e-02
1.77125410e-02 -4.19639227e-05 -5.60640944e-02
1.76092350e-02 -4.39797768e-05 -5.57158042e-02
1.75025635e-02 -4.59786604e-05 -5.53618028e-02
1.73926896e-02 -4.79595243e-05 -5.50024270e-02
1.72797734e-02 -4.99213677e-05 -5.46380074e-02
1.71639725e-02 -5.18632374e-05 -5.42688681e-02
1.70454415e-02 -5.37842284e-05 -5.38953269e-02
1.69243319e-02 -5.56834833e-05 -5.35176950e-02
1.68007927e-02 -5.75601920e-05 -5.31362771e-02
1.66749694e-02 -5.94135918e-05 -5.27513711e-02
1.65470049e-02 -6.12429667e-05 -5.23632681e-02
1.64170388e-02 -6.30476471e-05 -5.19722525e-02
1.62852077e-02 -6.48270092e-05 -5.15786020e-02
1.61516450e-02 -6.65804748e-05 -5.11825872e-02
1.60164810e-02 -6.83075103e-05 -5.07844721e-02
1.58798430e-02 -7.00076265e-05 -5.03845136e-02
1.57418550e-02 -7.16803775e-05 -4.99829616e-02
1.56026377e-02 -7.33253605e-05 -4.95800595e-02
1.54623089e-02 -7.49422145e-05 -4.91760434e-02
1.53209831e-02 -7.65306200e-05 -4.87711427e-02
1.51787715e-02 -7.80902980e-05 -4.83655799e-02
1.50357825e-02 -7.96210089e-05 -4.79595708e-02
1.48921208e-02 -8.11225520e-05 -4.75533243e-02
1.47478886e-02 -8.25947645e-05 -4.71470424e-02
1.46031843e-02 -8.40375203e-05 -4.67409208e-02
1.44581038e-02 -8.54507294e-05 -4.63351481e-02
1.43127395e-02 -8.68343368e-05 -4.59299065e-02
1.41671809e-02 -8.81883214e-05 -4.55253718e-02
1.40215145e-02 -8.95126950e-05 -4.51217131e-02
1.38758237e-02 -9.08075015e-05 -4.47190932e-02
1.37301889e-02 -9.20728156e-05 -4.43176687e-02
1.35846877e-02 -9.33087418e-05 -4.39175898e-02
1.34393946e-02 -9.45154136e-05 -4.35190006e-02
1.32943815e-02 -9.56929921e-05 -4.31220392e-02
1.31497171e-02 -9.68416651e-05 -4.27268377e-02
1.30054676e-02 -9.79616461e-05 -4.23335222e-02
1.28616964e-02 -9.90531729e-05 -4.19422132e-02
1.27184641e-02 -1.00116507e-04 -4.15530254e-02
1.25758287e-02 -1.01151933e-04 -4.11660681e-02
1.24338455e-02 -1.02159755e-04 -4.07814449e-02
1.22925674e-02 -1.03140299e-04 -4.03992542e-02
1.21520447e-02 -1.04093909e-04 -4.00195892e-02
1.20123252e-02 -1.05020950e-04 -3.96425378e-02
1.18734542e-02 -1.05921801e-04 -3.92681829e-02
1.17354748e-02 -1.06796858e-04 -3.88966026e-02
1.15984277e-02 -1.07646533e-04 -3.85278701e-02
1.14623514e-02 -1.08471252e-04 -3.81620540e-02
1.13272821e-02 -1.09271452e-04 -3.77992183e-02
1.11932537e-02 -1.10047587e-04 -3.74394226e-02
1.10602984e-02 -1.10800117e-04 -3.70827220e-02
1.09284461e-02 -1.11529514e-04 -3.67291676e-02
1.07977245e-02 -1.12236262e-04 -3.63788062e-02
1.06681597e-02 -1.12920850e-04 -3.60316810e-02
1.05397758e-02 -1.13583776e-04 -3.56878308e-02
1.04125949e-02 -1.14225545e-04 -3.53472911e-02
1.02866376e-02 -1.14846666e-04 -3.50100936e-02
1.01619225e-02 -1.15447655e-04 -3.46762665e-02
1.00384666e-02 -1.16029031e-04 -3.43458346e-02
9.91628543e-03 -1.16591317e-04 -3.40188194e-02
9.79539275e-03 -1.17135038e-04 -3.36952393e-02
9.67580088e-03 -1.17660721e-04 -3.33751097e-02
9.55752066e-03 -1.18168894e-04 -3.30584428e-02
9.44056150e-03 -1.18660086e-04 -3.27452482e-02
9.32493146e-03 -1.19134823e-04 -3.24355326e-02
9.21063727e-03 -1.19593633e-04 -3.21293004e-02
9.09768438e-03 -1.20037042e-04 -3.18265530e-02
8.98607705e-03 -1.20465570e-04 -3.15272898e-02
8.87581835e-03 -1.20879740e-04 -3.12315076e-02
8.76691021e-03 -1.21280066e-04 -3.09392012e-02
8.65935351e-03 -1.21667060e-04 -3.06503632e-02
8.55314809e-03 -1.22041231e-04 -3.03649840e-02
8.44829278e-03 -1.22403081e-04 -3.00830524e-02
8.34478549e-03 -1.22753106e-04 -2.98045551e-02
8.24262324e-03 -1.23091798e-04 -2.95294771e-02
8.14180216e-03 -1.23419640e-04 -2.92578019e-02
8.04231759e-03 -1.23737110e-04 -2.89895112e-02
7.94416408e-03 -1.24044678e-04 -2.87245854e-02
7.84733546e-03 -1.24342807e-04 -2.84630033e-02
7.75182486e-03 -1.24631952e-04 -2.82047426e-02
7.65762474e-03 -1.24912559e-04 -2.79497795e-02
7.56472694e-03 -1.25185067e-04 -2.76980892e-02
7.47312274e-03 -1.25449906e-04 -2.74496457e-02
7.38280283e-03 -1.25707496e-04 -2.72044220e-02
7.29375741e-03 -1.25958251e-04 -2.69623902e-02
7.20597620e-03 -1.26202572e-04 -2.67235214e-02
7.11944844e-03 -1.26440853e-04 -2.64877859e-02
7.03416298e-03 -1.26673480e-04 -2.62551532e-02
6.95010826e-03 -1.26900827e-04 -2.60255922e-02
6.86727237e-03 -1.27123260e-04 -2.57990711e-02
6.78564305e-03 -1.27341136e-04 -2.55755574e-02
6.70520775e-03 -1.27554803e-04 -2.53550182e-02
6.62595363e-03 -1.27764597e-04 -2.51374201e-02
6.54786760e-03 -1.27970847e-04 -2.49227293e-02
6.47093632e-03 -1.28173874e-04 -2.47109114e-02
6.39514626e-03 -1.28373987e-04 -2.45019320e-02
6.32048370e-03 -1.28571487e-04 -2.42957562e-02
6.24693475e-03 -1.28766668e-04 -2.40923490e-02
6.17448537e-03 -1.28959812e-04 -2.38916749e-02
6.10312139e-03 -1.29151195e-04 -2.36936987e-02
6.03282856e-03 -1.29341083e-04 -2.34983847e-02
5.96359250e-03 -1.29529735e-04 -2.33056974e-02
5.89539879e-03 -1.29717400e-04 -2.31156010e-02
5.82823293e-03 -1.29904320e-04 -2.29280599e-02
5.76208039e-03 -1.30090729e-04 -2.27430385e-02
5.69692661e-03 -1.30276854e-04 -2.25605012e-02
5.63275702e-03 -1.30462912e-04 -2.23804125e-02
5.56955705e-03 -1.30649114e-04 -2.22027369e-02
5.50731212e-03 -1.30835665e-04 -2.20274393e-02
5.44600772e-03 -1.31022760e-04 -2.18544847e-02
5.38562933e-03 -1.31210589e-04 -2.16838380e-02
5.32616250e-03 -1.31399332e-04 -2.15154648e-02
5.26759284e-03 -1.31589167e-04 -2.13493305e-02
5.20990600e-03 -1.31780259e-04 -2.11854010e-02
5.15308775e-03 -1.31972772e-04 -2.10236424e-02
5.09712391e-03 -1.32166858e-04 -2.08640210e-02
5.04200041e-03 -1.32362666e-04 -2.07065037e-02
4.98770327e-03 -1.32560337e-04 -2.05510574e-02
4.93421862e-03 -1.32760005e-04 -2.03976495e-02
4.88153273e-03 -1.32961797e-04 -2.02462476e-02
4.82963197e-03 -1.33165835e-04 -2.00968197e-02
4.77850285e-03 -1.33372233e-04 -1.99493344e-02
4.72813202e-03 -1.33581098e-04 -1.98037602e-02
4.67850626e-03 -1.33792533e-04 -1.96600664e-02
4.62961253e-03 -1.34006630e-04 -1.95182224e-02
4.58143791e-03 -1.34223479e-04 -1.93781981e-02
4.53396966e-03 -1.34443160e-04 -1.92399638e-02
4.48719521e-03 -1.34665749e-04 -1.91034901e-02
4.44110216e-03 -1.34891313e-04 -1.89687481e-02
4.39567827e-03 -1.35119914e-04 -1.88357090e-02
4.35091150e-03 -1.35351608e-04 -1.87043447e-02
4.30679000e-03 -1.35586444e-04 -1.85746273e-02
4.26330208e-03 -1.35824465e-04 -1.84465295e-02
4.22043626e-03 -1.36065708e-04 -1.83200240e-02
4.17818127e-03 -1.36310203e-04 -1.81950842e-02
4.13652602e-03 -1.36557976e-04 -1.80716837e-02
4.09545961e-03 -1.36809046e-04 -1.79497964e-02
4.05497138e-03 -1.37063428e-04 -1.78293969e-02
4.01505083e-03 -1.37321130e-04 -1.77104597e-02
3.97568772e-03 -1.37582157e-04 -1.75929600e-02
3.93687197e-03 -1.37846509e-04 -1.74768732e-02
3.89859372e-03 -1.38114180e-04 -1.73621750e-02
3.86084335e-03 -1.38385163e-04 -1.72488416e-02
3.82361140e-03 -1.38659445e-04 -1.71368493e-02
3.78688865e-03 -1.38937012e-04 -1.70261750e-02
3.75066608e-03 -1.39217846e-04 -1.69167957e-02
3.71493486e-03 -1.39501926e-04 -1.68086889e-02
3.67968637e-03 -1.39789231e-04 -1.67018323e-02
3.64491221e-03 -1.40079736e-04 -1.65962041e-02
3.61060412e-03 -1.40373419e-04 -1.64917826e-02
3.57675409e-03 -1.40670254e-04 -1.63885467e-02
3.54335426e-03 -1.40970216e-04 -1.62864753e-02
3.51039696e-03 -1.41273280e-04 -1.61855479e-02
3.47787470e-03 -1.41579423e-04 -1.60857443e-02
3.44578015e-03 -1.41888622e-04 -1.59870445e-02
3.41410613e-03 -1.42200856e-04 -1.58894290e-02
3.38284566e-03 -1.42516105e-04 -1.57928786e-02
3.35199186e-03 -1.42834354e-04 -1.56973744e-02
3.32153800e-03 -1.43155587e-04 -1.56028979e-02
3.29147751e-03 -1.43479794e-04 -1.55094310e-02
3.26180391e-03 -1.43806966e-04 -1.54169559e-02
3.23251084e-03 -1.44137098e-04 -1.53254553e-02
3.20359206e-03 -1.44470189e-04 -1.52349122e-02
3.17504141e-03 -1.44806239e-04 -1.51453100e-02
3.14685283e-03 -1.45145256e-04 -1.50566326e-02
3.11902034e-03 -1.45487247e-04 -1.49688641e-02
3.09153800e-03 -1.45832224e-04 -1.48819893e-02
3.06439996e-03 -1.46180203e-04 -1.47959933e-02
3.03760042e-03 -1.46531203e-04 -1.47108616e-02
3.01113360e-03 -1.46885244e-04 -1.46265801e-02
2.98499378e-03 -1.47242352e-04 -1.45431354e-02
2.95917525e-03 -1.47602551e-04 -1.44605143e-02
2.93367233e-03 -1.47965871e-04 -1.43787041e-02
2.90847934e-03 -1.48332339e-04 -1.42976927e-02
2.88359062e-03 -1.48701987e-04 -1.42174683e-02
2.85900051e-03 -1.49074846e-04 -1.41380197e-02
2.83470333e-03 -1.49450945e-04 -1.40593362e-02
2.81069341e-03 -1.49830316e-04 -1.39814073e-02
2.78696506e-03 -1.50212987e-04 -1.39042233e-02
2.76351257e-03 -1.50598986e-04 -1.38277747e-02
2.74033023e-03 -1.50988337e-04 -1.37520526e-02
2.71741230e-03 -1.51381062e-04 -1.36770485e-02
2.69475303e-03 -1.51777182e-04 -1.36027544e-02
2.67234665e-03 -1.52176710e-04 -1.35291625e-02
2.65018738e-03 -1.52579657e-04 -1.34562658e-02
2.62826941e-03 -1.52986029e-04 -1.33840574e-02
2.60658695e-03 -1.53395826e-04 -1.33125308e-02
2.58513420e-03 -1.53809044e-04 -1.32416800e-02
2.56390534e-03 -1.54225671e-04 -1.31714993e-02
2.54289458e-03 -1.54645690e-04 -1.31019833e-02
2.52209614e-03 -1.55069078e-04 -1.30331270e-02
2.50150426e-03 -1.55495805e-04 -1.29649254e-02
2.48111320e-03 -1.55925833e-04 -1.28973741e-02
2.46091728e-03 -1.56359121e-04 -1.28304689e-02
2.44091085e-03 -1.56795618e-04 -1.27642055e-02
2.42108832e-03 -1.57235268e-04 -1.26985802e-02
2.40144419e-03 -1.57678010e-04 -1.26335891e-02
2.38197300e-03 -1.58123776e-04 -1.25692288e-02
2.36266941e-03 -1.58572493e-04 -1.25054956e-02
2.34352817e-03 -1.59024085e-04 -1.24423862e-02
2.32454413e-03 -1.59478467e-04 -1.23798971e-02
2.30571227e-03 -1.59935556e-04 -1.23180251e-02
2.28702770e-03 -1.60395262e-04 -1.22567667e-02
2.26848568e-03 -1.60857494e-04 -1.21961186e-02
2.25008160e-03 -1.61322158e-04 -1.21360772e-02
2.23181102e-03 -1.61789163e-04 -1.20766392e-02
2.21366967e-03 -1.62258412e-04 -1.20178009e-02
2.19565346e-03 -1.62729815e-04 -1.19595584e-02
2.17775848e-03 -1.63203278e-04 -1.19019080e-02
2.15998101e-03 -1.63678714e-04 -1.18448455e-02
2.14231752e-03 -1.64156036e-04 -1.17883667e-02
2.12476470e-03 -1.64635162e-04 -1.17324672e-02
2.10731943e-03 -1.65116016e-04 -1.16771424e-02
2.08997879e-03 -1.65598525e-04 -1.16223875e-02
2.07274010e-03 -1.66082625e-04 -1.15681972e-02
2.05560087e-03 -1.66568258e-04 -1.15145664e-02
2.03855881e-03 -1.67055372e-04 -1.14614896e-02
2.02161187e-03 -1.67543924e-04 -1.14089609e-02
2.00475818e-03 -1.68033881e-04 -1.13569744e-02
1.98799608e-03 -1.68525216e-04 -1.13055238e-02
1.97132412e-03 -1.69017913e-04 -1.12546028e-02
1.95474102e-03 -1.69511965e-04 -1.12042046e-02
1.93824572e-03 -1.70007374e-04 -1.11543224e-02
1.92183729e-03 -1.70504152e-04 -1.11049491e-02
1.90551502e-03 -1.71002319e-04 -1.10560775e-02
1.88927831e-03 -1.71501905e-04 -1.10077002e-02
1.87312675e-03 -1.72002951e-04 -1.09598096e-02
1.85706004e-03 -1.72505502e-04 -1.09123982e-02
1.84107802e-03 -1.73009617e-04 -1.08654582e-02
1.82518063e-03 -1.73515357e-04 -1.08189816e-02
1.80936792e-03 -1.74022795e-04 -1.07729606e-02
1.79364002e-03 -1.74532007e-04 -1.07273873e-02
1.77799713e-03 -1.75043077e-04 -1.06822538e-02
1.76243951e-03 -1.75556092e-04 -1.06375520e-02
1.74696746e-03 -1.76071147e-04 -1.05932742e-02
1.73158132e-03 -1.76588336e-04 -1.05494125e-02
1.71628142e-03 -1.77107760e-04 -1.05059592e-02
1.70106812e-03 -1.77629518e-04 -1.04629068e-02
1.68594173e-03 -1.78153714e-04 -1.04202477e-02
1.67090257e-03 -1.78680449e-04 -1.03779747e-02
1.65595090e-03 -1.79209824e-04 -1.03360808e-02
1.64108692e-03 -1.79741941e-04 -1.02945591e-02
1.62631077e-03 -1.80276898e-04 -1.02534029e-02
1.61162252e-03 -1.80814789e-04 -1.02126060e-02
1.59702215e-03 -1.81355706e-04 -1.01721622e-02
1.58250953e-03 -1.81899737e-04 -1.01320657e-02
1.56808445e-03 -1.82446966e-04 -1.00923112e-02
1.55374656e-03 -1.82997470e-04 -1.00528934e-02
1.53949539e-03 -1.83551321e-04 -1.00138075e-02
1.52533038e-03 -1.84108585e-04 -9.97504911e-03
1.51125079e-03 -1.84669324e-04 -9.93661404e-03
1.49725577e-03 -1.85233591e-04 -9.89849857e-03
1.48334434e-03 -1.85801434e-04 -9.86069929e-03
1.46951536e-03 -1.86372892e-04 -9.82321316e-03
1.45576757e-03 -1.86948002e-04 -9.78603749e-03
1.44209956e-03 -1.87526791e-04 -9.74916996e-03
1.42850979e-03 -1.88109281e-04 -9.71260858e-03
1.41499658e-03 -1.88695488e-04 -9.67635172e-03
1.40155813e-03 -1.89285421e-04 -9.64039807e-03
1.38819252e-03 -1.89879087e-04 -9.60474663e-03
1.37489768e-03 -1.90476483e-04 -9.56939671e-03
1.36167148e-03 -1.91077606e-04 -9.53434791e-03
1.34851164e-03 -1.91682444e-04 -9.49960011e-03
1.33541581e-03 -1.92290985e-04 -9.46515343e-03
1.32238156e-03 -1.92903211e-04 -9.43100823e-03
1.30940637e-03 -1.93519101e-04 -9.39716507e-03
1.29648765e-03 -1.94138632e-04 -9.36362471e-03
1.28362278e-03 -1.94761776e-04 -9.33038809e-03
1.27080908e-03 -1.95388505e-04 -9.29745627e-03
1.25804384e-03 -1.96018788e-04 -9.26483043e-03
1.24532434e-03 -1.96652591e-04 -9.23251185e-03
1.23264784e-03 -1.97289880e-04 -9.20050190e-03
1.22001163e-03 -1.97930616e-04 -9.16880195e-03
1.20741300e-03 -1.98574762e-04 -9.13741343e-03
1.19484928e-03 -1.99222274e-04 -9.10633773e-03
1.18231783e-03 -1.99873112e-04 -9.07557625e-03
1.16981608e-03 -2.00527228e-04 -9.04513029e-03
1.15734152e-03 -2.01184573e-04 -9.01500111e-03
1.14489173e-03 -2.01845097e-04 -8.98518984e-03
1.13246436e-03 -2.02508745e-04 -8.95569752e-03
1.12005717e-03 -2.03175456e-04 -8.92652501e-03
1.10766805e-03 -2.03845169e-04 -8.89767305e-03
1.09529496e-03 -2.04517814e-04 -8.86914217e-03
1.08293605e-03 -2.05193319e-04 -8.84093271e-03
1.07058955e-03 -2.05871602e-04 -8.81304478e-03
1.05825389e-03 -2.06552579e-04 -8.78547830e-03
1.04592759e-03 -2.07236155e-04 -8.75823290e-03
1.03360939e-03 -2.07922229e-04 -8.73130799e-03
1.02129815e-03 -2.08610694e-04 -8.70470270e-03
1.00899290e-03 -2.09301433e-04 -8.67841587e-03
9.96692878e-04 -2.09994318e-04 -8.65244609e-03
9.84397455e-04 -2.10689217e-04 -8.62679162e-03
9.72106203e-04 -2.11385986e-04 -8.60145045e-03
9.59818867e-04 -2.12084473e-04 -8.57642026e-03
9.47535372e-04 -2.12784518e-04 -8.55169842e-03
9.35255826e-04 -2.13485952e-04 -8.52728200e-03
9.22980517e-04 -2.14188599e-04 -8.50316775e-03
9.10709910e-04 -2.14892275e-04 -8.47935214e-03
8.98444653e-04 -2.15596792e-04 -8.45583129e-03
8.86185566e-04 -2.16301953e-04 -8.43260105e-03
8.73933645e-04 -2.17007562e-04 -8.40965695e-03
8.61690055e-04 -2.17713417e-04 -8.38699423e-03
8.49456129e-04 -2.18419315e-04 -8.36460781e-03
8.37233362e-04 -2.19125057e-04 -8.34249236e-03
8.25023407e-04 -2.19830444e-04 -8.32064222e-03
8.12828073e-04 -2.20535284e-04 -8.29905148e-03
8.00649317e-04 -2.21239389e-04 -8.27771393e-03
7.88489239e-04 -2.21942585e-04 -8.25662313e-03
7.76350078e-04 -2.22644707e-04 -8.23577233e-03
7.64234207e-04 -2.23345606e-04 -8.21515455e-03
7.52144125e-04 -2.24045150e-04 -8.19476257e-03
7.40082455e-04 -2.24743229e-04 -8.17458892e-03
7.28051933e-04 -2.25439753e-04 -8.15462588e-03
7.16055410e-04 -2.26134659e-04 -8.13486551e-03
7.04095839e-04 -2.26827915e-04 -8.11529968e-03
6.92176272e-04 -2.27519516e-04 -8.09592000e-03
6.80299859e-04 -2.28209493e-04 -8.07671791e-03
6.68469836e-04 -2.28897913e-04 -8.05768462e-03
6.56689523e-04 -2.29584881e-04 -8.03881119e-03
6.44962321e-04 -2.30270541e-04 -8.02008845e-03
6.33291706e-04 -2.30955081e-04 -8.00150708e-03
6.21681222e-04 -2.31638730e-04 -7.98305758e-03
6.10134482e-04 -2.32321765e-04 -7.96473028e-03
5.98655159e-04 -2.33004505e-04 -7.94651538e-03
5.87246988e-04 -2.33687315e-04 -7.92840289e-03
5.75913755e-04 -2.34370609e-04 -7.91038271e-03
5.64659303e-04 -2.35054842e-04 -7.89244458e-03
5.53487521e-04 -2.35740516e-04 -7.87457812e-03
5.42402349e-04 -2.36428174e-04 -7.85677284e-03
5.31407769e-04 -2.37118403e-04 -7.83901811e-03
5.20507807e-04 -2.37811826e-04 -7.82130322e-03
5.09706530e-04 -2.38509103e-04 -7.80361733e-03
4.99008045e-04 -2.39210924e-04 -7.78594954e-03
4.88416497e-04 -2.39918010e-04 -7.76828885e-03
4.77936068e-04 -2.40631106e-04 -7.75062418e-03
4.67570976e-04 -2.41350972e-04 -7.73294439e-03
4.57325475e-04 -2.42078385e-04 -7.71523829e-03
4.47203853e-04 -2.42814129e-04 -7.69749462e-03
4.37210432e-04 -2.43558988e-04 -7.67970209e-03
4.27349567e-04 -2.44313740e-04 -7.66184939e-03
4.17625646e-04 -2.45079151e-04 -7.64392518e-03
4.08043090e-04 -2.45855966e-04 -7.62591811e-03
3.98606351e-04 -2.46644903e-04 -7.60781684e-03
3.89319914e-04 -2.47446641e-04 -7.58961001e-03
3.80188292e-04 -2.48261819e-04 -7.57128633e-03
3.71216030e-04 -2.49091021e-04 -7.55283451e-03
3.62407703e-04 -2.49934768e-04 -7.53424330e-03
3.53767914e-04 -2.50793517e-04 -7.51550153e-03
3.45301293e-04 -2.51667642e-04 -7.49659807e-03
3.37012498e-04 -2.52557435e-04 -7.47752190e-03
3.28906212e-04 -2.53463092e-04 -7.45826205e-03
3.20987139e-04 -2.54384711e-04 -7.43880770e-03
3.13260009e-04 -2.55322277e-04 -7.41914810e-03
3.05729570e-04 -2.56275664e-04 -7.39927265e-03
2.98400587e-04 -2.57244620e-04 -7.37917088e-03
2.91277843e-04 -2.58228770e-04 -7.35883247e-03
2.84366131e-04 -2.59227601e-04 -7.33824725e-03
2.77670255e-04 -2.60240466e-04 -7.31740525e-03
2.71195025e-04 -2.61266575e-04 -7.29629664e-03
2.64945254e-04 -2.62304995e-04 -7.27491182e-03
2.58925755e-04 -2.63354645e-04 -7.25324136e-03
2.53141334e-04 -2.64414296e-04 -7.23127608e-03
2.47596789e-04 -2.65482571e-04 -7.20900700e-03
2.42296903e-04 -2.66557947e-04 -7.18642537e-03
2.37246441e-04 -2.67638750e-04 -7.16352269e-03
2.32450142e-04 -2.68723167e-04 -7.14029071e-03
2.27912716e-04 -2.69809240e-04 -7.11672144e-03
2.23638838e-04 -2.70894879e-04 -7.09280715e-03
2.19633141e-04 -2.71977860e-04 -7.06854040e-03
2.15900211e-04 -2.73055836e-04 -7.04391402e-03
2.12444578e-04 -2.74126345e-04 -7.01892112e-03
2.09270714e-04 -2.75186815e-04 -6.99355513e-03
2.06383021e-04 -2.76234573e-04 -6.96780976e-03
2.03785828e-04 -2.77266860e-04 -6.94167905e-03
2.01483383e-04 -2.78280837e-04 -6.91515733e-03
1.99479844e-04 -2.79273598e-04 -6.88823926e-03
1.97779275e-04 -2.80242186e-04 -6.86091984e-03
1.96385635e-04 -2.81183600e-04 -6.83319437e-03
1.95302773e-04 -2.82094810e-04 -6.80505851e-03
1.94534420e-04 -2.82972776e-04 -6.77650823e-03
1.94084182e-04 -2.83814457e-04 -6.74753987e-03
1.93955531e-04 -2.84616826e-04 -6.71815009e-03
1.94151800e-04 -2.85376889e-04 -6.68833594e-03
1.94676173e-04 -2.86091694e-04 -6.65809477e-03
1.95531678e-04 -2.86758352e-04 -6.62742434e-03
1.96721185e-04 -2.87374047e-04 -6.59632274e-03
1.98247390e-04 -2.87936053e-04 -6.56478844e-03
2.00112817e-04 -2.88441749e-04 -6.53282027e-03
2.02319804e-04 -2.88888632e-04 -6.50041744e-03
2.04870502e-04 -2.89274328e-04 -6.46757953e-03
2.07766866e-04 -2.89596610e-04 -6.43430651e-03
2.11010648e-04 -2.89853407e-04 -6.40059873e-03
2.14603393e-04 -2.90042815e-04 -6.36645693e-03
2.18546435e-04 -2.90163110e-04 -6.33188223e-03
2.22840886e-04 -2.90212755e-04 -6.29687617e-03
2.27487639e-04 -2.90190411e-04 -6.26144066e-03
2.32487354e-04 -2.90094941e-04 -6.22557805e-03
2.37840462e-04 -2.89925424e-04 -6.18929105e-03
2.43547157e-04 -2.89681149e-04 -6.15258283e-03
2.49607391e-04 -2.89361629e-04 -6.11545694e-03
2.56020876e-04 -2.88966601e-04 -6.07791736e-03
2.62787073e-04 -2.88496022e-04 -6.03996850e-03
2.69905197e-04 -2.87950078e-04 -6.00161519e-03
2.77374210e-04 -2.87329177e-04 -5.96286268e-03
2.85192823e-04 -2.86633948e-04 -5.92371666e-03
2.93359489e-04 -2.85865236e-04 -5.88418326e-03
3.01872409e-04 -2.85024101e-04 -5.84426903e-03
3.10729524e-04 -2.84111806e-04 -5.80398096e-03
3.19928520e-04 -2.83129813e-04 -5.76332651e-03
3.29466826e-04 -2.82079776e-04 -5.72231354e-03
3.39341615e-04 -2.80963525e-04 -5.68095038e-03
3.49549804e-04 -2.79783060e-04 -5.63924580e-03
3.60088056e-04 -2.78540538e-04 -5.59720901e-03
3.70952780e-04 -2.77238259e-04 -5.55484964e-03
3.82140136e-04 -2.75878652e-04 -5.51217781e-03
3.93646035e-04 -2.74464262e-04 -5.46920403e-03
4.05466142e-04 -2.72997735e-04 -5.42593927e-03
4.17595879e-04 -2.71481797e-04 -5.38239495e-03
4.30030427e-04 -2.69919245e-04 -5.33858288e-03
4.42764734e-04 -2.68312926e-04 -5.29451533e-03
4.55793514e-04 -2.66665719e-04 -5.25020497e-03
4.69111252e-04 -2.64980522e-04 -5.20566490e-03
4.82712213e-04 -2.63260229e-04 -5.16090862e-03
4.96590440e-04 -2.61507718e-04 -5.11595003e-03
5.10739763e-04 -2.59725832e-04 -5.07080343e-03
5.25153806e-04 -2.57917360e-04 -5.02548350e-03
5.39825989e-04 -2.56085023e-04 -4.98000529e-03
5.54749533e-04 -2.54231457e-04 -4.93438424e-03
5.69917472e-04 -2.52359199e-04 -4.88863612e-03
5.85322650e-04 -2.50470669e-04 -4.84277706e-03
6.00957737e-04 -2.48568158e-04 -4.79682351e-03
6.16815229e-04 -2.46653815e-04 -4.75079226e-03
6.32887457e-04 -2.44729635e-04 -4.70470040e-03
6.49166593e-04 -2.42797445e-04 -4.65856531e-03
6.65644656e-04 -2.40858896e-04 -4.61240466e-03
6.82313525e-04 -2.38915453e-04 -4.56623640e-03
6.99164937e-04 -2.36968387e-04 -4.52007871e-03
7.16190501e-04 -2.35018768e-04 -4.47395003e-03
7.33381703e-04 -2.33067460e-04 -4.42786904e-03
7.50729915e-04 -2.31115117e-04 -4.38185459e-03
7.68226398e-04 -2.29162177e-04 -4.33592578e-03
