0.00000000e+00 0.00000000e+00 0.00000000e+00
0.00000000e+00 0.00000000e+00 0.00000000e+00
0.00000000e+00 0.00000000e+00 0.00000000e+00
0.00000000e+00 0.00000000e+00 0.00000000e+00
0.00000000e+00 0.00000000e+00 0.00000000e+00
0.00000000e+00 0.00000000e+00 0.00000000e+00
0.00000000e+00 0.00000000e+00 0.00000000e+00
0.00000000e+00 0.00000000e+00 0.00000000e+00
0.00000000e+00 0.00000000e+00 0.00000000e+00
9.54253422e-46 -1.33288919e-45 -2.89741721e-45
1.51525735e-42 -2.01726678e-42 -4.51451372e-42
1.99341538e-40 -2.46348629e-40 -5.68897156e-40
8.40707279e-39 -9.50246686e-39 -2.28143545e-38
1.66108333e-37 -1.63792546e-37 -4.19280133e-37
1.71303567e-36 -1.22128790e-36 -3.71798584e-36
6.98448686e-36 3.04440804e-36 -4.88680348e-36
-5.40334708e-35 1.68821380e-34 2.83016968e-34
-1.13753096e-33 2.02587716e-33 4.00339474e-33
-1.02511184e-32 1.51866208e-32 3.21197324e-32
-6.25897213e-32 8.22167064e-32 1.82478953e-31
-2.85548042e-31 3.35179487e-31 7.80686888e-31
-9.98272210e-31 1.01745614e-30 2.53003372e-30
-2.60934551e-30 2.06591376e-30 5.85500264e-30
-4.44107314e-30 1.18971333e-30 7.03270269e-30
-1.00077913e-30 -1.04535432e-29 -1.17663307e-29
2.34543492e-29 -5.03283343e-29 -9.13267985e-29
8.86392123e-29 -1.20016318e-28 -2.55243054e-28
1.56277295e-28 -9.29729268e-29 -2.88468426e-28
-6.65276995e-29 5.64477200e-28 8.62699437e-28
-1.49687257e-27 3.18775690e-27 6.04846574e-27
-5.95752640e-27 9.86474827e-27 2.01914149e-26
-1.53501181e-26 2.13642166e-26 4.66048381e-26
-2.76385739e-26 3.04878978e-26 7.35225286e-26
-2.74324429e-26 9.47461069e-27 4.63404074e-26
2.73193237e-26 -1.02617959e-25 -1.65080468e-25
2.09660952e-25 -3.89641985e-25 -7.59070319e-25
5.86623364e-25 -8.79211209e-25 -1.85613357e-24
1.09181541e-24 -1.34105347e-24 -3.08451079e-24
1.27582694e-24 -9.63792759e-25 -2.85668962e-24
3.75011252e-27 1.91298400e-24 2.35689593e-24
-4.60607550e-24 9.51858338e-24 1.77701299e-23
-1.43973953e-23 2.29946790e-23 4.72320238e-23
-2.87537060e-23 3.85437249e-23 8.53333149e-23
-4.01208261e-23 4.15336851e-23 1.04269600e-22
-2.85637649e-23 1.25707003e-24 4.01268301e-23
4.05826622e-23 -1.26845051e-22 -2.07809850e-22
2.08070407e-22 -3.80571860e-22 -7.40943231e-22
4.90795527e-22 -7.40838958e-22 -1.56096536e-21
8.23607628e-22 -1.05062373e-21 -2.39349613e-21
9.80422815e-22 -9.26930764e-22 -2.47369519e-21
5.11180466e-22 2.68806284e-22 -4.20676640e-22
-1.22922030e-21 3.29076839e-21 5.56300640e-21
-4.85058692e-21 8.56813318e-21 1.68585651e-20
-1.03921676e-20 1.53855727e-20 3.27229353e-20
-1.64676277e-20 2.07828752e-20 4.77892510e-20
-1.92835846e-20 1.85942584e-20 4.95258955e-20
-1.20504813e-20 -5.31984324e-22 1.73566302e-20
1.43323264e-20 -4.69387498e-20 -7.39133509e-20
6.82212279e-20 -1.26399778e-19 -2.43387788e-19
1.50928715e-19 -2.30738436e-19 -4.84228807e-19
2.47282192e-19 -3.25951382e-19 -7.36217078e-19
3.15077071e-19 -3.42017970e-19 -8.58327561e-19
2.78219124e-19 -1.71976436e-19 -6.16875436e-19
3.12502551e-20 3.09500992e-19 2.87795503e-19
-5.35378629e-19 1.19795217e-18 2.13053966e-18
-1.48143477e-18 2.47668438e-18 4.98894128e-18
-2.73334079e-18 3.90789596e-18 8.49535803e-18
-3.98317357e-18 4.92511762e-18 1.15617919e-17
-4.60180048e-18 4.57899819e-18 1.21823425e-17
-3.61931694e-18 1.60982829e-18 7.47537011e-18
1.57759035e-19 -5.27286238e-18 -5.83829264e-18
7.82314126e-18 -1.68448575e-17 -3.03462286e-17
1.98008429e-17 -3.25599746e-17 -6.61805622e-17
3.50562140e-17 -4.95945057e-17 -1.08738669e-16
5.02247417e-17 -6.20045872e-17 -1.46378713e-16
5.89340933e-17 -6.04147716e-17 -1.58970820e-16
5.17324487e-17 -3.27713774e-17 -1.18532832e-16
1.71221985e-17 3.33018449e-17 6.66902270e-18
-5.58325963e-17 1.46190834e-16 2.43404971e-16
-1.73070840e-16 3.04094654e-16 5.99788729e-16
-3.29462457e-16 4.87707403e-16 1.04768208e-15
-5.01969678e-16 6.53429130e-16 1.50430921e-15
-6.43752224e-16 7.29686206e-16 1.81855290e-15
-6.81767984e-16 6.19651452e-16 1.76955411e-15
-5.21006356e-16 2.13801338e-16 1.08639814e-15
-5.84971082e-17 -5.85035802e-16 -5.03075897e-16
7.90673692e-16 -1.82350169e-15 -3.18984370e-15
2.05520007e-15 -3.44912677e-15 -6.97005042e-15
3.66045330e-15 -5.25860199e-15 -1.15127971e-14
5.38003733e-15 -6.85526434e-15 -1.60346279e-14
6.79842613e-15 -7.63280241e-15 -1.92189426e-14
7.30135182e-15 -6.80495263e-15 -1.92286910e-14
6.11289982e-15 -3.50019791e-15 -1.38639952e-14
2.39703505e-15 3.06536280e-15 -9.08544696e-16
-4.56493088e-15 1.33358140e-14 2.13139397e-14
-1.51215929e-14 2.71010472e-14 5.31910230e-14
-2.89422660e-14 4.31607598e-14 9.29531927e-14
-4.46931066e-14 5.90329610e-14 1.35823532e-13
-5.97650382e-14 7.07962738e-14 1.73389267e-13
-7.01420156e-14 7.31699962e-14 1.93452172e-13
-7.05115770e-14 5.99352843e-14 1.80637950e-13
-5.47177883e-14 2.47784861e-14 1.18019739e-13
-1.66333238e-14 -3.74111156e-14 -1.00777970e-14
4.85219988e-14 -1.28833468e-13 -2.14089253e-13
1.42465654e-13 -2.46805103e-13 -4.94263688e-13
2.61889861e-13 -3.81782999e-13 -8.35284889e-13
3.96517318e-13 -5.15761757e-13 -1.20129390e-12
5.27554850e-13 -6.21514727e-13 -1.53244489e-12
6.27017046e-13 -6.63196678e-13 -1.74433481e-12
6.58437464e-13 -5.98800067e-13 -1.73170229e-12
5.79457831e-13 -3.84836245e-13 -1.37762445e-12
3.46663039e-13 1.66171456e-14 -5.68996619e-13
-7.72029434e-14 6.28702213e-13 7.81667550e-13
-7.13849639e-13 1.44903540e-12 2.70911683e-12
-1.55853130e-12 2.43855969e-12 5.16519240e-12
-2.56876811e-12 3.51161909e-12 7.98925038e-12
-3.65435302e-12 4.52930194e-12 1.08841281e-11
-4.67073200e-12 5.29836069e-12 1.34036253e-11
-5.41811595e-12 5.57802510e-12 1.49579533e-11
-5.64869833e-12 5.09670133e-12 1.48433082e-11
-5.08402890e-12 3.57983246e-12 1.23004294e-11
-3.44386730e-12 7.89063495e-13 6.60458674e-12
-4.86684690e-13 -3.42866538e-12 -2.81412107e-12
3.93957763e-12 -9.08529350e-12 -1.62258534e-11
9.83976215e-12 -1.59942484e-11 -3.34424801e-11
1.70120766e-11 -2.37185631e-11 -5.36618987e-11
2.49943155e-11 -3.15331678e-11 -7.53368183e-11
3.30247185e-11 -3.84109992e-11 -9.60935461e-11
4.00275263e-11 -4.30426609e-11 -1.12728241e-10
4.46334460e-11 -4.38982959e-11 -1.21307241e-10
4.52441848e-11 -3.93379313e-11 -1.17393744e-10
4.01477681e-11 -2.77727399e-11 -9.64149018e-11
2.76874178e-11 -7.87449912e-12 -5.41711788e-11
6.48139362e-12 2.11757439e-11 1.25260429e-11
-2.43153926e-11 5.94157819e-11 1.05121327e-10
-6.47245584e-11 1.05830219e-10 2.22539435e-10
-1.13656385e-10 1.58107915e-10 3.60439807e-10
-1.68652086e-10 2.12463613e-10 5.10591533e-10
-2.25692970e-10 2.63561282e-10 6.60471644e-10
-2.79116524e-10 3.04576458e-10 7.93194706e-10
-3.21679378e-10 3.27430774e-10 8.87877260e-10
-3.44803162e-10 3.23223647e-10 9.20524815e-10
-3.39030631e-10 2.82873332e-10 8.65500665e-10
-2.94706179e-10 1.97962737e-10 6.97594870e-10
-2.02876947e-10 6.17650189e-11 3.94659123e-10
-5.63889847e-11 -1.29598819e-10 -5.92885166e-11
1.48871657e-10 -3.75941746e-10 -6.70652500e-10
4.12668652e-10 -6.71826009e-10 -1.43277387e-09
7.29136539e-10 -1.00552543e-09 -2.32266428e-09
1.08565538e-09 -1.35826216e-09 -3.29830610e-09
1.46201692e-09 -1.70385167e-09 -4.29689799e-09
1.83002771e-09 -2.00888613e-09 -5.23443382e-09
2.15369199e-09 -2.23357167e-09 -6.00698060e-09
2.39010154e-09 -2.33330786e-09 -6.49396521e-09
2.49113161e-09 -2.26105829e-09 -6.56368660e-09
2.40599917e-09 -1.97051007e-09 -6.08114149e-09
2.08468489e-09 -1.41995912e-09 -4.91809025e-09
1.48215333e-09 -5.76790242e-10 -2.96510164e-09
5.63231846e-10 5.77650375e-10 -1.45110265e-10
-6.92070529e-10 2.04306216e-09 3.57218888e-09
-2.28310007e-09 3.79541227e-09 8.15598517e-09
-4.18331842e-09 5.78275941e-09 1.35010876e-08
-6.33571073e-09 7.92210011e-09 1.94169351e-08
-8.64930641e-09 1.00976691e-08 2.56201419e-08
-1.09972909e-08 1.21611103e-08 3.17318404e-08
-1.32171722e-08 1.39338885e-08 3.72810053e-08
-1.51134163e-08 1.52122353e-08 4.17147649e-08
-1.64628824e-08 1.57748146e-08 4.44164434e-08
-1.70232690e-08 1.53931531e-08 4.47317145e-08
-1.65446286e-08 1.38447209e-08 4.20028025e-08
-1.47838285e-08 1.09283629e-08 3.56101595e-08
-1.15216313e-08 6.48159354e-09 2.50204852e-08
-6.58185411e-09 3.99069796e-10 9.83937952e-09
1.48153041e-10 -7.34862063e-09 -1.01336479e-08
8.69667281e-09 -1.66968812e-08 -3.48506096e-08
1.89875773e-08 -2.74708897e-08 -6.39641498e-08
3.08223655e-08 -3.93724737e-08 -9.67838899e-08
4.38656649e-08 -5.19713362e-08 -1.32243739e-07
5.76356108e-08 -6.47018497e-08 -1.68883891e-07
7.15004757e-08 -7.68665315e-08 -2.04851025e-07
8.46828021e-08 -8.76471312e-08 -2.37919795e-07
9.62720881e-08 -9.61240148e-08 -2.65538064e-07
1.05246795e-07 -1.01304209e-07 -2.84897475e-07
1.10506085e-07 -1.02158096e-07 -2.93029924e-07
1.10911269e-07 -9.76643320e-08 -2.86929268e-07
1.05336466e-07 -8.68620940e-08 -2.63696303e-07
9.27274687e-08 -6.89093167e-08 -2.20703624e-07
7.21672502e-08 -4.31450990e-08 -1.55775593e-07
4.29460621e-08 -9.15404435e-09 -6.73772584e-08
4.63355041e-09 3.31700876e-08 4.51951302e-08
-4.28500959e-08 8.35643429e-08 1.81630445e-07
-9.91673040e-08 1.41343289e-07 3.40435029e-07
-1.63504161e-07 2.05355726e-07 5.18790763e-07
-2.34523030e-07 2.73954604e-07 7.12448614e-07
-3.10330383e-07 3.44983216e-07 9.15667155e-07
-3.88463324e-07 4.15780398e-07 1.12120482e-06
-4.65897882e-07 4.83207074e-07 1.32037348e-06
-5.39081673e-07 5.43695857e-07 1.50315929e-06
-6.03992826e-07 5.93324746e-07 1.65841497e-06
-6.56226265e-07 6.27915141e-07 1.77412496e-06
-6.91107486e-07 6.43153508e-07 1.83774275e-06
-7.03832958e-07 6.34735079e-07 1.83659639e-06
-6.89635150e-07 5.98526986e-07 1.75835549e-06
-6.43969097e-07 5.30747305e-07 1.59155011e-06
-5.62716286e-07 4.28155502e-07 1.32612866e-06
-4.42400602e-07 2.88249008e-07 9.54039901e-07
-2.80410139e-07 1.09459854e-07 4.69821029e-07
-7.52178350e-08 -1.08655212e-07 -1.28827379e-07
1.73406721e-07 -3.65238170e-07 -8.40500786e-07
4.64202385e-07 -6.57973913e-07 -1.65960617e-06
7.94246739e-07 -9.82962388e-07 -2.57595555e-06
1.15881975e-06 -1.33462561e-06 -3.57445898e-06
1.55130866e-06 -1.70565601e-06 -4.63493707e-06
1.96316131e-06 -2.08701185e-06 -5.73207129e-06
2.38389433e-06 -2.46796441e-06 -6.83550717e-06
2.80116122e-06 -2.83620075e-06 -7.91012271e-06
3.20088426e-06 -3.17798409e-06 -8.91646965e-06
3.56745241e-06 -3.47837283e-06 -9.81139147e-06
3.88398559e-06 -3.72149733e-06 -1.05488165e-05
4.13266398e-06 -3.89089196e-06 -1.10807201e-05
4.29511899e-06 -3.96987838e-06 -1.13582434e-05
4.35288036e-06 -3.94199410e-06 -1.13329533e-05
4.28787242e-06 -3.79145905e-06 -1.09582203e-05
4.08295020e-06 -3.50367108e-06 -1.01906880e-05
3.72246469e-06 -3.06572035e-06 -8.99180479e-06
3.19284508e-06 -2.46691109e-06 -7.32938181e-06
2.48318448e-06 -1.69927865e-06 -5.17914088e-06
1.58581485e-06 -7.58088876e-07 -2.52621321e-06
4.96856137e-07 3.57693258e-07 6.33451307e-07
-7.83275478e-07 1.64497896e-06 4.29180482e-06
-2.24941528e-06 3.09618767e-06 8.42759138e-06
-3.89126812e-06 4.69894817e-06 1.30054437e-05
-5.69311049e-06 6.43587980e-06 1.79752214e-05
-7.63358900e-06 8.28446400e-06 2.32716215e-05
-9.68562579e-06 1.02170146e-05 2.88140878e-05
-1.18164400e-05 1.22007535e-05 3.45070387e-05
-1.39876914e-05 1.41979966e-05 4.02404298e-05
-1.61557516e-05 1.61664527e-05 4.58906576e-05
-1.82721026e-05 1.80596356e-05 5.13218062e-05
-2.02838637e-05 1.98273875e-05 5.63872309e-05
-2.21344423e-05 2.14165094e-05 6.09314645e-05
-2.37643015e-05 2.27714929e-05 6.47924264e-05
-2.51118369e-05 2.38353425e-05 6.78039075e-05
-2.61143499e-05 2.45504803e-05 6.97982958e-05
-2.67091049e-05 2.48597185e-05 7.06095045e-05
-2.68344531e-05 2.47072860e-05 7.00760572e-05
-2.64310074e-05 2.40398940e-05 6.80442815e-05
-2.54428470e-05 2.28078219e-05 6.43715589e-05
-2.38187344e-05 2.09660091e-05 5.89295763e-05
-2.15133215e-05 1.84751306e-05 5.16075237e-05
-1.84883259e-05 1.53026421e-05 4.23151813e-05
-1.47136557e-05 1.14237735e-05 3.09858422e-05
-1.01684626e-05 6.82245562e-06 1.75790163e-05
-4.84210398e-06 1.49216198e-06 2.08286662e-06
1.26500317e-06 -4.56334843e-06 -1.54836692e-05
8.14065446e-06 -1.13294021e-05 -3.50691128e-05
1.57602691e-05 -1.87799077e-05 -5.65880702e-05
2.40864528e-05 -2.68769881e-05 -7.99202778e-05
3.30687224e-05 -3.55707569e-05 -1.04910092e-04
4.26433981e-05 -4.47992443e-05 -1.31366437e-04
5.27336696e-05 -5.44884764e-05 -1.59063222e-04
6.32498354e-05 -6.45527084e-05 -1.87740219e-04
7.40897163e-05 -7.48948117e-05 -2.17104413e-04
8.51392370e-05 -8.54068090e-05 -2.46831786e-04
9.62731703e-05 -9.59705541e-05 -2.76569532e-04
1.07356035e-04 -1.06458546e-04 -3.05938671e-04
1.18243132e-04 -1.16734866e-04 -3.34537019e-04
1.28781715e-04 -1.26656235e-04 -3.61942487e-04
1.38812264e-04 -1.36073158e-04 -3.87716655e-04
1.48169859e-04 -1.44831167e-04 -4.11408581e-04
1.56685630e-04 -1.52772117e-04 -4.32558788e-04
1.64188261e-04 -1.59735548e-04 -4.50703373e-04
1.70505532e-04 -1.65560069e-04 -4.65378193e-04
1.75465873e-04 -1.70084762e-04 -4.76123066e-04
1.78899918e-04 -1.73150586e-04 -4.82485929e-04
1.80642035e-04 -1.74601756e-04 -4.84026907e-04
1.80531801e-04 -1.74287088e-04 -4.80322239e-04
1.78415427e-04 -1.72061287e-04 -4.70968006e-04
1.74147093e-04 -1.67786174e-04 -4.55583624e-04
1.67590190e-04 -1.61331815e-04 -4.33815059e-04
1.58618449e-04 -1.52577570e-04 -4.05337720e-04
1.47116950e-04 -1.41413021e-04 -3.69859009e-04
1.32982989e-04 -1.27738789e-04 -3.27120497e-04
1.16126806e-04 -1.11467224e-04 -2.76899697e-04
9.64721658e-05 -9.25229605e-05 -2.19011433e-04
7.39567799e-05 -7.08433397e-05 -1.53308789e-04
4.85325716e-05 -4.63786906e-05 -7.96836297e-05
2.01657864e-05 -1.90924708e-05 1.93329821e-06
-1.11630538e-05 1.10387307e-05 9.15726811e-05
-4.54593484e-05 4.40253283e-05 1.89227355e-04
-8.27147620e-05 7.98650060e-05 2.94853412e-04
-1.22907706e-04 1.18543110e-04 4.08371663e-04
-1.66003951e-04 1.60033162e-04 5.29669453e-04
-2.11957360e-04 2.04297478e-04 6.58602776e-04
-2.60710729e-04 2.51287900e-04 7.94998673e-04
-3.12196725e-04 3.00946604e-04 9.38657881e-04
-3.66338905e-04 3.53206999e-04 1.08935768e-03
-4.23052812e-04 4.07994689e-04 1.24685494e-03
-4.82247116e-04 4.65228493e-04 1.41088926e-03
-5.43824812e-04 5.24821511e-04 1.58118623e-03
-6.07684427e-04 5.86682210e-04 1.75746077e-03
-6.73721262e-04 6.50715550e-04 1.93942049e-03
-7.41828615e-04 7.16824091e-04 2.12676895e-03
-8.11899010e-04 7.84909120e-04 2.31920901e-03
-8.83825382e-04 8.54871743e-04 2.51644602e-03
-9.57502247e-04 9.26613963e-04 2.71819087e-03
-1.03282680e-03 1.00003971e-03 2.92416302e-03
-1.10970000e-03 1.07505585e-03 3.13409321e-03
-1.18802751e-03 1.15157308e-03 3.34772613e-03
-1.26772066e-03 1.22950686e-03 3.56482277e-03
-1.34869727e-03 1.30877817e-03 3.78516266e-03
-1.43088240e-03 1.38931430e-03 4.00854574e-03
-1.51420902e-03 1.47104944e-03 4.23479414e-03
-1.59861857e-03 1.55392533e-03 4.46375360e-03
-1.68406146e-03 1.63789170e-03 4.69529465e-03
-1.77049744e-03 1.72290671e-03 4.92931358e-03
-1.85789591e-03 1.80893727e-03 5.16573312e-03
-1.94623608e-03 1.89595928e-03 5.40450286e-03
-2.03550713e-03 1.98395780e-03 5.64559949e-03
-2.12570818e-03 2.07292712e-03 5.88902672e-03
-2.21684827e-03 2.16287076e-03 6.13481503e-03
-2.30894617e-03 2.25380143e-03 6.38302118e-03
-2.40203020e-03 2.34574081e-03 6.63372759e-03
-2.49613793e-03 2.43871943e-03 6.88704141e-03
-2.59131581e-03 2.53277635e-03 7.14309355e-03
-2.68761878e-03 2.62795883e-03 7.40203748e-03
-2.78510983e-03 2.72432199e-03 7.66404795e-03
-2.88385943e-03 2.82192834e-03 7.92931957e-03
-2.98394506e-03 2.92084734e-03 8.19806523e-03
-3.08545058e-03 3.02115493e-03 8.47051461e-03
-3.18846567e-03 3.12293297e-03 8.74691243e-03
-3.29308519e-03 3.22626869e-03 9.02751679e-03
-3.39940857e-03 3.33125417e-03 9.31259744e-03
-3.50753915e-03 3.43798574e-03 9.60243401e-03
-3.61758355e-03 3.54656338e-03 9.89731429e-03
-3.72965103e-03 3.65709018e-03 1.01975325e-02
-3.84385292e-03 3.76967174e-03 1.05033875e-02
-3.96030192e-03 3.88441559e-03 1.08151814e-02
-4.07911157e-03 4.00143063e-03 1.11332176e-02
-4.20039567e-03 4.12082663e-03 1.14577995e-02
-4.32426772e-03 4.24271362e-03 1.17892289e-02
-4.45084039e-03 4.36720146e-03 1.21278046e-02
-4.58022506e-03 4.49439929e-03 1.24738212e-02
-4.71253135e-03 4.62441514e-03 1.28275676e-02
-4.84786667e-03 4.75735540e-03 1.31893262e-02
-4.98633584e-03 4.89332453e-03 1.35593717e-02
-5.12804076e-03 5.03242456e-03 1.39379698e-02
-5.27308004e-03 5.17475485e-03 1.43253772e-02
-5.42154872e-03 5.32041167e-03 1.47218396e-02
-5.57353804e-03 5.46948799e-03 1.51275924e-02
-5.72913517e-03 5.62207318e-03 1.55428588e-02
-5.88842306e-03 5.77825278e-03 1.59678502e-02
-6.05148027e-03 5.93810829e-03 1.64027656e-02
-6.21838079e-03 6.10171702e-03 1.68477909e-02
-6.38919401e-03 6.26915190e-03 1.73030991e-02
-6.56398458e-03 6.44048136e-03 1.77688497e-02
-6.74281239e-03 6.61576928e-03 1.82451889e-02
-6.92573252e-03 6.79507481e-03 1.87322494e-02
-7.11279524e-03 6.97845242e-03 1.92301504e-02
-7.30404599e-03 7.16595176e-03 1.97389976e-02
-7.49952543e-03 7.35761771e-03 2.02588834e-02
-7.69926946e-03 7.55349032e-03 2.07898868e-02
-7.90330927e-03 7.75360487e-03 2.13320739e-02
-8.11167139e-03 7.95799182e-03 2.18854978e-02
-8.32437777e-03 8.16667691e-03 2.24501987e-02
-8.54144583e-03 8.37968115e-03 2.30262045e-02
-8.76288855e-03 8.59702090e-03 2.36135309e-02
-8.98871455e-03 8.81870791e-03 2.42121813e-02
-9.21892815e-03 9.04474939e-03 2.48221475e-02
-9.45352949e-03 9.27514806e-03 2.54434099e-02
-9.69251455e-03 9.50990223e-03 2.60759372e-02
-9.93587528e-03 9.74900586e-03 2.67196873e-02
-1.01835996e-02 9.99244865e-03 2.73746073e-02
-1.04356717e-02 1.02402161e-02 2.80406336e-02
-1.06920716e-02 1.04922895e-02 2.87176919e-02
-1.09527759e-02 1.07486463e-02 2.94056979e-02
-1.12177571e-02 1.10092596e-02 3.01045572e-02
-1.14869843e-02 1.12740988e-02 3.08141654e-02
-1.17604228e-02 1.15431295e-02 3.15344080e-02
-1.20380343e-02 1.18163131e-02 3.22651612e-02
-1.23197769e-02 1.20936076e-02 3.30062912e-02
-1.26056052e-02 1.23749671e-02 3.37576547e-02
-1.28954702e-02 1.26603420e-02 3.45190989e-02
-1.31893192e-02 1.29496790e-02 3.52904615e-02
-1.34870961e-02 1.32429213e-02 3.60715705e-02
-1.37887412e-02 1.35400083e-02 3.68622446e-02
-1.40941913e-02 1.38408761e-02 3.76622928e-02
-1.44033795e-02 1.41454568e-02 3.84715147e-02
-1.47162353e-02 1.44536794e-02 3.92897000e-02
-1.50326847e-02 1.47654689e-02 4.01166289e-02
-1.53526498e-02 1.50807472e-02 4.09520719e-02
-1.56760493e-02 1.53994323e-02 4.17957896e-02
-1.60027981e-02 1.57214386e-02 4.26475326e-02
-1.63328073e-02 1.60466773e-02 4.35070417e-02
-1.66659843e-02 1.63750558e-02 4.43740476e-02
-1.70022327e-02 1.67064777e-02 4.52482707e-02
-1.73414522e-02 1.70408434e-02 4.61294215e-02
-1.76835389e-02 1.73780495e-02 4.70171998e-02
-1.80283847e-02 1.77179888e-02 4.79112956e-02
-1.83758780e-02 1.80605509e-02 4.88113880e-02
-1.87259030e-02 1.84056213e-02 4.97171459e-02
-1.90783400e-02 1.87530822e-02 5.06282278e-02
-1.94330656e-02 1.91028118e-02 5.15442815e-02
-1.97899523e-02 1.94546849e-02 5.24649444e-02
-2.01488687e-02 1.98085726e-02 5.33898434e-02
-2.05096795e-02 2.01643421e-02 5.43185950e-02
-2.08722456e-02 2.05218572e-02 5.52508052e-02
-2.12364239e-02 2.08809780e-02 5.61860697e-02
-2.16020673e-02 2.12415608e-02 5.71239738e-02
-2.19690253e-02 2.16034583e-02 5.80640927e-02
-2.23371432e-02 2.19665197e-02 5.90059916e-02
-2.27062627e-02 2.23305906e-02 5.99492255e-02
-2.30762218e-02 2.26955131e-02 6.08933400e-02
-2.34468550e-02 2.30611256e-02 6.18378707e-02
-2.38179930e-02 2.34272632e-02 6.27823442e-02
-2.41894631e-02 2.37937577e-02 6.37262774e-02
-2.45610892e-02 2.41604372e-02 6.46691787e-02
-2.49326917e-02 2.45271269e-02 6.56105476e-02
-2.53040880e-02 2.48936485e-02 6.65498750e-02
-2.56750921e-02 2.52598208e-02 6.74866439e-02
-2.60455149e-02 2.56254594e-02 6.84203293e-02
-2.64151646e-02 2.59903770e-02 6.93503986e-02
-2.67838464e-02 2.63543834e-02 7.02763123e-02
-2.71513628e-02 2.67172858e-02 7.11975236e-02
-2.75175135e-02 2.70788885e-02 7.21134797e-02
-2.78820960e-02 2.74389934e-02 7.30236213e-02
-2.82449054e-02 2.77974001e-02 7.39273838e-02
-2.86057344e-02 2.81539058e-02 7.48241970e-02
-2.89643738e-02 2.85083056e-02 7.57134861e-02
-2.93206125e-02 2.88603926e-02 7.65946717e-02
-2.96742376e-02 2.92099581e-02 7.74671705e-02
-3.00250345e-02 2.95567916e-02 7.83303957e-02
-3.03727872e-02 2.99006812e-02 7.91837577e-02
-3.07172786e-02 3.02414135e-02 8.00266640e-02
-3.10582902e-02 3.05787739e-02 8.08585203e-02
-3.13956029e-02 3.09125471e-02 8.16787308e-02
-3.17289965e-02 3.12425164e-02 8.24866984e-02
-3.20582504e-02 3.15684648e-02 8.32818259e-02
-3.23831436e-02 3.18901747e-02 8.40635159e-02
-3.27034550e-02 3.22074284e-02 8.48311714e-02
-3.30189633e-02 3.25200078e-02 8.55841970e-02
-3.33294476e-02 3.28276950e-02 8.63219985e-02
-3.36346871e-02 3.31302726e-02 8.70439842e-02
-3.39344619e-02 3.34275234e-02 8.77495651e-02
-3.42285528e-02 3.37192312e-02 8.84381555e-02
-3.45167414e-02 3.40051804e-02 8.91091737e-02
-3.47988108e-02 3.42851568e-02 8.97620425e-02
-3.50745452e-02 3.45589475e-02 9.03961896e-02
-3.53437308e-02 3.48263410e-02 9.10110486e-02
-3.56061554e-02 3.50871276e-02 9.16060591e-02
-3.58616088e-02 3.53410997e-02 9.21806677e-02
-3.61098833e-02 3.55880517e-02 9.27343281e-02
-3.63507734e-02 3.58277807e-02 9.32665022e-02
-3.65840764e-02 3.60600860e-02 9.37766602e-02
-3.68095927e-02 3.62847701e-02 9.42642817e-02
-3.70271255e-02 3.65016382e-02 9.47288556e-02
-3.72364816e-02 3.67104992e-02 9.51698812e-02
-3.74374710e-02 3.69111650e-02 9.55868686e-02
-3.76299079e-02 3.71034514e-02 9.59793391e-02
-3.78136101e-02 3.72871779e-02 9.63468259e-02
-3.79883996e-02 3.74621684e-02 9.66888747e-02
-3.81541029e-02 3.76282506e-02 9.70050441e-02
-3.83105510e-02 3.77852571e-02 9.72949060e-02
-3.84575797e-02 3.79330249e-02 9.75580464e-02
-3.85950295e-02 3.80713958e-02 9.77940657e-02
-3.87227462e-02 3.82002168e-02 9.80025793e-02
-3.88405812e-02 3.83193401e-02 9.81832179e-02
-3.89483908e-02 3.84286230e-02 9.83356282e-02
-3.90460376e-02 3.85279288e-02 9.84594731e-02
-3.91333895e-02 3.86171261e-02 9.85544325e-02
-3.92103207e-02 3.86960896e-02 9.86202033e-02
-3.92767116e-02 3.87647001e-02 9.86565001e-02
-3.93324488e-02 3.88228444e-02 9.86630554e-02
-3.93774254e-02 3.88704158e-02 9.86396203e-02
-3.94115412e-02 3.89073139e-02 9.85859643e-02
-3.94347025e-02 3.89334451e-02 9.85018764e-02
-3.94468229e-02 3.89487225e-02 9.83871647e-02
-3.94478226e-02 3.89530660e-02 9.82416573e-02
-3.94376292e-02 3.89464025e-02 9.80652021e-02
-3.94161775e-02 3.89286659e-02 9.78576676e-02
-3.93834096e-02 3.88997976e-02 9.76189425e-02
-3.93392749e-02 3.88597460e-02 9.73489366e-02
-3.92837306e-02 3.88084670e-02 9.70475807e-02
-3.92167414e-02 3.87459239e-02 9.67148268e-02
-3.91382798e-02 3.86720877e-02 9.63506483e-02
-3.90483258e-02 3.85869367e-02 9.59550403e-02
-3.89468674e-02 3.84904573e-02 9.55280193e-02
-3.88339006e-02 3.83826432e-02 9.50696240e-02
-3.87094292e-02 3.82634962e-02 9.45799149e-02
-3.85734649e-02 3.81330258e-02 9.40589745e-02
-3.84260275e-02 3.79912492e-02 9.35069072e-02
-3.82671447e-02 3.78381917e-02 9.29238397e-02
-3.80968525e-02 3.76738864e-02 9.23099207e-02
-3.79151945e-02 3.74983742e-02 9.16653210e-02
-3.77222227e-02 3.73117040e-02 9.09902334e-02
-3.75179970e-02 3.71139324e-02 9.02848725e-02
-3.73025853e-02 3.69051242e-02 8.95494751e-02
-3.70760633e-02 3.66853516e-02 8.87842993e-02
-3.68385148e-02 3.64546950e-02 8.79896252e-02
-3.65900315e-02 3.62132422e-02 8.71657541e-02
-3.63307129e-02 3.59610888e-02 8.63130086e-02
-3.60606660e-02 3.56983383e-02 8.54317324e-02
-3.57800059e-02 3.54251014e-02 8.45222900e-02
-3.54888550e-02 3.51414964e-02 8.35850661e-02
-3.51873433e-02 3.48476491e-02 8.26204662e-02
-3.48756082e-02 3.45436925e-02 8.16289152e-02
-3.45537943e-02 3.42297668e-02 8.06108579e-02
-3.42220535e-02 3.39060193e-02 7.95667581e-02
-3.38805447e-02 3.35726044e-02 7.84970988e-02
-3.35294337e-02 3.32296830e-02 7.74023810e-02
-3.31688931e-02 3.28774230e-02 7.62831241e-02
-3.27991021e-02 3.25159988e-02 7.51398648e-02
-3.24202465e-02 3.21455910e-02 7.39731570e-02
-3.20325180e-02 3.17663867e-02 7.27835712e-02
-3.16361150e-02 3.13785788e-02 7.15716940e-02
-3.12312413e-02 3.09823664e-02 7.03381276e-02
-3.08181068e-02 3.05779541e-02 6.90834892e-02
-3.03969268e-02 3.01655521e-02 6.78084105e-02
-2.99679221e-02 2.97453759e-02 6.65135370e-02
-2.95313186e-02 2.93176461e-02 6.51995276e-02
-2.90873471e-02 2.88825884e-02 6.38670538e-02
-2.86362432e-02 2.84404330e-02 6.25167992e-02
-2.81782469e-02 2.79914148e-02 6.11494589e-02
-2.77136027e-02 2.75357727e-02 5.97657387e-02
-2.72425590e-02 2.70737501e-02 5.83663546e-02
-2.67653680e-02 2.66055939e-02 5.69520321e-02
-2.62822856e-02 2.61315546e-02 5.55235053e-02
-2.57935710e-02 2.56518861e-02 5.40815167e-02
-2.52994864e-02 2.51668457e-02 5.26268160e-02
-2.48002971e-02 2.46766931e-02 5.11601598e-02
-2.42962709e-02 2.41816910e-02 4.96823106e-02
-2.37876778e-02 2.36821044e-02 4.81940364e-02
-2.32747901e-02 2.31782005e-02 4.66961097e-02
-2.27578819e-02 2.26702482e-02 4.51893069e-02
-2.22372289e-02 2.21585183e-02 4.36744079e-02
-2.17131082e-02 2.16432828e-02 4.21521949e-02
-2.11857980e-02 2.11248151e-02 4.06234518e-02
-2.06555772e-02 2.06033893e-02 3.90889640e-02
-2.01227255e-02 2.00792802e-02 3.75495169e-02
-1.95875228e-02 1.95527630e-02 3.60058960e-02
-1.90502492e-02 1.90241131e-02 3.44588856e-02
-1.85111844e-02 1.84936059e-02 3.29092684e-02
-1.79706081e-02 1.79615162e-02 3.13578247e-02
-1.74287991e-02 1.74281186e-02 2.98053320e-02
-1.68860352e-02 1.68936865e-02 2.82525639e-02
-1.63425934e-02 1.63584925e-02 2.67002899e-02
-1.57987489e-02 1.58228079e-02 2.51492743e-02
-1.52547758e-02 1.52869024e-02 2.36002760e-02
-1.47109459e-02 1.47510439e-02 2.20540475e-02
-1.41675292e-02 1.42154986e-02 2.05113345e-02
-1.36247934e-02 1.36805302e-02 1.89728753e-02
-1.30830036e-02 1.31464002e-02 1.74394000e-02
-1.25424223e-02 1.26133674e-02 1.59116303e-02
-1.20033089e-02 1.20816876e-02 1.43902785e-02
-1.14659199e-02 1.15516140e-02 1.28760471e-02
-1.09305082e-02 1.10233961e-02 1.13696286e-02
-1.03973234e-02 1.04972803e-02 9.87170433e-03
-9.86661130e-03 9.97350923e-03 8.38294457e-03
-9.33861374e-03 9.45232174e-03 6.90400763e-03
-8.81356853e-03 8.93395273e-03 5.43553955e-03
-8.29170921e-03 8.41863296e-03 3.97817364e-03
-7.77326489e-03 7.90658887e-03 2.53252998e-03
-7.25846010e-03 7.39804241e-03 1.09921503e-03
-6.74751465e-03 6.89321093e-03 -3.21178791e-04
-6.24064341e-03 6.39230700e-03 -1.72807349e-03
-5.73805627e-03 5.89553829e-03 -3.12090587e-03
-5.23995793e-03 5.40310739e-03 -4.49912790e-03
-4.74654779e-03 4.91521177e-03 -5.86220703e-03
-4.25801985e-03 4.43204356e-03 -7.20962651e-03
-3.77456256e-03 3.95378952e-03 -8.54088571e-03
-3.29635875e-03 3.48063087e-03 -9.85550036e-03
-2.82358549e-03 3.01274325e-03 -1.11530028e-02
-2.35641404e-03 2.55029657e-03 -1.24329424e-02
-1.89500971e-03 2.09345496e-03 -1.36948853e-02
-1.43953185e-03 1.64237669e-03 -1.49384152e-02
-9.90133701e-04 1.19721409e-03 -1.61631332e-02
-5.46962393e-04 7.58113499e-04 -1.73686579e-02
-1.10158854e-04 3.25215179e-04 -1.85546258e-02
3.20142225e-04 -1.01346696e-04 -1.97206911e-02
7.43812440e-04 -5.21444106e-04 -2.08665262e-02
1.16072971e-03 -9.34955210e-04 -2.19918213e-02
1.57077828e-03 -1.34176438e-03 -2.30962848e-02
1.97384880e-03 -1.74176221e-03 -2.41796431e-02
2.36983828e-03 -2.13484555e-03 -2.52416409e-02
2.75865010e-03 -2.52091748e-03 -2.62820409e-02
3.14019406e-03 -2.89988736e-03 -2.73006240e-02
3.51438631e-03 -3.27167077e-03 -2.82971890e-02
3.88114939e-03 -3.63618952e-03 -2.92715528e-02
4.24041216e-03 -3.99337164e-03 -3.02235502e-02
4.59210979e-03 -4.34315133e-03 -3.11530338e-02
4.93618376e-03 -4.68546895e-03 -3.20598738e-02
5.27258176e-03 -5.02027096e-03 -3.29439580e-02
5.60125766e-03 -5.34750988e-03 -3.38051917e-02
5.92217149e-03 -5.66714425e-03 -3.46434971e-02
6.23528935e-03 -5.97913858e-03 -3.54588138e-02
6.54058333e-03 -6.28346323e-03 -3.62510978e-02
6.83803147e-03 -6.58009444e-03 -3.70203222e-02
7.12761768e-03 -6.86901415e-03 -3.77664760e-02
7.40933164e-03 -7.15021000e-03 -3.84895645e-02
7.68316870e-03 -7.42367521e-03 -3.91896088e-02
7.94912983e-03 -7.68940850e-03 -3.98666456e-02
8.20722150e-03 -7.94741401e-03 -4.05207270e-02
8.45745558e-03 -8.19770116e-03 -4.11519197e-02
8.69984921e-03 -8.44028461e-03 -4.17603054e-02
8.93442473e-03 -8.67518412e-03 -4.23459799e-02
9.16120956e-03 -8.90242442e-03 -4.29090532e-02
9.38023605e-03 -9.12203515e-03 -4.34496487e-02
9.59154140e-03 -9.33405070e-03 -4.39679032e-02
9.79516750e-03 -9.53851014e-03 -4.44639666e-02
9.99116083e-03 -9.73545702e-03 -4.49380010e-02
1.01795723e-02 -9.92493934e-03 -4.53901810e-02
1.03604572e-02 -1.01070093e-02 -4.58206928e-02
1.05338750e-02 -1.02817234e-02 -4.62297339e-02
1.06998891e-02 -1.04491421e-02 -4.66175132e-02
1.08585670e-02 -1.06093295e-02 -4.69842498e-02
1.10099798e-02 -1.07623538e-02 -4.73301733e-02
1.11542024e-02 -1.09082868e-02 -4.76555228e-02
1.12913130e-02 -1.10472034e-02 -4.79605471e-02
1.14213933e-02 -1.11791824e-02 -4.82455038e-02
1.15445283e-02 -1.13043053e-02 -4.85106590e-02
1.16608058e-02 -1.14226569e-02 -4.87562873e-02
1.17703168e-02 -1.15343250e-02 -4.89826708e-02
1.18731549e-02 -1.16394001e-02 -4.91900988e-02
1.19694164e-02 -1.17379753e-02 -4.93788678e-02
1.20592001e-02 -1.18301464e-02 -4.95492808e-02
1.21426071e-02 -1.19160113e-02 -4.97016468e-02
1.22197410e-02 -1.19956703e-02 -4.98362805e-02
1.22907071e-02 -1.20692259e-02 -4.99535020e-02
1.23556129e-02 -1.21367823e-02 -5.00536364e-02
1.24145675e-02 -1.21984458e-02 -5.01370131e-02
1.24676818e-02 -1.22543242e-02 -5.02039658e-02
1.25150684e-02 -1.23045270e-02 -5.02548320e-02
1.25568409e-02 -1.23491650e-02 -5.02899523e-02
1.25931145e-02 -1.23883504e-02 -5.03096707e-02
1.26240054e-02 -1.24221965e-02 -5.03143334e-02
1.26496308e-02 -1.24508177e-02 -5.03042893e-02
1.26701089e-02 -1.24743293e-02 -5.02798889e-02
1.26855585e-02 -1.24928473e-02 -5.02414843e-02
1.26960992e-02 -1.25064886e-02 -5.01894291e-02
1.27018511e-02 -1.25153703e-02 -5.01240773e-02
1.27029346e-02 -1.25196104e-02 -5.00457840e-02
1.26994704e-02 -1.25193268e-02 -4.99549040e-02
1.26915795e-02 -1.25146377e-02 -4.98517925e-02
1.26793829e-02 -1.25056616e-02 -4.97368040e-02
1.26630015e-02 -1.24925169e-02 -4.96102925e-02
1.26425562e-02 -1.24753216e-02 -4.94726107e-02
1.26181674e-02 -1.24541939e-02 -4.93241105e-02
1.25899555e-02 -1.24292515e-02 -4.91651420e-02
1.25580401e-02 -1.24006116e-02 -4.89960534e-02
1.25225406e-02 -1.23683910e-02 -4.88171911e-02
1.24835756e-02 -1.23327057e-02 -4.86288991e-02
1.24412629e-02 -1.22936714e-02 -4.84315187e-02
1.23957196e-02 -1.22514026e-02 -4.82253886e-02
1.23470620e-02 -1.22060132e-02 -4.80108444e-02
1.22954052e-02 -1.21576161e-02 -4.77882187e-02
1.22408635e-02 -1.21063230e-02 -4.75578403e-02
1.21835499e-02 -1.20522447e-02 -4.73200347e-02
1.21235764e-02 -1.19954908e-02 -4.70751234e-02
1.20610536e-02 -1.19361696e-02 -4.68234242e-02
1.19960908e-02 -1.18743883e-02 -4.65652504e-02
1.19287960e-02 -1.18102523e-02 -4.63009112e-02
1.18592756e-02 -1.17438661e-02 -4.60307113e-02
1.17876346e-02 -1.16753323e-02 -4.57549508e-02
1.17139765e-02 -1.16047523e-02 -4.54739250e-02
1.16384032e-02 -1.15322256e-02 -4.51879246e-02
1.15610149e-02 -1.14578504e-02 -4.48972350e-02
1.14819100e-02 -1.13817230e-02 -4.46021367e-02
1.14011854e-02 -1.13039380e-02 -4.43029050e-02
1.13189360e-02 -1.12245884e-02 -4.39998100e-02
1.12352552e-02 -1.11437654e-02 -4.36931163e-02
1.11502342e-02 -1.10615583e-02 -4.33830833e-02
1.10639626e-02 -1.09780545e-02 -4.30699647e-02
1.09765280e-02 -1.08933398e-02 -4.27540088e-02
1.08880162e-02 -1.08074978e-02 -4.24354583e-02
1.07985109e-02 -1.07206105e-02 -4.21145503e-02
1.07080939e-02 -1.06327578e-02 -4.17915162e-02
1.06168450e-02 -1.05440177e-02 -4.14665817e-02
1.05248423e-02 -1.04544662e-02 -4.11399669e-02
1.04321615e-02 -1.03641775e-02 -4.08118861e-02
1.03388765e-02 -1.02732238e-02 -4.04825479e-02
1.02450593e-02 -1.01816753e-02 -4.01521552e-02
1.01507796e-02 -1.00896003e-02 -3.98209053e-02
1.00561054e-02 -9.99706496e-03 -3.94889895e-02
9.96110260e-03 -9.90413374e-03 -3.91565936e-02
9.86583495e-03 -9.81086902e-03 -3.88238980e-02
9.77036436e-03 -9.71733128e-03 -3.84910770e-02
9.67475071e-03 -9.62357905e-03 -3.81582998e-02
9.57905189e-03 -9.52966896e-03 -3.78257295e-02
9.48332385e-03 -9.43565574e-03 -3.74935242e-02
9.38762055e-03 -9.34159222e-03 -3.71618364e-02
9.29199403e-03 -9.24752939e-03 -3.68308129e-02
9.19649441e-03 -9.15351636e-03 -3.65005956e-02
9.10116991e-03 -9.05960043e-03 -3.61713208e-02
9.00606685e-03 -8.96582707e-03 -3.58431197e-02
8.91122969e-03 -8.87224000e-03 -3.55161183e-02
8.81670107e-03 -8.77888115e-03 -3.51904375e-02
8.72252179e-03 -8.68579073e-03 -3.48661933e-02
8.62873087e-03 -8.59300722e-03 -3.45434966e-02
8.53536556e-03 -8.50056744e-03 -3.42224535e-02
8.44246138e-03 -8.40850655e-03 -3.39031654e-02
8.35005212e-03 -8.31685808e-03 -3.35857288e-02
8.25816992e-03 -8.22565396e-03 -3.32702357e-02
8.16684526e-03 -8.13492456e-03 -3.29567737e-02
8.07610698e-03 -8.04469873e-03 -3.26454258e-02
7.98598235e-03 -7.95500379e-03 -3.23362705e-02
7.89649710e-03 -7.86586561e-03 -3.20293824e-02
7.80767541e-03 -7.77730862e-03 -3.17248316e-02
7.71954000e-03 -7.68935582e-03 -3.14226843e-02
7.63211211e-03 -7.60202888e-03 -3.11230026e-02
7.54541158e-03 -7.51534809e-03 -3.08258450e-02
7.45945686e-03 -7.42933247e-03 -3.05312657e-02
7.37426507e-03 -7.34399974e-03 -3.02393156e-02
7.28985199e-03 -7.25936640e-03 -2.99500419e-02
7.20623215e-03 -7.17544775e-03 -2.96634882e-02
7.12341883e-03 -7.09225789e-03 -2.93796949e-02
7.04142411e-03 -7.00980983e-03 -2.90986988e-02
6.96025892e-03 -6.92811543e-03 -2.88205337e-02
6.87993303e-03 -6.84718553e-03 -2.85452302e-02
6.80045515e-03 -6.76702990e-03 -2.82728160e-02
6.72183293e-03 -6.68765732e-03 -2.80033158e-02
6.64407299e-03 -6.60907561e-03 -2.77367513e-02
6.56718098e-03 -6.53129163e-03 -2.74731417e-02
6.49116160e-03 -6.45431137e-03 -2.72125036e-02
6.41601864e-03 -6.37813993e-03 -2.69548509e-02
6.34175504e-03 -6.30278157e-03 -2.67001951e-02
6.26837287e-03 -6.22823975e-03 -2.64485455e-02
6.19587341e-03 -6.15451714e-03 -2.61999088e-02
6.12425719e-03 -6.08161568e-03 -2.59542899e-02
6.05352398e-03 -6.00953658e-03 -2.57116915e-02
5.98367287e-03 -5.93828037e-03 -2.54721142e-02
5.91470226e-03 -5.86784691e-03 -2.52355568e-02
5.84660995e-03 -5.79823544e-03 -2.50020163e-02
5.77939310e-03 -5.72944458e-03 -2.47714879e-02
5.71304833e-03 -5.66147240e-03 -2.45439652e-02
5.64757170e-03 -5.59431640e-03 -2.43194403e-02
5.58295876e-03 -5.52797355e-03 -2.40979037e-02
5.51920458e-03 -5.46244034e-03 -2.38793445e-02
5.45630378e-03 -5.39771275e-03 -2.36637506e-02
5.39425054e-03 -5.33378635e-03 -2.34511085e-02
5.33303864e-03 -5.27065624e-03 -2.32414035e-02
5.27266151e-03 -5.20831714e-03 -2.30346199e-02
5.21311219e-03 -5.14676336e-03 -2.28307409e-02
5.15438343e-03 -5.08598886e-03 -2.26297488e-02
5.09646764e-03 -5.02598725e-03 -2.24316248e-02
5.03935698e-03 -4.96675181e-03 -2.22363494e-02
4.98304332e-03 -4.90827550e-03 -2.20439023e-02
4.92751833e-03 -4.85055101e-03 -2.18542625e-02
4.87277341e-03 -4.79357074e-03 -2.16674081e-02
4.81879979e-03 -4.73732685e-03 -2.14833168e-02
4.76558852e-03 -4.68181122e-03 -2.13019657e-02
4.71313046e-03 -4.62701555e-03 -2.11233315e-02
4.66141633e-03 -4.57293130e-03 -2.09473900e-02
4.61043671e-03 -4.51954974e-03 -2.07741171e-02
4.56018207e-03 -4.46686194e-03 -2.06034881e-02
4.51064277e-03 -4.41485883e-03 -2.04354778e-02
4.46180906e-03 -4.36353116e-03 -2.02700611e-02
4.41367111e-03 -4.31286952e-03 -2.01072122e-02
4.36621905e-03 -4.26286439e-03 -1.99469055e-02
4.31944291e-03 -4.21350611e-03 -1.97891150e-02
4.27333269e-03 -4.16478491e-03 -1.96338145e-02
4.22787835e-03 -4.11669092e-03 -1.94809780e-02
4.18306981e-03 -4.06921415e-03 -1.93305790e-02
4.13889698e-03 -4.02234457e-03 -1.91825913e-02
4.09534974e-03 -3.97607203e-03 -1.90369885e-02
4.05241797e-03 -3.93038634e-03 -1.88937444e-02
4.01009156e-03 -3.88527723e-03 -1.87528325e-02
3.96836037e-03 -3.84073442e-03 -1.86142268e-02
3.92721430e-03 -3.79674754e-03 -1.84779011e-02
3.88664328e-03 -3.75330622e-03 -1.83438292e-02
3.84663721e-03 -3.71040004e-03 -1.82119854e-02
3.80718606e-03 -3.66801858e-03 -1.80823439e-02
3.76827982e-03 -3.62615141e-03 -1.79548791e-02
3.72990850e-03 -3.58478809e-03 -1.78295655e-02
3.69206217e-03 -3.54391818e-03 -1.77063781e-02
3.65473091e-03 -3.50353125e-03 -1.75852917e-02
3.61790487e-03 -3.46361691e-03 -1.74662818e-02
3.58157423e-03 -3.42416478e-03 -1.73493237e-02
3.54572923e-03 -3.38516450e-03 -1.72343932e-02
3.51036016e-03 -3.34660578e-03 -1.71214663e-02
3.47545735e-03 -3.30847836e-03 -1.70105194e-02
3.44101121e-03 -3.27077203e-03 -1.69015290e-02
3.40701218e-03 -3.23347665e-03 -1.67944720e-02
3.37345078e-03 -3.19658215e-03 -1.66893256e-02
3.34031757e-03 -3.16007852e-03 -1.65860673e-02
3.30760319e-03 -3.12395586e-03 -1.64846750e-02
3.27529834e-03 -3.08820433e-03 -1.63851267e-02
3.24339377e-03 -3.05281420e-03 -1.62874010e-02
3.21188031e-03 -3.01777584e-03 -1.61914766e-02
3.18074885e-03 -2.98307972e-03 -1.60973327e-02
3.14999035e-03 -2.94871645e-03 -1.60049486e-02
3.11959584e-03 -2.91467673e-03 -1.59143043e-02
3.08955640e-03 -2.88095141e-03 -1.58253799e-02
3.05986320e-03 -2.84753147e-03 -1.57381557e-02
3.03050748e-03 -2.81440803e-03 -1.56526126e-02
3.00148054e-03 -2.78157235e-03 -1.55687316e-02
2.97277376e-03 -2.74901585e-03 -1.54864942e-02
2.94437858e-03 -2.71673012e-03 -1.54058821e-02
2.91628652e-03 -2.68470690e-03 -1.53268774e-02
2.88848917e-03 -2.65293810e-03 -1.52494624e-02
2.86097821e-03 -2.62141581e-03 -1.51736198e-02
2.83374536e-03 -2.59013229e-03 -1.50993323e-02
2.80678244e-03 -2.55908001e-03 -1.50265834e-02
2.78008134e-03 -2.52825161e-03 -1.49553564e-02
2.75363402e-03 -2.49763993e-03 -1.48856350e-02
2.72743251e-03 -2.46723800e-03 -1.48174032e-02
2.70146892e-03 -2.43703908e-03 -1.47506451e-02
2.67573545e-03 -2.40703661e-03 -1.46853453e-02
2.65022435e-03 -2.37722425e-03 -1.46214882e-02
2.62492795e-03 -2.34759588e-03 -1.45590586e-02
2.59983868e-03 -2.31814559e-03 -1.44980416e-02
2.57494902e-03 -2.28886769e-03 -1.44384223e-02
2.55025154e-03 -2.25975672e-03 -1.43801858e-02
2.52573888e-03 -2.23080744e-03 -1.43233176e-02
2.50140376e-03 -2.20201483e-03 -1.42678032e-02
2.47723898e-03 -2.17337410e-03 -1.42136280e-02
2.45323741e-03 -2.14488072e-03 -1.41607779e-02
2.42939201e-03 -2.11653035e-03 -1.41092384e-02
2.40569580e-03 -2.08831891e-03 -1.40589952e-02
2.38214190e-03 -2.06024254e-03 -1.40100342e-02
2.35872350e-03 -2.03229763e-03 -1.39623409e-02
2.33543386e-03 -2.00448079e-03 -1.39159012e-02
2.31226632e-03 -1.97678887e-03 -1.38707007e-02
2.28921433e-03 -1.94921895e-03 -1.38267249e-02
2.26627138e-03 -1.92176837e-03 -1.37839593e-02
2.24343108e-03 -1.89443466e-03 -1.37423894e-02
2.22068709e-03 -1.86721562e-03 -1.37020004e-02
2.19803318e-03 -1.84010927e-03 -1.36627775e-02
2.17546318e-03 -1.81311387e-03 -1.36247056e-02
2.15297104e-03 -1.78622790e-03 -1.35877695e-02
2.13055075e-03 -1.75945006e-03 -1.35519538e-02
2.10819643e-03 -1.73277931e-03 -1.35172429e-02
2.08590228e-03 -1.70621481e-03 -1.34836209e-02
2.06366258e-03 -1.67975594e-03 -1.34510717e-02
2.04147170e-03 -1.65340233e-03 -1.34195789e-02
2.01932413e-03 -1.62715380e-03 -1.33891259e-02
1.99721443e-03 -1.60101042e-03 -1.33596957e-02
1.97513728e-03 -1.57497243e-03 -1.33312711e-02
1.95308744e-03 -1.54904033e-03 -1.33038345e-02
1.93105980e-03 -1.52321481e-03 -1.32773679e-02
1.90904933e-03 -1.49749677e-03 -1.32518531e-02
1.88705113e-03 -1.47188730e-03 -1.32272713e-02
1.86506039e-03 -1.44638772e-03 -1.32036037e-02
1.84307244e-03 -1.42099953e-03 -1.31808308e-02
1.82108271e-03 -1.39572444e-03 -1.31589328e-02
1.79908676e-03 -1.37056434e-03 -1.31378895e-02
1.77708027e-03 -1.34552132e-03 -1.31176804e-02
1.75505905e-03 -1.32059764e-03 -1.30982843e-02
1.73301905e-03 -1.29579578e-03 -1.30796799e-02
1.71095633e-03 -1.27111835e-03 -1.30618453e-02
1.68886712e-03 -1.24656817e-03 -1.30447582e-02
1.66674778e-03 -1.22214823e-03 -1.30283959e-02
1.64459482e-03 -1.19786167e-03 -1.30127352e-02
1.62240489e-03 -1.17371181e-03 -1.29977525e-02
1.60017482e-03 -1.14970212e-03 -1.29834238e-02
1.57790157e-03 -1.12583625e-03 -1.29697245e-02
1.55558230e-03 -1.10211796e-03 -1.29566299e-02
1.53321430e-03 -1.07855119e-03 -1.29441144e-02
1.51079507e-03 -1.05514001e-03 -1.29321525e-02
1.48832227e-03 -1.03188863e-03 -1.29207177e-02
1.46579373e-03 -1.00880140e-03 -1.29097836e-02
1.44320749e-03 -9.85882776e-04 -1.28993230e-02
1.42056177e-03 -9.63137359e-04 -1.28893085e-02
1.39785497e-03 -9.40569856e-04 -1.28797122e-02
1.37508573e-03 -9.18185090e-04 -1.28705059e-02
1.35225285e-03 -8.95987989e-04 -1.28616609e-02
1.32935535e-03 -8.73983580e-04 -1.28531481e-02
1.30639248e-03 -8.52176986e-04 -1.28449382e-02
1.28336368e-03 -8.30573420e-04 -1.28370014e-02
1.26026862e-03 -8.09178176e-04 -1.28293075e-02
1.23710719e-03 -7.87996623e-04 -1.28218260e-02
1.21387950e-03 -7.67034202e-04 -1.28145263e-02
1.19058588e-03 -7.46296417e-04 -1.28073771e-02
1.16722693e-03 -7.25788829e-04 -1.28003472e-02
1.14380343e-03 -7.05517047e-04 -1.27934047e-02
1.12031642e-03 -6.85486725e-04 -1.27865178e-02
1.09676719e-03 -6.65703551e-04 -1.27796541e-02
1.07315724e-03 -6.46173245e-04 -1.27727814e-02
1.04948833e-03 -6.26901547e-04 -1.27658668e-02
1.02576246e-03 -6.07894210e-04 -1.27588774e-02
1.00198187e-03 -5.89156997e-04 -1.27517803e-02
9.78149034e-04 -5.70695669e-04 -1.27445421e-02
9.54266682e-04 -5.52515980e-04 -1.27371295e-02
9.30337781e-04 -5.34623668e-04 -1.27295088e-02
9.06365541e-04 -5.17024450e-04 -1.27216465e-02
8.82353416e-04 -4.99724009e-04 -1.27135087e-02
8.58305099e-04 -4.82727995e-04 -1.27050617e-02
8.34224525e-04 -4.66042008e-04 -1.26962715e-02
8.10115865e-04 -4.49671598e-04 -1.26871043e-02
7.85983526e-04 -4.33622253e-04 -1.26775260e-02
7.61832150e-04 -4.17899392e-04 -1.26675028e-02
7.37666609e-04 -4.02508360e-04 -1.26570007e-02
7.13492002e-04 -3.87454419e-04 -1.26459859e-02
6.89313654e-04 -3.72742737e-04 -1.26344246e-02
6.65137109e-04 -3.58378389e-04 -1.26222831e-02
6.40968129e-04 -3.44366342e-04 -1.26095279e-02
6.16812688e-04 -3.30711450e-04 -1.25961256e-02
5.92676967e-04 -3.17418452e-04 -1.25820428e-02
5.68567349e-04 -3.04491955e-04 -1.25672466e-02
5.44490417e-04 -2.91936438e-04 -1.25517041e-02
5.20452943e-04 -2.79756239e-04 -1.25353827e-02
4.96461886e-04 -2.67955549e-04 -1.25182501e-02
4.72524385e-04 -2.56538408e-04 -1.25002742e-02
4.48647751e-04 -2.45508697e-04 -1.24814232e-02
4.24839465e-04 -2.34870133e-04 -1.24616659e-02
4.01107164e-04 -2.24626262e-04 -1.24409711e-02
3.77458640e-04 -2.14780454e-04 -1.24193082e-02
3.53901830e-04 -2.05335900e-04 -1.23966470e-02
3.30444809e-04 -1.96295602e-04 -1.23729578e-02
3.07095782e-04 -1.87662371e-04 -1.23482112e-02
2.83863075e-04 -1.79438824e-04 -1.23223784e-02
2.60755131e-04 -1.71627373e-04 -1.22954311e-02
2.37780496e-04 -1.64230230e-04 -1.22673415e-02
2.14947816e-04 -1.57249393e-04 -1.22380825e-02
1.92265824e-04 -1.50686651e-04 -1.22076274e-02
1.69743334e-04 -1.44543574e-04 -1.21759503e-02
1.47389231e-04 -1.38821513e-04 -1.21430257e-02
1.25212466e-04 -1.33521595e-04 -1.21088292e-02
1.03222038e-04 -1.28644722e-04 -1.20733366e-02
8.14269969e-05 -1.24191567e-04 -1.20365247e-02
5.98364244e-05 -1.20162573e-04 -1.19983710e-02
3.84594305e-05 -1.16557949e-04 -1.19588537e-02
1.73051425e-05 -1.13377671e-04 -1.19179518e-02
-3.61730381e-06 -1.10621475e-04 -1.18756451e-02
-2.42987733e-05 -1.08288864e-04 -1.18319144e-02
-4.47301406e-05 -1.06379100e-04 -1.17867411e-02
-6.49022994e-05 -1.04891207e-04 -1.17401076e-02
-8.48061715e-05 -1.03823968e-04 -1.16919972e-02
-1.04432716e-04 -1.03175926e-04 -1.16423941e-02
-1.23772937e-04 -1.02945387e-04 -1.15912833e-02
-1.42817896e-04 -1.03130414e-04 -1.15386510e-02
-1.61558717e-04 -1.03728834e-04 -1.14844842e-02
-1.79986597e-04 -1.04738234e-04 -1.14287710e-02
-1.98092814e-04 -1.06155966e-04 -1.13715004e-02
-2.15868739e-04 -1.07979145e-04 -1.13126624e-02
-2.33305840e-04 -1.10204654e-04 -1.12522482e-02
-2.50395692e-04 -1.12829142e-04 -1.11902500e-02
-2.67129988e-04 -1.15849032e-04 -1.11266608e-02
-2.83500542e-04 -1.19260516e-04 -1.10614751e-02
-2.99499304e-04 -1.23059564e-04 -1.09946883e-02
-3.15118362e-04 -1.27241924e-04 -1.09262968e-02
-3.30349952e-04 -1.31803125e-04 -1.08562982e-02
-3.45186468e-04 -1.36738482e-04 -1.07846914e-02
-3.59620467e-04 -1.42043099e-04 -1.07114761e-02
-3.73644675e-04 -1.47711871e-04 -1.06366534e-02
-3.87252000e-04 -1.53739490e-04 -1.05602255e-02
-4.00435533e-04 -1.60120451e-04 -1.04821957e-02
-4.13188560e-04 -1.66849052e-04 -1.04025684e-02
-4.25504564e-04 -1.73919402e-04 -1.03213493e-02
-4.37377238e-04 -1.81325424e-04 -1.02385452e-02
-4.48800484e-04 -1.89060862e-04 -1.01541641e-02
-4.59768428e-04 -1.97119285e-04 -1.00682151e-02
-4.70275417e-04 -2.05494093e-04 -9.98070853e-03
-4.80316033e-04 -2.14178520e-04 -9.89165589e-03
-4.89885095e-04 -2.23165644e-04 -9.80106981e-03
-4.98977665e-04 -2.32448390e-04 -9.70896410e-03
-5.07589053e-04 -2.42019535e-04 -9.61535371e-03
-5.15714826e-04 -2.51871718e-04 -9.52025475e-03
-5.23350807e-04 -2.61997443e-04 -9.42368446e-03
-5.30493087e-04 -2.72389084e-04 -9.32566125e-03
-5.37138024e-04 -2.83038895e-04 -9.22620462e-03
-5.43282250e-04 -2.93939016e-04 -9.12533518e-03
-5.48922676e-04 -3.05081476e-04 -9.02307469e-03
-5.54056496e-04 -3.16458203e-04 -8.91944594e-03
-5.58681190e-04 -3.28061029e-04 -8.81447284e-03
-5.62794526e-04 -3.39881699e-04 -8.70818035e-03
-5.66394570e-04 -3.51911873e-04 -8.60059447e-03
-5.69479683e-04 -3.64143139e-04 -8.49174224e-03
-5.72048525e-04 -3.76567012e-04 -8.38165171e-03
-5.74100063e-04 -3.89174950e-04 -8.27035191e-03
-5.75633566e-04 -4.01958352e-04 -8.15787287e-03
-5.76648613e-04 -4.14908570e-04 -8.04424554e-03
-5.77145095e-04 -4.28016914e-04 -7.92950182e-03
-5.77123213e-04 -4.41274661e-04 -7.81367452e-03
-5.76583484e-04 -4.54673055e-04 -7.69679733e-03
-5.75526738e-04 -4.68203323e-04 -7.57890480e-03
-5.73954126e-04 -4.81856673e-04 -7.46003232e-03
-5.71867114e-04 -4.95624306e-04 -7.34021608e-03
-5.69267485e-04 -5.09497421e-04 -7.21949305e-03
-5.66157345e-04 -5.23467219e-04 -7.09790098e-03
-5.62539114e-04 -5.37524912e-04 -6.97547832e-03
-5.58415534e-04 -5.51661729e-04 -6.85226423e-03
-5.53789664e-04 -5.65868921e-04 -6.72829854e-03
-5.48664880e-04 -5.80137766e-04 -6.60362173e-03
-5.43044874e-04 -5.94459577e-04 -6.47827488e-03
-5.36933654e-04 -6.08825708e-04 -6.35229963e-03
-5.30335541e-04 -6.23227557e-04 -6.22573819e-03
-5.23255166e-04 -6.37656574e-04 -6.09863330e-03
-5.15697470e-04 -6.52104264e-04 -5.97102815e-03
-5.07667699e-04 -6.66562195e-04 -5.84296640e-03
-4.99171406e-04 -6.81022002e-04 -5.71449214e-03
-4.90214439e-04 -6.95475391e-04 -5.58564981e-03
-4.80802947e-04 -7.09914146e-04 -5.45648426e-03
-4.70943371e-04 -7.24330130e-04 -5.32704060e-03
-4.60642438e-04 -7.38715294e-04 -5.19736428e-03
-4.49907164e-04 -7.53061679e-04 -5.06750097e-03
-4.38744842e-04 -7.67361421e-04 -4.93749658e-03
-4.27163038e-04 -7.81606755e-04 -4.80739720e-03
-4.15169592e-04 -7.95790017e-04 -4.67724907e-03
-4.02772604e-04 -8.09903651e-04 -4.54709857e-03
-3.89980434e-04 -8.23940213e-04 -4.41699215e-03
