0.00000000e+00 0.00000000e+00 0.00000000e+00
0.00000000e+00 0.00000000e+00 0.00000000e+00
0.00000000e+00 0.00000000e+00 0.00000000e+00
1.66422005e-29 -5.05816920e-31 -3.11565224e-29
5.72501713e-27 -3.21866254e-28 -1.07437143e-26
2.46507944e-25 -1.44475692e-26 -4.62494485e-25
4.48239135e-24 -2.61677579e-25 -8.40569471e-24
4.87286502e-23 -2.79429279e-24 -9.13288078e-23
3.72424382e-22 -2.08424835e-23 -6.97607583e-22
2.19353482e-21 -1.19353349e-22 -4.10642572e-21
1.05525105e-20 -5.56798898e-22 -1.97433736e-20
4.31398115e-20 -2.20301897e-21 -8.06662123e-20
1.54191664e-19 -7.60860837e-21 -2.88154500e-19
4.92172046e-19 -2.34359832e-20 -9.19257466e-19
1.42603206e-18 -6.54518519e-20 -2.66201941e-18
3.79904398e-18 -1.67909923e-19 -7.08802726e-18
9.40216363e-18 -3.99854346e-19 -1.75330282e-17
2.17991420e-17 -8.91529978e-19 -4.06309689e-17
4.76786922e-17 -1.87454828e-18 -8.88266214e-17
9.89465871e-17 -3.73960406e-18 -1.84261681e-16
1.95790118e-16 -7.11534430e-18 -3.64465959e-16
3.70932561e-16 -1.29716202e-17 -6.90259290e-16
6.75227205e-16 -2.27502417e-17 -1.25614654e-15
1.18459946e-15 -3.85272570e-17 -2.20323220e-15
2.00811414e-15 -6.32137637e-17 -3.73426101e-15
3.29661095e-15 -1.00808639e-16 -6.12978550e-15
5.25091165e-15 -1.56727709e-16 -9.76366537e-15
8.12806565e-15 -2.38250966e-16 -1.51151334e-14
1.22434914e-14 -3.55153171e-16 -2.27735638e-14
1.79662283e-14 -5.20613428e-16 -3.34309210e-14
2.57038951e-14 -7.52534707e-16 -4.78557593e-14
3.58734271e-14 -1.07544223e-15 -6.68417056e-14
4.88533207e-14 -1.52316566e-15 -9.11227541e-14
6.49130378e-14 -2.14253847e-15 -1.21247579e-13
8.41155138e-14 -2.99836149e-15 -1.57405614e-13
1.06189442e-13 -4.17986836e-15 -1.99198975e-13
1.30369265e-13 -5.80889049e-15 -2.45356595e-13
1.55202620e-13 -8.04984004e-15 -2.93390212e-13
1.78327375e-13 -1.11215057e-14 -3.39196184e-13
1.96223385e-13 -1.53104839e-14 -3.76612450e-13
2.03947524e-13 -2.09858465e-14 -3.96946179e-13
1.94864430e-13 -2.86143816e-14 -3.88494582e-13
1.60389495e-13 -3.87754430e-14 -3.36088698e-13
8.97647432e-14 -5.21741206e-14 -2.20697379e-13
-3.01077914e-14 -6.96511215e-14 -1.91357316e-14
-2.14747160e-13 -9.21874493e-14 2.96071548e-13
-4.82058289e-13 -1.20901716e-13 7.56616700e-13
-8.52148102e-13 -1.57037753e-13 1.39806717e-12
-1.34696031e-12 -2.01940117e-13 2.25919713e-12
-1.98969760e-12 -2.57015185e-13 3.38093616e-12
-2.80400318e-12 -3.23675762e-13 4.80488529e-12
-3.81287908e-12 -4.03267573e-13 6.57135979e-12
-5.03732588e-12 -4.96976658e-13 8.71693234e-12
-6.49469871e-12 -6.05717508e-13 1.12714674e-11
-8.19678576e-12 -7.30002876e-13 1.42546597e-11
-1.01476301e-11 -8.69797366e-13 1.76721145e-11
-1.23411305e-11 -1.02435833e-12 2.15110369e-11
-1.47584756e-11 -1.19206906e-12 2.57356272e-11
-1.73654807e-11 -1.37027080e-12 3.02823121e-11
-2.01099188e-11 -1.55510156e-12 3.50549769e-11
-2.29189519e-11 -1.74135130e-12 3.99203925e-11
-2.56967866e-11 -1.92234394e-12 4.47040659e-11
-2.83226934e-11 -2.08985807e-12 4.91867664e-11
-3.06495407e-11 -2.23409848e-12 5.31020033e-11
-3.25030015e-11 -2.34373100e-12 5.61347470e-11
-3.36815977e-11 -2.40599284e-12 5.79216910e-11
-3.39577426e-11 -2.40688971e-12 5.80533508e-11
-3.30799371e-11 -2.33148952e-12 5.60782837e-11
-3.07762617e-11 -2.16432054e-12 5.15096879e-11
-2.67592834e-11 -1.88987895e-12 4.38346013e-11
-2.07324740e-11 -1.49324758e-12 3.25258721e-11
-1.23981967e-11 -9.60823763e-13 1.70570085e-11
-1.46728181e-12 -2.81149802e-13 -3.08006055e-12
1.23298407e-11 5.54165181e-13 -2.83543698e-11
2.92305316e-11 1.54944813e-12 -5.91726017e-11
4.94259983e-11 2.70391110e-12 -9.58533326e-11
7.30462181e-11 4.01057279e-12 -1.38599218e-10
1.00143997e-10 5.45518403e-12 -1.87467612e-10
1.30678491e-10 7.01519299e-12 -2.42340235e-10
1.64498593e-10 8.65878991e-12 -3.02892633e-10
2.01326629e-10 1.03440745e-11 -3.68564256e-10
2.40742892e-10 1.20183910e-11 -4.38530128e-10
2.82171548e-10 1.36178782e-11 -5.11675136e-10
3.24868544e-10 1.50672800e-11 -5.86572055e-10
3.67912122e-10 1.62800618e-11 -6.61464476e-10
4.10196585e-10 1.71588767e-11 -7.34255836e-10
4.50429975e-10 1.75964171e-11 -8.02505742e-10
4.87136264e-10 1.74766861e-11 -8.63434760e-10
5.18662679e-10 1.66767137e-11 -9.13938762e-10
5.43192677e-10 1.50687331e-11 -9.50613860e-10
5.58765064e-10 1.25228253e-11 -9.69792775e-10
5.63299627e-10 8.91002665e-12 -9.67593364e-10
5.54629552e-10 4.10588280e-12 -9.39979804e-10
5.30540780e-10 -2.00558056e-12 -8.82836689e-10
4.88818297e-10 -9.52751268e-12 -7.92056043e-10
4.27299211e-10 -1.85455755e-11 -6.63636936e-10
3.43932275e-10 -2.91230345e-11 -4.93797086e-10
2.36843367e-10 -4.12956855e-11 -2.79095476e-10
1.04406204e-10 -5.50667151e-11 -1.65646619e-11
-5.46825709e-11 -7.04016002e-11 2.96148912e-10
-2.41325038e-10 -8.72231667e-11 6.60638624e-10
-4.55941631e-10 -1.05406932e-10 1.07758783e-09
-6.98390222e-10 -1.24776868e-10 1.54661918e-09
-9.67886261e-10 -1.45101713e-10 2.06614614e-09
-1.26292574e-09 -1.66091988e-10 2.63323009e-09
-1.58121289e-09 -1.87397836e-10 3.24344653e-09
-1.91959459e-09 -2.08607837e-10 3.89076412e-09
-2.27400356e-09 -2.29248914e-10 4.56744057e-09
-2.63941249e-09 -2.48787462e-10 5.26393921e-09
-3.00980115e-09 -2.66631787e-10 5.96887033e-09
-3.37813864e-09 -2.82135970e-10 6.66896109e-09
-3.73638269e-09 -2.94605204e-10 7.34905782e-09
-4.07549799e-09 -3.03302674e-10 7.99216422e-09
-4.38549517e-09 -3.07457999e-10 8.57951865e-09
-4.65549204e-09 -3.06277229e-10 9.09071326e-09
-4.87379827e-09 -2.98954393e-10 9.50385742e-09
-5.02802441e-09 -2.84684521e-10 9.79578707e-09
-5.10521612e-09 -2.62678060e-10 9.94232120e-09
-5.09201351e-09 -2.32176576e-10 9.91856582e-09
-4.97483579e-09 -1.92469580e-10 9.69926514e-09
-4.74009033e-09 -1.42912307e-10 9.25919872e-09
-4.37440535e-09 -8.29442391e-11 8.57362258e-09
-3.86488451e-09 -1.21081268e-11 7.61875129e-09
-3.19938157e-09 6.99307473e-11 6.37227728e-09
-2.36679245e-09 1.63365357e-10 4.81392243e-09
-1.35736186e-09 2.68228082e-10 2.92601637e-09
-1.63000942e-10 3.84372552e-10 6.94094851e-10
1.22238794e-09 5.11456516e-10 -1.89248937e-09
2.80258365e-09 6.48926105e-10 -4.83995124e-09
4.57872070e-09 7.96001840e-10 -8.14946284e-09
6.54897067e-09 9.51666735e-10 -1.18165572e-08
8.70823615e-09 1.11465686e-09 -1.58305565e-08
1.10478627e-08 1.28345472e-09 -2.01740361e-08
1.35553747e-08 1.45628571e-09 -2.48223337e-08
1.62142413e-08 1.63111807e-09 -2.97431173e-08
1.90036774e-08 1.80566650e-09 -3.48960210e-08
2.18984875e-08 1.97739976e-09 -4.02323606e-08
2.48689558e-08 2.14355241e-09 -4.56949402e-08
2.78807902e-08 2.30114090e-09 -5.12179599e-08
3.08951241e-08 2.44698412e-09 -5.67270344e-08
3.38685815e-08 2.57772845e-09 -6.21393315e-08
3.67534094e-08 2.68987732e-09 -6.73638386e-08
3.94976820e-08 2.77982529e-09 -7.23017654e-08
4.20455786e-08 2.84389650e-09 -7.68470859e-08
4.43377389e-08 2.87838730e-09 -8.08872278e-08
4.63116963e-08 2.87961283e-09 -8.43039081e-08
4.79023911e-08 2.84395733e-09 -8.69741199e-08
4.90427616e-08 2.76792766e-09 -8.87712669e-08
4.96644141e-08 2.64820978e-09 -8.95664446e-08
4.96983673e-08 2.48172755e-09 -8.92298636e-08
4.90758704e-08 2.26570334e-09 -8.76324087e-08
4.77292878e-08 1.99771993e-09 -8.46473240e-08
4.55930471e-08 1.67578291e-09 -8.01520162e-08
4.26046432e-08 1.29838296e-09 -7.40299611e-08
3.87056903e-08 8.64557281e-10 -6.61726992e-08
3.38430142e-08 3.73949282e-10 -5.64819058e-08
2.79697749e-08 -1.73134099e-10 -4.48715144e-08
2.10466085e-08 -7.75668432e-10 -3.12698755e-08
1.30427781e-08 -1.43186192e-09 -1.56219282e-08
3.93732000e-09 -2.13911048e-09 2.10863880e-09
-6.27982567e-09 -2.89395862e-09 2.19372605e-08
-1.76067157e-08 -3.69206686e-09 4.38564301e-08
-3.00283479e-08 -4.52818657e-09 6.78337192e-08
-4.35156639e-08 -5.39614293e-09 9.38099133e-08
-5.80246251e-08 -6.28882660e-09 1.21697288e-07
-7.34953760e-08 -7.19819502e-09 1.51378054e-07
-8.98515094e-08 -8.11528356e-09 1.82703000e-07
-1.06999449e-07 -9.03022736e-09 2.15490360e-07
-1.24827961e-07 -9.93229407e-09 2.49524925e-07
-1.43207813e-07 -1.08099278e-08 2.84557439e-07
-1.61991585e-07 -1.16508050e-08 3.20304290e-07
-1.81013650e-07 -1.24419010e-08 3.56447519e-07
-2.00090342e-07 -1.31695699e-08 3.92635180e-07
-2.19020301e-07 -1.38196340e-08 4.28482054e-07
-2.37585026e-07 -1.43774867e-08 4.63570746e-07
-2.55549629e-07 -1.48282045e-08 4.97453163e-07
-2.72663805e-07 -1.51566711e-08 5.29652404e-07
-2.88663008e-07 -1.53477104e-08 5.59665051e-07
-3.03269852e-07 -1.53862298e-08 5.86963871e-07
-3.16195731e-07 -1.52573709e-08 6.11000934e-07
-3.27142649e-07 -1.49466686e-08 6.31211140e-07
-3.35805265e-07 -1.44402162e-08 6.47016141e-07
-3.41873152e-07 -1.37248359e-08 6.57828668e-07
-3.45033245e-07 -1.27882532e-08 6.63057214e-07
-3.44972485e-07 -1.16192746e-08 6.62111097e-07
-3.41380644e-07 -1.02079655e-08 6.54405839e-07
-3.33953310e-07 -8.54582846e-09 6.39368864e-07
-3.22395020e-07 -6.62597959e-09 6.16445470e-07
-3.06422529e-07 -4.44332109e-09 5.85105041e-07
-2.85768183e-07 -1.99470883e-09 5.44847477e-07
-2.60183390e-07 7.20887138e-10 4.95209771e-07
-2.29442150e-07 3.70223058e-09 4.35772720e-07
-1.93344631e-07 6.94567753e-09 3.66167705e-07
-1.51720755e-07 1.04450467e-08 2.86083489e-07
-1.04433782e-07 1.41915038e-08 1.95272994e-07
-5.13838389e-08 1.81734607e-08 9.35599891e-08
7.48860942e-09 2.23764922e-08 -1.91543644e-08
7.21993976e-08 2.67832707e-08 -1.42885158e-07
1.42717426e-07 3.13735207e-08 -2.77557641e-07
2.18961588e-07 3.61239943e-08 -4.23001446e-07
3.00797900e-07 4.10084694e-08 -5.78945176e-07
3.88036840e-07 4.59977705e-08 -7.45011437e-07
4.80430963e-07 5.10598137e-08 -9.20712359e-07
5.77672785e-07 5.61596774e-08 -1.10544566e-06
6.79392989e-07 6.12596975e-08 -1.29849131e-06
7.85158980e-07 6.63195884e-08 -1.49900889e-06
8.94473799e-07 7.12965913e-08 -1.70603558e-06
1.00677544e-06 7.61456466e-08 -1.91848501e-06
1.12143660e-06 8.08195942e-08 -2.13514678e-06
1.23776483e-06 8.52693975e-08 -2.35468698e-06
1.35500320e-06 8.94443936e-08 -2.57564943e-06
1.47233138e-06 9.32925670e-08 -2.79645794e-06
1.58886730e-06 9.67608464e-08 -3.01541945e-06
1.70366921e-06 9.97954239e-08 -3.23072817e-06
1.81573835e-06 1.02342094e-07 -3.44047064e-06
1.92402205e-06 1.04346614e-07 -3.64263187e-06
2.02741746e-06 1.05755075e-07 -3.83510235e-06
2.12477567e-06 1.06514298e-07 -4.01568617e-06
2.21490648e-06 1.06572236e-07 -4.18211004e-06
2.29658360e-06 1.05878389e-07 -4.33203331e-06
2.36855034e-06 1.04384228e-07 -4.46305899e-06
2.42952589e-06 1.02043623e-07 -4.57274560e-06
2.47821194e-06 9.88132795e-08 -4.65861996e-06
2.51329982e-06 9.46531681e-08 -4.71819088e-06
2.53347811e-06 8.95269596e-08 -4.74896358e-06
2.53744051e-06 8.34024494e-08 -4.74845489e-06
2.52389426e-06 7.62519763e-08 -4.71420919e-06
2.49156871e-06 6.80528306e-08 -4.64381491e-06
2.43922436e-06 5.87876472e-08 -4.53492166e-06
2.36566201e-06 4.84447827e-08 -4.38525784e-06
2.26973226e-06 3.70186727e-08 -4.19264861e-06
2.15034508e-06 2.45101662e-08 -3.95503427e-06
2.00647956e-06 1.09268347e-08 -3.67048883e-06
1.83719374e-06 -3.71674614e-09 -3.33723871e-06
1.64163447e-06 -1.93987463e-08 -2.95368156e-06
1.41904721e-06 -3.60898635e-08 -2.51840497e-06
1.16878578e-06 -5.37531413e-08 -2.03020508e-06
8.90322022e-07 -7.23438241e-08 -1.48810492e-06
5.83255208e-07 -9.18092516e-08 -8.91372398e-07
2.47321249e-07 -1.12088795e-07 -2.39537835e-07
-1.17598399e-07 -1.33113835e-07 4.67589035e-07
-5.11468172e-07 -1.54807784e-07 1.22990277e-06
-9.34090247e-07 -1.77086154e-07 2.04698667e-06
-1.38509684e-06 -1.99856672e-07 2.91809811e-06
-1.86394303e-06 -2.23019435e-07 3.84215480e-06
-2.36990011e-06 -2.46467121e-07 4.81772221e-06
-2.90204959e-06 -2.70085241e-07 5.84300206e-06
-3.45927786e-06 -2.93752441e-07 6.91582211e-06
-4.04027150e-06 -3.17340843e-07 8.03362732e-06
-4.64351339e-06 -3.40716445e-07 9.19347236e-06
-5.26727964e-06 -3.63739549e-07 1.03920157e-05
-5.90963724e-06 -3.86265247e-07 1.16255153e-05
-6.56844271e-06 -4.08143938e-07 1.28898257e-05
-7.24134150e-06 -4.29221889e-07 1.41803972e-05
-7.92576846e-06 -4.49341834e-07 1.54922767e-05
-8.61894910e-06 -4.68343609e-07 1.68201098e-05
-9.31790197e-06 -4.86064816e-07 1.81581456e-05
-1.00194419e-05 -5.02341521e-07 1.95002430e-05
-1.07201843e-05 -5.17008978e-07 2.08398784e-05
-1.14165504e-05 -5.29902380e-07 2.21701563e-05
-1.21047737e-05 -5.40857623e-07 2.34838210e-05
-1.27809070e-05 -5.49712095e-07 2.47732706e-05
-1.34408310e-05 -5.56305478e-07 2.60305730e-05
-1.40802633e-05 -5.60480558e-07 2.72474834e-05
-1.46947690e-05 -5.62084039e-07 2.84154640e-05
-1.52797714e-05 -5.60967368e-07 2.95257057e-05
-1.58305649e-05 -5.56987549e-07 3.05691510e-05
-1.63423274e-05 -5.50007959e-07 3.15365193e-05
-1.68101347e-05 -5.39899152e-07 3.24183335e-05
-1.72289750e-05 -5.26539651e-07 3.32049484e-05
-1.75937649e-05 -5.09816720e-07 3.38865805e-05
-1.78993652e-05 -4.89627119e-07 3.44533398e-05
-1.81405986e-05 -4.65877835e-07 3.48952621e-05
-1.83122672e-05 -4.38486781e-07 3.52023434e-05
-1.84091708e-05 -4.07383466e-07 3.53645752e-05
-1.84261261e-05 -3.72509631e-07 3.53719808e-05
-1.83579859e-05 -3.33819844e-07 3.52146529e-05
-1.81996592e-05 -2.91282055e-07 3.48827919e-05
-1.79461316e-05 -2.44878106e-07 3.43667451e-05
-1.75924858e-05 -1.94604197e-07 3.36570459e-05
-1.71339223e-05 -1.40471300e-07 3.27444550e-05
-1.65657809e-05 -8.25055184e-08 3.16200003e-05
-1.58835616e-05 -2.07484014e-08 3.02750183e-05
-1.50829460e-05 4.47428053e-08 2.87011950e-05
-1.41598185e-05 1.13894962e-07 2.68906072e-05
-1.31102875e-05 1.86618893e-07 2.48357634e-05
-1.19307065e-05 2.62809312e-07 2.25296445e-05
-1.06176948e-05 3.42344796e-07 1.99657444e-05
-9.16815811e-06 4.25087824e-07 1.71381100e-05
-7.57930883e-06 5.10884883e-07 1.40413800e-05
-5.84868560e-06 5.99566617e-07 1.06708240e-05
-3.97417281e-06 6.90948053e-07 7.02237976e-06
-1.95401926e-06 7.84828874e-07 3.09268998e-06
2.13143580e-07 8.80993753e-07 -1.12086199e-06
2.52828411e-06 9.79212741e-07 -5.62011795e-06
4.99195373e-06 1.07924172e-06 -1.04061117e-05
7.60427078e-06 1.18082288e-06 -1.54790376e-05
1.03649052e-05 1.28368529e-06 -2.08382200e-05
1.32730643e-05 1.38754548e-06 -2.64820853e-05
1.63274789e-05 1.49210808e-06 -3.24081345e-05
1.95263910e-05 1.59706653e-06 -3.86129185e-05
2.28675418e-05 1.70210374e-06 -4.50920147e-05
2.63481614e-05 1.80689293e-06 -5.18400054e-05
2.99649586e-05 1.91109836e-06 -5.88504584e-05
3.37141128e-05 2.01437619e-06 -6.61159094e-05
3.75912660e-05 2.11637533e-06 -7.36278468e-05
4.15915162e-05 2.21673826e-06 -8.13766977e-05
4.57094124e-05 2.31510201e-06 -8.93518166e-05
4.99389496e-05 2.41109898e-06 -9.75414762e-05
5.42735655e-05 2.50435791e-06 -1.05932860e-04
5.87061389e-05 2.59450477e-06 -1.14512057e-04
6.32289873e-05 2.68116372e-06 -1.23264058e-04
6.78338679e-05 2.76395800e-06 -1.32172756e-04
7.25119774e-05 2.84251089e-06 -1.41220945e-04
7.72539544e-05 2.91644658e-06 -1.50390324e-04
8.20498823e-05 2.98539109e-06 -1.59661502e-04
8.68892923e-05 3.04897316e-06 -1.69014003e-04
9.17611690e-05 3.10682508e-06 -1.78426276e-04
9.66539553e-05 3.15858357e-06 -1.87875706e-04
1.01555559e-04 3.20389056e-06 -1.97338622e-04
1.06453359e-04 3.24239397e-06 -2.06790314e-04
1.11334216e-04 3.27374846e-06 -2.16205048e-04
1.16184477e-04 3.29761616e-06 -2.25556079e-04
1.20989989e-04 3.31366730e-06 -2.34815672e-04
1.25736104e-04 3.32158085e-06 -2.43955121e-04
1.30407693e-04 3.32104513e-06 -2.52944766e-04
1.34989158e-04 3.31175828e-06 -2.61754017e-04
1.39464438e-04 3.29342881e-06 -2.70351376e-04
1.43817024e-04 3.26577600e-06 -2.78704456e-04
1.48029973e-04 3.22853028e-06 -2.86780011e-04
1.52085916e-04 3.18143357e-06 -2.94543954e-04
1.55967072e-04 3.12423954e-06 -3.01961385e-04
1.59655262e-04 3.05671384e-06 -3.08996615e-04
1.63131919e-04 2.97863422e-06 -3.15613190e-04
1.66378102e-04 2.88979071e-06 -3.21773918e-04
1.69374510e-04 2.78998560e-06 -3.27440894e-04
1.72101490e-04 2.67903344e-06 -3.32575522e-04
1.74539052e-04 2.55676100e-06 -3.37138544e-04
1.76666881e-04 2.42300713e-06 -3.41090062e-04
1.78464349e-04 2.27762259e-06 -3.44389561e-04
1.79910523e-04 2.12046983e-06 -3.46995936e-04
1.80984180e-04 1.95142268e-06 -3.48867510e-04
1.81663813e-04 1.77036606e-06 -3.49962058e-04
1.81927646e-04 1.57719556e-06 -3.50236829e-04
1.81753637e-04 1.37181704e-06 -3.49648563e-04
1.81119492e-04 1.15414616e-06 -3.48153513e-04
1.80002670e-04 9.24107842e-07 -3.45707459e-04
1.78380391e-04 6.81635751e-07 -3.42265728e-04
1.76229642e-04 4.26671683e-07 -3.37783207e-04
1.73527185e-04 1.59164949e-07 -3.32214357e-04
1.70249559e-04 -1.20928278e-07 -3.25513224e-04
1.66373085e-04 -4.13645645e-07 -3.17633453e-04
1.61873871e-04 -7.19019329e-07 -3.08528293e-04
1.56727814e-04 -1.03707676e-06 -2.98150609e-04
1.50910599e-04 -1.36784138e-06 -2.86452883e-04
1.44397703e-04 -1.71133337e-06 -2.73387224e-04
1.37164396e-04 -2.06757049e-06 -2.58905366e-04
1.29185735e-04 -2.43656877e-06 -2.42958670e-04
1.20436567e-04 -2.81834338e-06 -2.25498127e-04
1.10891524e-04 -3.21290935e-06 -2.06474351e-04
1.00525021e-04 -3.62028240e-06 -1.85837577e-04
8.93112505e-05 -4.04047969e-06 -1.63537656e-04
7.72241781e-05 -4.47352059e-06 -1.39524048e-04
6.42375366e-05 -4.91942746e-06 -1.13745813e-04
5.03248196e-05 -5.37822634e-06 -8.61515994e-05
3.54592736e-05 -5.84994772e-06 -5.66896357e-05
1.96138909e-05 -6.33462719e-06 -2.53077148e-05
2.76140011e-06 -6.83230615e-06 8.04681905e-06
-1.51257424e-05 -7.34303243e-06 4.34270859e-05
-3.40753626e-05 -7.86686089e-06 8.08866867e-05
-5.41155791e-05 -8.40385402e-06 1.20479721e-04
-7.52748134e-05 -8.95408247e-06 1.62260806e-04
-9.75818016e-05 -9.51762551e-06 2.06285094e-04
-1.21065606e-04 -1.00945716e-05 2.52608298e-04
-1.45755625e-04 -1.06850185e-05 3.01286705e-04
-1.71681609e-04 -1.12890742e-05 3.52377203e-04
-1.98873666e-04 -1.19068567e-05 4.05937303e-04
-2.27362283e-04 -1.25384944e-05 4.62025156e-04
-2.57178329e-04 -1.31841265e-05 5.20699583e-04
-2.88353071e-04 -1.38439031e-05 5.82020089e-04
-3.20918189e-04 -1.45179851e-05 6.46046893e-04
-3.54905783e-04 -1.52065446e-05 7.12840944e-04
-3.90348386e-04 -1.59097646e-05 7.82463945e-04
-4.27278976e-04 -1.66278391e-05 8.54978376e-04
-4.65730987e-04 -1.73609730e-05 9.30447510e-04
-5.05738318e-04 -1.81093819e-05 1.00893544e-03
-5.47335343e-04 -1.88732918e-05 1.09050708e-03
-5.90556921e-04 -1.96529388e-05 1.17522820e-03
-6.35438404e-04 -2.04485690e-05 1.26316545e-03
-6.82015641e-04 -2.12604379e-05 1.35438635e-03
-7.30324992e-04 -2.20888100e-05 1.44895930e-03
-7.80403326e-04 -2.29339582e-05 1.54695364e-03
-8.32288030e-04 -2.37961634e-05 1.64843958e-03
-8.86017011e-04 -2.46757138e-05 1.75348830e-03
-9.41628699e-04 -2.55729043e-05 1.86217188e-03
-9.99162048e-04 -2.64880357e-05 1.97456332e-03
-1.05865653e-03 -2.74214140e-05 2.09073658e-03
-1.12015216e-03 -2.83733495e-05 2.21076652e-03
-1.18368943e-03 -2.93441560e-05 2.33472895e-03
-1.24930939e-03 -3.03341501e-05 2.46270058e-03
-1.31705358e-03 -3.13436499e-05 2.59475902e-03
-1.38696404e-03 -3.23729743e-05 2.73098278e-03
-1.45908329e-03 -3.34224417e-05 2.87145126e-03
-1.53345435e-03 -3.44923693e-05 3.01624467e-03
-1.61012071e-03 -3.55830719e-05 3.16544410e-03
-1.68912628e-03 -3.66948604e-05 3.31913141e-03
-1.77051544e-03 -3.78280414e-05 3.47738924e-03
-1.85433298e-03 -3.89829153e-05 3.64030097e-03
-1.94062407e-03 -4.01597756e-05 3.80795069e-03
-2.02943428e-03 -4.13589075e-05 3.98042313e-03
-2.12080950e-03 -4.25805865e-05 4.15780363e-03
-2.21479598e-03 -4.38250777e-05 4.34017812e-03
-2.31144024e-03 -4.50926338e-05 4.52763300e-03
-2.41078908e-03 -4.63834945e-05 4.72025516e-03
-2.51288953e-03 -4.76978849e-05 4.91813184e-03
-2.61778880e-03 -4.90360142e-05 5.12135063e-03
-2.72553431e-03 -5.03980746e-05 5.32999936e-03
-2.83617355e-03 -5.17842398e-05 5.54416604e-03
-2.94975413e-03 -5.31946640e-05 5.76393879e-03
-3.06632369e-03 -5.46294805e-05 5.98940575e-03
-3.18592987e-03 -5.60888002e-05 6.22065497e-03
-3.30862025e-03 -5.75727110e-05 6.45777437e-03
-3.43444232e-03 -5.90812759e-05 6.70085159e-03
-3.56344343e-03 -6.06145322e-05 6.94997396e-03
-3.69567070e-03 -6.21724900e-05 7.20522832e-03
-3.83117103e-03 -6.37551314e-05 7.46670097e-03
-3.96999098e-03 -6.53624090e-05 7.73447754e-03
-4.11217676e-03 -6.69942453e-05 8.00864289e-03
-4.25777413e-03 -6.86505308e-05 8.28928097e-03
-4.40682838e-03 -7.03311239e-05 8.57647472e-03
-4.55938422e-03 -7.20358489e-05 8.87030593e-03
-4.71548577e-03 -7.37644959e-05 9.17085515e-03
-4.87517644e-03 -7.55168194e-05 9.47820150e-03
-5.03849891e-03 -7.72925373e-05 9.79242259e-03
-5.20549501e-03 -7.90913304e-05 1.01135944e-02
-5.37620569e-03 -8.09128412e-05 1.04417910e-02
-5.55067095e-03 -8.27566735e-05 1.07770846e-02
-5.72892972e-03 -8.46223914e-05 1.11195453e-02
-5.91101985e-03 -8.65095187e-05 1.14692410e-02
-6.09697798e-03 -8.84175381e-05 1.18262371e-02
-6.28683949e-03 -9.03458912e-05 1.21905967e-02
-6.48063843e-03 -9.22939772e-05 1.25623800e-02
-6.67840742e-03 -9.42611530e-05 1.29416444e-02
-6.88017760e-03 -9.62467326e-05 1.33284444e-02
-7.08597851e-03 -9.82499866e-05 1.37228313e-02
-7.29583806e-03 -1.00270142e-04 1.41248531e-02
-7.50978241e-03 -1.02306383e-04 1.45345543e-02
-7.72783591e-03 -1.04357848e-04 1.49519759e-02
-7.95002101e-03 -1.06423633e-04 1.53771550e-02
-8.17635820e-03 -1.08502789e-04 1.58101248e-02
-8.40686591e-03 -1.10594323e-04 1.62509144e-02
-8.64156043e-03 -1.12697198e-04 1.66995488e-02
-8.88045583e-03 -1.14810332e-04 1.71560485e-02
-9.12356390e-03 -1.16932603e-04 1.76204292e-02
-9.37089406e-03 -1.19062840e-04 1.80927024e-02
-9.62245328e-03 -1.21199834e-04 1.85728742e-02
-9.87824598e-03 -1.23342330e-04 1.90609460e-02
-1.01382740e-02 -1.25489032e-04 1.95569140e-02
-1.04025365e-02 -1.27638602e-04 2.00607691e-02
-1.06710299e-02 -1.29789660e-04 2.05724966e-02
-1.09437478e-02 -1.31940788e-04 2.10920762e-02
-1.12206809e-02 -1.34090525e-04 2.16194821e-02
-1.15018168e-02 -1.36237374e-04 2.21546823e-02
-1.17871403e-02 -1.38379798e-04 2.26976391e-02
-1.20766329e-02 -1.40516223e-04 2.32483083e-02
-1.23702732e-02 -1.42645039e-04 2.38066399e-02
-1.26680361e-02 -1.44764601e-04 2.43725770e-02
-1.29698938e-02 -1.46873230e-04 2.49460566e-02
-1.32758146e-02 -1.48969214e-04 2.55270088e-02
-1.35857638e-02 -1.51050809e-04 2.61153572e-02
-1.38997031e-02 -1.53116241e-04 2.67110183e-02
-1.42175906e-02 -1.55163706e-04 2.73139019e-02
-1.45393810e-02 -1.57191375e-04 2.79239108e-02
-1.48650253e-02 -1.59197391e-04 2.85409404e-02
-1.51944709e-02 -1.61179872e-04 2.91648792e-02
-1.55276614e-02 -1.63136915e-04 2.97956082e-02
-1.58645369e-02 -1.65066593e-04 3.04330014e-02
-1.62050335e-02 -1.66966963e-04 3.10769251e-02
-1.65490837e-02 -1.68836060e-04 3.17272382e-02
-1.68966161e-02 -1.70671907e-04 3.23837922e-02
-1.72475555e-02 -1.72472511e-04 3.30464309e-02
-1.76018228e-02 -1.74235866e-04 3.37149907e-02
-1.79593350e-02 -1.75959957e-04 3.43893003e-02
-1.83200053e-02 -1.77642762e-04 3.50691808e-02
-1.86837429e-02 -1.79282249e-04 3.57544457e-02
-1.90504533e-02 -1.80876386e-04 3.64449007e-02
-1.94200378e-02 -1.82423137e-04 3.71403440e-02
-1.97923940e-02 -1.83920467e-04 3.78405661e-02
-2.01674157e-02 -1.85366344e-04 3.85453501e-02
-2.05449925e-02 -1.86758738e-04 3.92544713e-02
-2.09250104e-02 -1.88095630e-04 3.99676974e-02
-2.13073514e-02 -1.89375008e-04 4.06847889e-02
-2.16918938e-02 -1.90594872e-04 4.14054985e-02
-2.20785120e-02 -1.91753236e-04 4.21295719e-02
-2.24670768e-02 -1.92848132e-04 4.28567473e-02
-2.28574549e-02 -1.93877610e-04 4.35867554e-02
-2.32495098e-02 -1.94839739e-04 4.43193203e-02
-2.36431010e-02 -1.95732617e-04 4.50541587e-02
-2.40380844e-02 -1.96554363e-04 4.57909805e-02
-2.44343127e-02 -1.97303128e-04 4.65294885e-02
-2.48316347e-02 -1.97977094e-04 4.72693793e-02
-2.52298961e-02 -1.98574476e-04 4.80103424e-02
-2.56289390e-02 -1.99093525e-04 4.87520612e-02
-2.60286023e-02 -1.99532531e-04 4.94942129e-02
-2.64287219e-02 -1.99889826e-04 5.02364682e-02
-2.68291301e-02 -2.00163786e-04 5.09784921e-02
-2.72296567e-02 -2.00352831e-04 5.17199438e-02
-2.76301282e-02 -2.00455432e-04 5.24604769e-02
-2.80303682e-02 -2.00470111e-04 5.31997396e-02
-2.84301977e-02 -2.00395441e-04 5.39373747e-02
-2.88294351e-02 -2.00230054e-04 5.46730203e-02
-2.92278959e-02 -1.99972638e-04 5.54063096e-02
-2.96253935e-02 -1.99621944e-04 5.61368711e-02
-3.00217387e-02 -1.99176785e-04 5.68643291e-02
-3.04167403e-02 -1.98636037e-04 5.75883038e-02
-3.08102048e-02 -1.97998646e-04 5.83084115e-02
-3.12019368e-02 -1.97263628e-04 5.90242649e-02
-3.15917390e-02 -1.96430068e-04 5.97354735e-02
-3.19794124e-02 -1.95497128e-04 6.04416435e-02
-3.23647564e-02 -1.94464045e-04 6.11423785e-02
-3.27475690e-02 -1.93330132e-04 6.18372794e-02
-3.31276467e-02 -1.92094784e-04 6.25259451e-02
-3.35047851e-02 -1.90757476e-04 6.32079722e-02
-3.38787785e-02 -1.89317768e-04 6.38829560e-02
-3.42494205e-02 -1.87775304e-04 6.45504902e-02
-3.46165039e-02 -1.86129815e-04 6.52101675e-02
-3.49798209e-02 -1.84381120e-04 6.58615799e-02
-3.53391633e-02 -1.82529130e-04 6.65043191e-02
-3.56943227e-02 -1.80573843e-04 6.71379764e-02
-3.60450905e-02 -1.78515353e-04 6.77621435e-02
-3.63912583e-02 -1.76353847e-04 6.83764126e-02
-3.67326177e-02 -1.74089605e-04 6.89803767e-02
-3.70689609e-02 -1.71723005e-04 6.95736302e-02
-3.74000806e-02 -1.69254521e-04 7.01557687e-02
-3.77257700e-02 -1.66684724e-04 7.07263900e-02
-3.80458236e-02 -1.64014284e-04 7.12850939e-02
-3.83600367e-02 -1.61243969e-04 7.18314827e-02
-3.86682057e-02 -1.58374649e-04 7.23651617e-02
-3.89701288e-02 -1.55407290e-04 7.28857393e-02
-3.92656054e-02 -1.52342961e-04 7.33928277e-02
-3.95544368e-02 -1.49182830e-04 7.38860426e-02
-3.98364263e-02 -1.45928165e-04 7.43650042e-02
-4.01113791e-02 -1.42580337e-04 7.48293373e-02
-4.03791028e-02 -1.39140812e-04 7.52786715e-02
-4.06394074e-02 -1.35611161e-04 7.57126416e-02
-4.08921054e-02 -1.31993051e-04 7.61308881e-02
-4.11370121e-02 -1.28288249e-04 7.65330573e-02
-4.13739459e-02 -1.24498620e-04 7.69188019e-02
-4.16027280e-02 -1.20626127e-04 7.72877809e-02
-4.18231832e-02 -1.16672827e-04 7.76396604e-02
-4.20351394e-02 -1.12640875e-04 7.79741137e-02
-4.22384283e-02 -1.08532519e-04 7.82908216e-02
-4.24328853e-02 -1.04350101e-04 7.85894725e-02
-4.26183496e-02 -1.00096051e-04 7.88697633e-02
-4.27946646e-02 -9.57728939e-05 7.91313991e-02
-4.29616778e-02 -9.13832390e-05 7.93740937e-02
-4.31192411e-02 -8.69297838e-05 7.95975701e-02
-4.32672109e-02 -8.24153098e-05 7.98015604e-02
-4.34054482e-02 -7.78426810e-05 7.99858064e-02
-4.35338188e-02 -7.32148420e-05 8.01500597e-02
-4.36521934e-02 -6.85348151e-05 8.02940820e-02
-4.37604477e-02 -6.38056987e-05 8.04176454e-02
-4.38584628e-02 -5.90306640e-05 8.05205324e-02
-4.39461249e-02 -5.42129530e-05 8.06025366e-02
-4.40233255e-02 -4.93558754e-05 8.06634625e-02
-4.40899619e-02 -4.44628061e-05 8.07031259e-02
-4.41459370e-02 -3.95371818e-05 8.07213542e-02
-4.41911592e-02 -3.45824986e-05 8.07179864e-02
-4.42255431e-02 -2.96023081e-05 8.06928733e-02
-4.42490090e-02 -2.46002151e-05 8.06458781e-02
-4.42614833e-02 -1.95798733e-05 8.05768759e-02
-4.42628986e-02 -1.45449826e-05 8.04857544e-02
-4.42531936e-02 -9.49928546e-06 8.03724136e-02
-4.42323134e-02 -4.44656304e-06 8.02367667e-02
-4.42002094e-02 6.09368083e-07 8.00787391e-02
-4.41568394e-02 5.66465982e-06 7.98982697e-02
-4.41021678e-02 1.07154363e-05 7.96953102e-02
-4.40361652e-02 1.57577978e-05 7.94698253e-02
-4.39588093e-02 2.07878244e-05 7.92217933e-02
-4.38700840e-02 2.58015802e-05 7.89512056e-02
-4.37699800e-02 3.07951174e-05 7.86580669e-02
-4.36584949e-02 3.57644799e-05 7.83423955e-02
-4.35356326e-02 4.07057078e-05 7.80042230e-02
-4.34014041e-02 4.56148414e-05 7.76435946e-02
-4.32558270e-02 5.04879253e-05 7.72605691e-02
-4.30989258e-02 5.53210126e-05 7.68552185e-02
-4.29307315e-02 6.01101691e-05 7.64276285e-02
-4.27512820e-02 6.48514774e-05 7.59778983e-02
-4.25606220e-02 6.95410413e-05 7.55061404e-02
-4.23588028e-02 7.41749897e-05 7.50124808e-02
-4.21458826e-02 7.87494811e-05 7.44970588e-02
-4.19219260e-02 8.32607076e-05 7.39600270e-02
-4.16870044e-02 8.77048992e-05 7.34015510e-02
-4.14411958e-02 9.20783277e-05 7.28218097e-02
-4.11845848e-02 9.63773111e-05 7.22209949e-02
-4.09172622e-02 1.00598217e-04 7.15993113e-02
-4.06393256e-02 1.04737469e-04 7.09569762e-02
-4.03508786e-02 1.08791547e-04 7.02942196e-02
-4.00520315e-02 1.12756993e-04 6.96112840e-02
-3.97429006e-02 1.16630416e-04 6.89084241e-02
-3.94236082e-02 1.20408494e-04 6.81859066e-02
-3.90942828e-02 1.24087981e-04 6.74440103e-02
-3.87550589e-02 1.27665704e-04 6.66830257e-02
-3.84060768e-02 1.31138575e-04 6.59032546e-02
-3.80474825e-02 1.34503588e-04 6.51050103e-02
-3.76794277e-02 1.37757826e-04 6.42886171e-02
-3.73020695e-02 1.40898463e-04 6.34544103e-02
-3.69155706e-02 1.43922766e-04 6.26027355e-02
-3.65200988e-02 1.46828101e-04 6.17339489e-02
-3.61158271e-02 1.49611935e-04 6.08484166e-02
-3.57029337e-02 1.52271839e-04 5.99465145e-02
-3.52816013e-02 1.54805487e-04 5.90286282e-02
-3.48520178e-02 1.57210666e-04 5.80951523e-02
-3.44143752e-02 1.59485273e-04 5.71464905e-02
-3.39688703e-02 1.61627318e-04 5.61830550e-02
-3.35157040e-02 1.63634928e-04 5.52052665e-02
-3.30550815e-02 1.65506351e-04 5.42135535e-02
-3.25872118e-02 1.67239951e-04 5.32083522e-02
-3.21123078e-02 1.68834217e-04 5.21901064e-02
-3.16305860e-02 1.70287763e-04 5.11592665e-02
-3.11422663e-02 1.71599328e-04 5.01162898e-02
-3.06475721e-02 1.72767776e-04 4.90616400e-02
-3.01467296e-02 1.73792104e-04 4.79957865e-02
-2.96399683e-02 1.74671433e-04 4.69192047e-02
-2.91275202e-02 1.75405020e-04 4.58323748e-02
-2.86096200e-02 1.75992251e-04 4.47357821e-02
-2.80865048e-02 1.76432643e-04 4.36299165e-02
-2.75584137e-02 1.76725848e-04 4.25152720e-02
-2.70255883e-02 1.76871651e-04 4.13923463e-02
-2.64882715e-02 1.76869967e-04 4.02616405e-02
-2.59467083e-02 1.76720849e-04 3.91236588e-02
-2.54011448e-02 1.76424480e-04 3.79789081e-02
-2.48518287e-02 1.75981176e-04 3.68278974e-02
-2.42990085e-02 1.75391387e-04 3.56711377e-02
-2.37429337e-02 1.74655693e-04 3.45091416e-02
-2.31838547e-02 1.73774807e-04 3.33424227e-02
-2.26220221e-02 1.72749571e-04 3.21714955e-02
-2.20576870e-02 1.71580956e-04 3.09968746e-02
-2.14911006e-02 1.70270062e-04 2.98190750e-02
-2.09225141e-02 1.68818115e-04 2.86386110e-02
-2.03521785e-02 1.67226464e-04 2.74559964e-02
-1.97803441e-02 1.65496585e-04 2.62717438e-02
-1.92072610e-02 1.63630072e-04 2.50863643e-02
-1.86331782e-02 1.61628641e-04 2.39003672e-02
-1.80583439e-02 1.59494124e-04 2.27142597e-02
-1.74830050e-02 1.57228469e-04 2.15285464e-02
-1.69074074e-02 1.54833736e-04 2.03437289e-02
-1.63317951e-02 1.52312095e-04 1.91603057e-02
-1.57564107e-02 1.49665827e-04 1.79787716e-02
-1.51814948e-02 1.46897313e-04 1.67996177e-02
-1.46072861e-02 1.44009038e-04 1.56233305e-02
-1.40340212e-02 1.41003588e-04 1.44503923e-02
-1.34619342e-02 1.37883642e-04 1.32812804e-02
-1.28912567e-02 1.34651974e-04 1.21164667e-02
-1.23222180e-02 1.31311445e-04 1.09564178e-02
-1.17550441e-02 1.27865005e-04 9.80159441e-03
-1.11899585e-02 1.24315683e-04 8.65245127e-03
-1.06271814e-02 1.20666590e-04 7.50943661e-03
-1.00669299e-02 1.16920911e-04 6.37299204e-03
-9.50941756e-03 1.13081902e-04 5.24355228e-03
-8.95485463e-03 1.09152888e-04 4.12154482e-03
-8.40344768e-03 1.05137257e-04 3.00738977e-03
-7.85539956e-03 1.01038456e-04 1.90149951e-03
-7.31090928e-03 9.68599890e-05 8.04278560e-04
-6.77017184e-03 9.26054122e-05 -2.83876739e-04
-6.23337821e-03 8.82783287e-05 -1.36257838e-03
-5.70071516e-03 8.38823855e-05 -2.43144693e-03
-5.17236516e-03 7.94212689e-05 -3.49011170e-03
-4.64850634e-03 7.48987008e-05 -4.53821097e-03
-4.12931235e-03 7.03184340e-05 -5.57539215e-03
-3.61495226e-03 6.56842480e-05 -6.60131194e-03
-3.10559056e-03 6.09999452e-05 -7.61563653e-03
-2.60138698e-03 5.62693464e-05 -8.61804168e-03
-2.10249650e-03 5.14962864e-05 -9.60821296e-03
-1.60906924e-03 4.66846101e-05 -1.05858458e-02
-1.12125043e-03 4.18381681e-05 -1.15506456e-02
-6.39180314e-04 3.69608128e-05 -1.25023280e-02
-1.62994143e-04 3.20563939e-05 -1.34406188e-02
3.07177902e-04 2.71287544e-05 -1.43652540e-02
7.71210737e-04 2.21817266e-05 -1.52759803e-02
1.22898442e-03 1.72191281e-05 -1.61725545e-02
1.68038416e-03 1.22447575e-05 -1.70547442e-02
2.12530038e-03 7.26239106e-06 -1.79223277e-02
2.56362870e-03 2.27577812e-06 -1.87750935e-02
2.99526997e-03 -2.71136222e-06 -1.96128412e-02
3.42013030e-03 -7.69534501e-06 -2.04353809e-02
3.83812103e-03 -1.26725231e-05 -2.12425335e-02
4.24915875e-03 -1.76392907e-05 -2.20341305e-02
4.65316530e-03 -2.25920871e-05 -2.28100143e-02
5.05006776e-03 -2.75273995e-05 -2.35700377e-02
5.43979841e-03 -3.24417672e-05 -2.43140646e-02
5.82229478e-03 -3.73317841e-05 -2.50419693e-02
6.19749957e-03 -4.21941020e-05 -2.57536367e-02
6.56536061e-03 -4.70254340e-05 -2.64489623e-02
6.92583091e-03 -5.18225571e-05 -2.71278523e-02
7.27886854e-03 -5.65823147e-05 -2.77902231e-02
7.62443665e-03 -6.13016200e-05 -2.84360017e-02
7.96250339e-03 -6.59774581e-05 -2.90651251e-02
8.29304189e-03 -7.06068886e-05 -2.96775409e-02
8.61603018e-03 -7.51870477e-05 -3.02732066e-02
8.93145118e-03 -7.97151508e-05 -3.08520896e-02
9.23929259e-03 -8.41884943e-05 -3.14141676e-02
9.53954688e-03 -8.86044577e-05 -3.19594277e-02
9.83221118e-03 -9.29605053e-05 -3.24878669e-02
1.01172872e-02 -9.72541879e-05 -3.29994917e-02
1.03947814e-02 -1.01483144e-04 -3.34943180e-02
1.06647043e-02 -1.05645103e-04 -3.39723709e-02
1.09270711e-02 -1.09737883e-04 -3.44336848e-02
1.11819014e-02 -1.13759395e-04 -3.48783028e-02
1.14292188e-02 -1.17707644e-04 -3.53062772e-02
1.16690511e-02 -1.21580727e-04 -3.57176685e-02
1.19014302e-02 -1.25376836e-04 -3.61125460e-02
1.21263919e-02 -1.29094259e-04 -3.64909872e-02
1.23439760e-02 -1.32731378e-04 -3.68530777e-02
1.25542259e-02 -1.36286672e-04 -3.71989112e-02
1.27571887e-02 -1.39758715e-04 -3.75285890e-02
1.29529153e-02 -1.43146178e-04 -3.78422201e-02
1.31414599e-02 -1.46447828e-04 -3.81399208e-02
1.33228801e-02 -1.49662526e-04 -3.84218147e-02
1.34972367e-02 -1.52789230e-04 -3.86880322e-02
1.36645938e-02 -1.55826993e-04 -3.89387106e-02
1.38250185e-02 -1.58774961e-04 -3.91739940e-02
1.39785810e-02 -1.61632373e-04 -3.93940326e-02
1.41253542e-02 -1.64398563e-04 -3.95989828e-02
1.42654137e-02 -1.67072954e-04 -3.97890071e-02
1.43988378e-02 -1.69655060e-04 -3.99642737e-02
1.45257075e-02 -1.72144485e-04 -4.01249564e-02
1.46461060e-02 -1.74540921e-04 -4.02712343e-02
1.47601188e-02 -1.76844145e-04 -4.04032916e-02
1.48678338e-02 -1.79054019e-04 -4.05213174e-02
1.49693408e-02 -1.81170489e-04 -4.06255055e-02
1.50647316e-02 -1.83193583e-04 -4.07160542e-02
1.51541000e-02 -1.85123405e-04 -4.07931662e-02
1.52375413e-02 -1.86960141e-04 -4.08570480e-02
1.53151527e-02 -1.88704050e-04 -4.09079100e-02
1.53870329e-02 -1.90355463e-04 -4.09459664e-02
1.54532820e-02 -1.91914785e-04 -4.09714347e-02
1.55140012e-02 -1.93382489e-04 -4.09845355e-02
1.55692933e-02 -1.94759112e-04 -4.09854926e-02
1.56192620e-02 -1.96045258e-04 -4.09745324e-02
1.56640120e-02 -1.97241591e-04 -4.09518839e-02
1.57036490e-02 -1.98348835e-04 -4.09177787e-02
1.57382793e-02 -1.99367768e-04 -4.08724502e-02
1.57680102e-02 -2.00299225e-04 -4.08161341e-02
1.57929493e-02 -2.01144089e-04 -4.07490676e-02
1.58132049e-02 -2.01903292e-04 -4.06714897e-02
1.58288857e-02 -2.02577813e-04 -4.05836407e-02
1.58401006e-02 -2.03168672e-04 -4.04857620e-02
1.58469587e-02 -2.03676929e-04 -4.03780961e-02
1.58495693e-02 -2.04103682e-04 -4.02608862e-02
1.58480418e-02 -2.04450062e-04 -4.01343763e-02
1.58424854e-02 -2.04717231e-04 -3.99988107e-02
1.58330093e-02 -2.04906381e-04 -3.98544341e-02
1.58197223e-02 -2.05018728e-04 -3.97014913e-02
1.58027329e-02 -2.05055511e-04 -3.95402268e-02
1.57821495e-02 -2.05017990e-04 -3.93708852e-02
1.57580798e-02 -2.04907440e-04 -3.91937104e-02
1.57306308e-02 -2.04725150e-04 -3.90089460e-02
1.56999092e-02 -2.04472423e-04 -3.88168348e-02
1.56660209e-02 -2.04150569e-04 -3.86176187e-02
1.56290710e-02 -2.03760902e-04 -3.84115387e-02
1.55891637e-02 -2.03304743e-04 -3.81988344e-02
1.55464025e-02 -2.02783410e-04 -3.79797444e-02
1.55008899e-02 -2.02198220e-04 -3.77545058e-02
1.54527271e-02 -2.01550486e-04 -3.75233541e-02
1.54020147e-02 -2.00841513e-04 -3.72865231e-02
1.53488518e-02 -2.00072598e-04 -3.70442448e-02
1.52933366e-02 -1.99245024e-04 -3.67967494e-02
1.52355657e-02 -1.98360060e-04 -3.65442650e-02
1.51756348e-02 -1.97418960e-04 -3.62870174e-02
1.51136381e-02 -1.96422958e-04 -3.60252303e-02
1.50496685e-02 -1.95373266e-04 -3.57591252e-02
1.49838173e-02 -1.94271077e-04 -3.54889208e-02
1.49161745e-02 -1.93117556e-04 -3.52148334e-02
1.48468287e-02 -1.91913843e-04 -3.49370769e-02
1.47758668e-02 -1.90661048e-04 -3.46558621e-02
1.47033743e-02 -1.89360253e-04 -3.43713972e-02
1.46294350e-02 -1.88012508e-04 -3.40838876e-02
1.45541312e-02 -1.86618829e-04 -3.37935356e-02
1.44775434e-02 -1.85180199e-04 -3.35005405e-02
1.43997506e-02 -1.83697564e-04 -3.32050985e-02
1.43208300e-02 -1.82171834e-04 -3.29074029e-02
1.42408573e-02 -1.80603882e-04 -3.26076434e-02
1.41599063e-02 -1.78994540e-04 -3.23060068e-02
1.40780491e-02 -1.77344602e-04 -3.20026763e-02
1.39953561e-02 -1.75654821e-04 -3.16978321e-02
1.39118960e-02 -1.73925909e-04 -3.13916506e-02
1.38277357e-02 -1.72158535e-04 -3.10843051e-02
1.37429402e-02 -1.70353328e-04 -3.07759653e-02
1.36575730e-02 -1.68510874e-04 -3.04667974e-02
1.35716955e-02 -1.66631715e-04 -3.01569642e-02
1.34853678e-02 -1.64716352e-04 -2.98466247e-02
1.33986477e-02 -1.62765241e-04 -2.95359346e-02
1.33115916e-02 -1.60778797e-04 -2.92250459e-02
1.32242540e-02 -1.58757393e-04 -2.89141070e-02
1.31366876e-02 -1.56701358e-04 -2.86032627e-02
1.30489435e-02 -1.54610980e-04 -2.82926542e-02
1.29610711e-02 -1.52486506e-04 -2.79824191e-02
1.28731177e-02 -1.50328142e-04 -2.76726914e-02
1.27851293e-02 -1.48136052e-04 -2.73636013e-02
1.26971501e-02 -1.45910365e-04 -2.70552755e-02
1.26092225e-02 -1.43651167e-04 -2.67478373e-02
1.25213872e-02 -1.41358510e-04 -2.64414060e-02
1.24336835e-02 -1.39032409e-04 -2.61360976e-02
1.23461488e-02 -1.36672841e-04 -2.58320243e-02
1.22588191e-02 -1.34279753e-04 -2.55292951e-02
1.21717287e-02 -1.31853057e-04 -2.52280151e-02
1.20849102e-02 -1.29392634e-04 -2.49282860e-02
1.19983951e-02 -1.26898336e-04 -2.46302060e-02
1.19122128e-02 -1.24369985e-04 -2.43338699e-02
1.18263916e-02 -1.21807379e-04 -2.40393689e-02
1.17409583e-02 -1.19210289e-04 -2.37467909e-02
1.16559381e-02 -1.16578462e-04 -2.34562205e-02
1.15713549e-02 -1.13911625e-04 -2.31677387e-02
1.14872311e-02 -1.11209485e-04 -2.28814233e-02
1.14035879e-02 -1.08471732e-04 -2.25973489e-02
1.13204451e-02 -1.05698039e-04 -2.23155868e-02
1.12378211e-02 -1.02888064e-04 -2.20362050e-02
1.11557333e-02 -1.00041455e-04 -2.17592685e-02
1.10741975e-02 -9.71578505e-05 -2.14848390e-02
1.09932285e-02 -9.42368795e-05 -2.12129752e-02
1.09128400e-02 -9.12781663e-05 -2.09437327e-02
1.08330444e-02 -8.82813314e-05 -2.06771643e-02
1.07538531e-02 -8.52459940e-05 -2.04133195e-02
1.06752762e-02 -8.21717740e-05 -2.01522453e-02
1.05973231e-02 -7.90582941e-05 -1.98939856e-02
1.05200019e-02 -7.59051820e-05 -1.96385814e-02
1.04433198e-02 -7.27120727e-05 -1.93860712e-02
1.03672831e-02 -6.94786105e-05 -1.91364906e-02
1.02918972e-02 -6.62044512e-05 -1.88898727e-02
1.02171663e-02 -6.28892644e-05 -1.86462478e-02
1.01430943e-02 -5.95327350e-05 -1.84056437e-02
1.00696837e-02 -5.61345663e-05 -1.81680859e-02
9.99693669e-03 -5.26944811e-05 -1.79335972e-02
9.92485436e-03 -4.92122244e-05 -1.77021980e-02
9.85343724e-03 -4.56875650e-05 -1.74739065e-02
9.78268511e-03 -4.21202977e-05 -1.72487386e-02
9.71259709e-03 -3.85102453e-05 -1.70267078e-02
9.64317166e-03 -3.48572601e-05 -1.68078255e-02
9.57440670e-03 -3.11612262e-05 -1.65921010e-02
9.50629952e-03 -2.74220610e-05 -1.63795416e-02
9.43884686e-03 -2.36397171e-05 -1.61701523e-02
9.37204496e-03 -1.98141837e-05 -1.59639363e-02
9.30588956e-03 -1.59454886e-05 -1.57608950e-02
9.24037594e-03 -1.20336995e-05 -1.55610277e-02
9.17549896e-03 -8.07892553e-06 -1.53643319e-02
9.11125306e-03 -4.08131859e-06 -1.51708037e-02
9.04763229e-03 -4.10748525e-08 -1.49804369e-02
8.98463036e-03 4.04156410e-06 -1.47932241e-02
8.92224065e-03 8.16631005e-06 -1.46091561e-02
8.86045624e-03 1.23328270e-05 -1.44282223e-02
8.79926991e-03 1.65407304e-05 -1.42504104e-02
8.73867420e-03 2.07895856e-05 -1.40757067e-02
8.67866142e-03 2.50789078e-05 -1.39040962e-02
8.61922366e-03 2.94081608e-05 -1.37355624e-02
8.56035283e-03 3.37767562e-05 -1.35700877e-02
8.50204067e-03 3.81840533e-05 -1.34076531e-02
8.44427876e-03 4.26293581e-05 -1.32482384e-02
8.38705858e-03 4.71119234e-05 -1.30918222e-02
8.33037148e-03 5.16309481e-05 -1.29383822e-02
8.27420874e-03 5.61855770e-05 -1.27878948e-02
8.21856155e-03 6.07749011e-05 -1.26403355e-02
8.16342106e-03 6.53979569e-05 -1.24956788e-02
8.10877839e-03 7.00537273e-05 -1.23538983e-02
8.05462462e-03 7.47411410e-05 -1.22149667e-02
8.00095084e-03 7.94590732e-05 -1.20788558e-02
7.94774816e-03 8.42063460e-05 -1.19455368e-02
7.89500769e-03 8.89817283e-05 -1.18149799e-02
7.84272060e-03 9.37839374e-05 -1.16871548e-02
7.79087810e-03 9.86116384e-05 -1.15620304e-02
7.73947146e-03 1.03463446e-04 -1.14395749e-02
7.68849204e-03 1.08337924e-04 -1.13197562e-02
7.63793127e-03 1.13233589e-04 -1.12025413e-02
7.58778069e-03 1.18148907e-04 -1.10878970e-02
7.53803193e-03 1.23082299e-04 -1.09757893e-02
7.48867677e-03 1.28032140e-04 -1.08661842e-02
7.43970707e-03 1.32996758e-04 -1.07590468e-02
7.39111485e-03 1.37974441e-04 -1.06543421e-02
7.34289227e-03 1.42963434e-04 -1.05520349e-02
7.29503162e-03 1.47961940e-04 -1.04520894e-02
7.24752536e-03 1.52968126e-04 -1.03544696e-02
7.20036611e-03 1.57980121e-04 -1.02591395e-02
7.15354664e-03 1.62996018e-04 -1.01660626e-02
7.10705990e-03 1.68013876e-04 -1.00752024e-02
7.06089901e-03 1.73031724e-04 -9.98652224e-03
7.01505727e-03 1.78047560e-04 -9.89998527e-03
6.96952817e-03 1.83059355e-04 -9.81555462e-03
6.92430537e-03 1.88065053e-04 -9.73319334e-03
6.87938271e-03 1.93062575e-04 -9.65286446e-03
6.83475425e-03 1.98049821e-04 -9.57453098e-03
6.79041421e-03 2.03024671e-04 -9.49815595e-03
6.74635702e-03 2.07984988e-04 -9.42370244e-03
6.70257728e-03 2.12928620e-04 -9.35113360e-03
6.65906982e-03 2.17853402e-04 -9.28041267e-03
6.61582962e-03 2.22757159e-04 -9.21150300e-03
6.57285188e-03 2.27637710e-04 -9.14436809e-03
6.53013199e-03 2.32492865e-04 -9.07897158e-03
6.48766553e-03 2.37320433e-04 -9.01527729e-03
6.44544825e-03 2.42118223e-04 -8.95324924e-03
6.40347613e-03 2.46884045e-04 -8.89285167e-03
6.36174529e-03 2.51615712e-04 -8.83404904e-03
6.32025207e-03 2.56311047e-04 -8.77680607e-03
6.27899298e-03 2.60967878e-04 -8.72108775e-03
6.23796470e-03 2.65584048e-04 -8.66685934e-03
6.19716411e-03 2.70157414e-04 -8.61408643e-03
6.15658824e-03 2.74685847e-04 -8.56273488e-03
6.11623431e-03 2.79167240e-04 -8.51277091e-03
6.07609969e-03 2.83599507e-04 -8.46416108e-03
6.03618194e-03 2.87980584e-04 -8.41687230e-03
5.99647875e-03 2.92308436e-04 -8.37087183e-03
5.95698799e-03 2.96581056e-04 -8.32612735e-03
5.91770767e-03 3.00796467e-04 -8.28260688e-03
5.87863597e-03 3.04952728e-04 -8.24027887e-03
5.83977117e-03 3.09047931e-04 -8.19911219e-03
5.80111175e-03 3.13080207e-04 -8.15907610e-03
5.76265627e-03 3.17047730e-04 -8.12014030e-03
5.72440346e-03 3.20948712e-04 -8.08227495e-03
5.68635217e-03 3.24781414e-04 -8.04545061e-03
5.64850135e-03 3.28544140e-04 -8.00963833e-03
5.61085010e-03 3.32235247e-04 -7.97480960e-03
5.57339762e-03 3.35853138e-04 -7.94093638e-03
5.53614321e-03 3.39396274e-04 -7.90799109e-03
5.49908628e-03 3.42863166e-04 -7.87594663e-03
5.46222636e-03 3.46252384e-04 -7.84477639e-03
5.42556305e-03 3.49562557e-04 -7.81445423e-03
5.38909604e-03 3.52792372e-04 -7.78495449e-03
5.35282514e-03 3.55940579e-04 -7.75625203e-03
5.31675019e-03 3.59005991e-04 -7.72832217e-03
5.28087115e-03 3.61987484e-04 -7.70114074e-03
5.24518804e-03 3.64884004e-04 -7.67468407e-03
5.20970094e-03 3.67694561e-04 -7.64892899e-03
5.17441000e-03 3.70418235e-04 -7.62385282e-03
5.13931543e-03 3.73054176e-04 -7.59943338e-03
5.10441750e-03 3.75601606e-04 -7.57564900e-03
5.06971653e-03 3.78059819e-04 -7.55247851e-03
5.03521288e-03 3.80428180e-04 -7.52990123e-03
5.00090696e-03 3.82706131e-04 -7.50789699e-03
4.96679922e-03 3.84893188e-04 -7.48644612e-03
4.93289014e-03 3.86988942e-04 -7.46552942e-03
4.89918024e-03 3.88993061e-04 -7.44512824e-03
4.86567007e-03 3.90905291e-04 -7.42522436e-03
4.83236020e-03 3.92725453e-04 -7.40580009e-03
4.79925122e-03 3.94453448e-04 -7.38683823e-03
4.76634376e-03 3.96089253e-04 -7.36832204e-03
4.73363842e-03 3.97632927e-04 -7.35023529e-03
4.70113587e-03 3.99084604e-04 -7.33256220e-03
4.66883674e-03 4.00444499e-04 -7.31528749e-03
4.63674170e-03 4.01712904e-04 -7.29839635e-03
4.60485142e-03 4.02890191e-04 -7.28187441e-03
4.57316656e-03 4.03976811e-04 -7.26570780e-03
4.54168778e-03 4.04973291e-04 -7.24988309e-03
4.51041575e-03 4.05880239e-04 -7.23438729e-03
4.47935113e-03 4.06698338e-04 -7.21920790e-03
4.44849458e-03 4.07428350e-04 -7.20433281e-03
4.41784673e-03 4.08071112e-04 -7.18975040e-03
4.38740822e-03 4.08627537e-04 -7.17544945e-03
4.35717967e-03 4.09098616e-04 -7.16141919e-03
4.32716169e-03 4.09485411e-04 -7.14764925e-03
4.29735489e-03 4.09789061e-04 -7.13412969e-03
4.26775983e-03 4.10010774e-04 -7.12085100e-03
4.23837708e-03 4.10151834e-04 -7.10780403e-03
4.20920718e-03 4.10213593e-04 -7.09498007e-03
4.18025065e-03 4.10197473e-04 -7.08237078e-03
4.15150801e-03 4.10104965e-04 -7.06996822e-03
4.12297973e-03 4.09937629e-04 -7.05776483e-03
4.09466627e-03 4.09697088e-04 -7.04575342e-03
4.06656809e-03 4.09385032e-04 -7.03392717e-03
4.03868560e-03 4.09003213e-04 -7.02227961e-03
4.01101919e-03 4.08553446e-04 -7.01080465e-03
3.98356923e-03 4.08037606e-04 -6.99949654e-03
3.95633609e-03 4.07457625e-04 -6.98834985e-03
3.92932009e-03 4.06815495e-04 -6.97735951e-03
3.90252153e-03 4.06113262e-04 -6.96652078e-03
3.87594070e-03 4.05353026e-04 -6.95582924e-03
3.84957786e-03 4.04536940e-04 -6.94528078e-03
3.82343324e-03 4.03667207e-04 -6.93487161e-03
3.79750707e-03 4.02746077e-04 -6.92459822e-03
3.77179955e-03 4.01775848e-04 -6.91445743e-03
3.74631083e-03 4.00758863e-04 -6.90444633e-03
3.72104109e-03 3.99697509e-04 -6.89456231e-03
3.69599046e-03 3.98594210e-04 -6.88480301e-03
3.67115904e-03 3.97451434e-04 -6.87516637e-03
3.64654695e-03 3.96271681e-04 -6.86565059e-03
3.62215426e-03 3.95057491e-04 -6.85625412e-03
3.59798104e-03 3.93811433e-04 -6.84697566e-03
3.57402732e-03 3.92536108e-04 -6.83781418e-03
3.55029316e-03 3.91234146e-04 -6.82876886e-03
3.52677855e-03 3.89908205e-04 -6.81983913e-03
3.50348352e-03 3.88560964e-04 -6.81102465e-03
3.48040805e-03 3.87195129e-04 -6.80232530e-03
3.45755212e-03 3.85813422e-04 -6.79374117e-03
3.43491572e-03 3.84418585e-04 -6.78527258e-03
3.41249879e-03 3.83013378e-04 -6.77692004e-03
3.39030129e-03 3.81600571e-04 -6.76868425e-03
3.36832317e-03 3.80182950e-04 -6.76056613e-03
3.34656437e-03 3.78763306e-04 -6.75256676e-03
3.32502482e-03 3.77344440e-04 -6.74468743e-03
3.30370445e-03 3.75929160e-04 -6.73692959e-03
3.28260319e-03 3.74520273e-04 -6.72929486e-03
3.26172097e-03 3.73120590e-04 -6.72178504e-03
