-3.53125003e-06 -2.04863053e-06 8.14844359e-06
-1.68189627e-05 -9.82510218e-06 3.87139667e-05
-4.30393959e-05 -2.53447099e-05 9.87393805e-05
-8.43747332e-05 -5.01171663e-05 1.92834724e-04
-1.42208843e-04 -8.52341103e-05 3.23677675e-04
-2.17293263e-04 -1.31443227e-04 4.92432914e-04
-3.09886855e-04 -1.89211050e-04 6.99101203e-04
-4.19872407e-04 -2.58776178e-04 9.42807902e-04
-5.46853171e-04 -3.40194336e-04 1.22203966e-03
-6.90232090e-04 -4.33376510e-04 1.53483696e-03
-8.49276201e-04 -5.38121146e-04 1.87894937e-03
-1.02316839e-03 -6.54141308e-04 2.25195932e-03
-1.21104852e-03 -7.81087489e-04 2.65137967e-03
-1.41204550e-03 -9.18566723e-04 3.07472938e-03
-1.62530203e-03 -1.06615851e-03 3.51959108e-03
-1.84999304e-03 -1.22342804e-03 3.98365386e-03
-2.08533913e-03 -1.38993701e-03 4.46474394e-03
-2.33061590e-03 -1.56525255e-03 4.96084553e-03
-2.58515991e-03 -1.74895430e-03 5.47011385e-03
-2.84837209e-03 -1.94064016e-03 5.99088192e-03
-3.11971901e-03 -2.13993066e-03 6.52166253e-03
-3.39873264e-03 -2.34647240e-03 7.06114633e-03
-3.68500886e-03 -2.55994041e-03 7.60819720e-03
-3.97820511e-03 -2.78003998e-03 8.16184546e-03
-4.27803744e-03 -3.00650760e-03 8.72127959e-03
-4.58427718e-03 -3.23911160e-03 9.28583704e-03
-4.89674732e-03 -3.47765213e-03 9.85499429e-03
-5.21531887e-03 -3.72196097e-03 1.04283568e-02
-5.53990713e-03 -3.97190089e-03 1.10056487e-02
-5.87046812e-03 -4.22736488e-03 1.15867029e-02
-6.20699510e-03 -4.48827512e-03 1.21714512e-02
-6.54951527e-03 -4.75458185e-03 1.27599148e-02
-6.89808665e-03 -5.02626212e-03 1.33521955e-02
-7.25279523e-03 -5.30331847e-03 1.39484673e-02
-7.61375228e-03 -5.58577754e-03 1.45489681e-02
-7.98109189e-03 -5.87368872e-03 1.51539929e-02
-8.35496875e-03 -6.16712269e-03 1.57638862e-02
-8.73555614e-03 -6.46617007e-03 1.63790362e-02
-9.12304403e-03 -6.77094003e-03 1.69998689e-02
-9.51763747e-03 -7.08155893e-03 1.76268424e-02
-9.91955508e-03 -7.39816908e-03 1.82604425e-02
-1.03290277e-02 -7.72092740e-03 1.89011778e-02
-1.07462973e-02 -8.05000429e-03 1.95495759e-02
-1.11716155e-02 -8.38558240e-03 2.02061799e-02
-1.16052432e-02 -8.72785560e-03 2.08715445e-02
-1.20474491e-02 -9.07702787e-03 2.15462336e-02
-1.24985092e-02 -9.43331236e-03 2.22308173e-02
-1.29587062e-02 -9.79693041e-03 2.29258694e-02
-1.34283282e-02 -1.01681107e-02 2.36319654e-02
-1.39076690e-02 -1.05470883e-02 2.43496803e-02
-1.43970265e-02 -1.09341042e-02 2.50795870e-02
-1.48967029e-02 -1.13294040e-02 2.58222544e-02
-1.54070037e-02 -1.17332379e-02 2.65782462e-02
-1.59282377e-02 -1.21458595e-02 2.73481193e-02
-1.64607157e-02 -1.25675255e-02 2.81324230e-02
-1.70047508e-02 -1.29984948e-02 2.89316973e-02
-1.75606574e-02 -1.34390285e-02 2.97464723e-02
-1.81287509e-02 -1.38893886e-02 3.05772673e-02
-1.87093474e-02 -1.43498382e-02 3.14245896e-02
-1.93027629e-02 -1.48206409e-02 3.22889338e-02
-1.99093130e-02 -1.53020598e-02 3.31707814e-02
-2.05293123e-02 -1.57943579e-02 3.40705995e-02
-2.11630742e-02 -1.62977972e-02 3.49888406e-02
-2.18109100e-02 -1.68126383e-02 3.59259418e-02
-2.24731288e-02 -1.73391402e-02 3.68823241e-02
-2.31500368e-02 -1.78775599e-02 3.78583919e-02
-2.38419370e-02 -1.84281520e-02 3.88545326e-02
-2.45491283e-02 -1.89911684e-02 3.98711158e-02
-2.52719055e-02 -1.95668580e-02 4.09084928e-02
-2.60105587e-02 -2.01554661e-02 4.19669962e-02
-2.67653726e-02 -2.07572345e-02 4.30469395e-02
-2.75366261e-02 -2.13724012e-02 4.41486165e-02
-2.83245921e-02 -2.20011994e-02 4.52723007e-02
-2.91295364e-02 -2.26438580e-02 4.64182449e-02
-2.99517182e-02 -2.33006010e-02 4.75866811e-02
-3.07913886e-02 -2.39716470e-02 4.87778196e-02
-3.16487908e-02 -2.46572093e-02 4.99918487e-02
-3.25241595e-02 -2.53574952e-02 5.12289345e-02
-3.34177203e-02 -2.60727060e-02 5.24892203e-02
-3.43296897e-02 -2.68030367e-02 5.37728261e-02
-3.52602741e-02 -2.75486755e-02 5.50798486e-02
-3.62096697e-02 -2.83098036e-02 5.64103605e-02
-3.71780622e-02 -2.90865952e-02 5.77644101e-02
-3.81656261e-02 -2.98792166e-02 5.91420212e-02
-3.91725247e-02 -3.06878267e-02 6.05431929e-02
-4.01989093e-02 -3.15125760e-02 6.19678985e-02
-4.12449192e-02 -3.23536067e-02 6.34160864e-02
-4.23106812e-02 -3.32110525e-02 6.48876785e-02
-4.33963092e-02 -3.40850380e-02 6.63825711e-02
-4.45019040e-02 -3.49756788e-02 6.79006338e-02
-4.56275529e-02 -3.58830808e-02 6.94417097e-02
-4.67733294e-02 -3.68073405e-02 7.10056149e-02
-4.79392930e-02 -3.77485440e-02 7.25921387e-02
-4.91254888e-02 -3.87067676e-02 7.42010428e-02
-5.03319472e-02 -3.96820768e-02 7.58320617e-02
-5.15586838e-02 -4.06745264e-02 7.74849021e-02
-5.28056991e-02 -4.16841603e-02 7.91592430e-02
-5.40729781e-02 -4.27110111e-02 8.08547356e-02
-5.53604902e-02 -4.37551000e-02 8.25710030e-02
-5.66681891e-02 -4.48164363e-02 8.43076401e-02
-5.79960124e-02 -4.58950176e-02 8.60642137e-02
-5.93438813e-02 -4.69908292e-02 8.78402625e-02
-6.07117009e-02 -4.81038442e-02 8.96352968e-02
-6.20993594e-02 -4.92340228e-02 9.14487985e-02
-6.35067285e-02 -5.03813129e-02 9.32802213e-02
-6.49336627e-02 -5.15456490e-02 9.51289908e-02
-6.63799997e-02 -5.27269527e-02 9.69945040e-02
-6.78455598e-02 -5.39251322e-02 9.88761300e-02
-6.93301461e-02 -5.51400823e-02 1.00773210e-01
-7.08335441e-02 -5.63716840e-02 1.02685056e-01
-7.23555220e-02 -5.76198047e-02 1.04610954e-01
-7.38958301e-02 -5.88842975e-02 1.06550161e-01
-7.54542011e-02 -6.01650018e-02 1.08501906e-01
-7.70303500e-02 -6.14617426e-02 1.10465393e-01
-7.86239736e-02 -6.27743307e-02 1.12439795e-01
-8.02347513e-02 -6.41025623e-02 1.14424262e-01
-8.18623441e-02 -6.54462193e-02 1.16417915e-01
-8.35063952e-02 -6.68050689e-02 1.18419849e-01
-8.51665299e-02 -6.81788637e-02 1.20429134e-01
-8.68423554e-02 -6.95673415e-02 1.22444811e-01
-8.85334608e-02 -7.09702254e-02 1.24465900e-01
-9.02394176e-02 -7.23872236e-02 1.26491394e-01
-9.19597789e-02 -7.38180297e-02 1.28520259e-01
-9.36940804e-02 -7.52623222e-02 1.30551442e-01
-9.54418398e-02 -7.67197649e-02 1.32583861e-01
-9.72025568e-02 -7.81900068e-02 1.34616415e-01
-9.89757139e-02 -7.96726821e-02 1.36647977e-01
-1.00760776e-01 -8.11674101e-02 1.38677400e-01
-1.02557190e-01 -8.26737957e-02 1.40703515e-01
-1.04364386e-01 -8.41914288e-02 1.42725131e-01
-1.06181778e-01 -8.57198851e-02 1.44741037e-01
-1.08008761e-01 -8.72587256e-02 1.46750004e-01
-1.09844714e-01 -8.88074972e-02 1.48750781e-01
-1.11689001e-01 -9.03657322e-02 1.50742101e-01
-1.13540967e-01 -9.19329492e-02 1.52722680e-01
-1.15399944e-01 -9.35086526e-02 1.54691214e-01
-1.17265244e-01 -9.50923333e-02 1.56646386e-01
-1.19136168e-01 -9.66834684e-02 1.58586863e-01
-1.21011998e-01 -9.82815216e-02 1.60511298e-01
-1.22892004e-01 -9.98859437e-02 1.62418329e-01
-1.24775439e-01 -1.01496172e-01 1.64306583e-01
-1.26661544e-01 -1.03111632e-01 1.66174677e-01
-1.28549543e-01 -1.04731736e-01 1.68021214e-01
-1.30438649e-01 -1.06355884e-01 1.69844790e-01
-1.32328061e-01 -1.07983465e-01 1.71643992e-01
-1.34216966e-01 -1.09613855e-01 1.73417399e-01
-1.36104537e-01 -1.11246421e-01 1.75163585e-01
-1.37989937e-01 -1.12880517e-01 1.76881116e-01
-1.39872316e-01 -1.14515486e-01 1.78568558e-01
-1.41750816e-01 -1.16150663e-01 1.80224471e-01
-1.43624566e-01 -1.17785373e-01 1.81847413e-01
-1.45492685e-01 -1.19418928e-01 1.83435945e-01
-1.47354285e-01 -1.21050635e-01 1.84988626e-01
-1.49208468e-01 -1.22679791e-01 1.86504016e-01
-1.51054327e-01 -1.24305684e-01 1.87980681e-01
-1.52890950e-01 -1.25927596e-01 1.89417190e-01
-1.54717417e-01 -1.27544799e-01 1.90812118e-01
-1.56532800e-01 -1.29156561e-01 1.92164048e-01
-1.58336169e-01 -1.30762143e-01 1.93471570e-01
-1.60126586e-01 -1.32360798e-01 1.94733285e-01
-1.61903110e-01 -1.33951777e-01 1.95947806e-01
-1.63664797e-01 -1.35534323e-01 1.97113757e-01
-1.65410700e-01 -1.37107678e-01 1.98229777e-01
-1.67139870e-01 -1.38671077e-01 1.99294519e-01
-1.68851356e-01 -1.40223755e-01 2.00306655e-01
-1.70544208e-01 -1.41764943e-01 2.01264875e-01
-1.72217473e-01 -1.43293869e-01 2.02167886e-01
-1.73870204e-01 -1.44809760e-01 2.03014419e-01
-1.75501451e-01 -1.46311845e-01 2.03803226e-01
-1.77110269e-01 -1.47799348e-01 2.04533083e-01
-1.78695717e-01 -1.49271499e-01 2.05202791e-01
-1.80256857e-01 -1.50727523e-01 2.05811178e-01
-1.81792755e-01 -1.52166652e-01 2.06357101e-01
-1.83302486e-01 -1.53588117e-01 2.06839444e-01
-1.84785127e-01 -1.54991153e-01 2.07257124e-01
-1.86239768e-01 -1.56374999e-01 2.07609089e-01
-1.87665503e-01 -1.57738898e-01 2.07894320e-01
-1.89061437e-01 -1.59082096e-01 2.08111833e-01
-1.90426685e-01 -1.60403849e-01 2.08260681e-01
-1.91760371e-01 -1.61703414e-01 2.08339953e-01
-1.93061634e-01 -1.62980059e-01 2.08348778e-01
-1.94329622e-01 -1.64233057e-01 2.08286322e-01
-1.95563498e-01 -1.65461690e-01 2.08151794e-01
-1.96762439e-01 -1.66665248e-01 2.07944446e-01
-1.97925637e-01 -1.67843033e-01 2.07663571e-01
-1.99052299e-01 -1.68994354e-01 2.07308506e-01
-2.00141649e-01 -1.70118532e-01 2.06878637e-01
-2.01192928e-01 -1.71214900e-01 2.06373391e-01
-2.02205396e-01 -1.72282802e-01 2.05792247e-01
-2.03178330e-01 -1.73321596e-01 2.05134730e-01
-2.04111027e-01 -1.74330651e-01 2.04400414e-01
-2.05002806e-01 -1.75309352e-01 2.03588924e-01
-2.05853006e-01 -1.76257098e-01 2.02699935e-01
-2.06660986e-01 -1.77173303e-01 2.01733175e-01
-2.07426129e-01 -1.78057396e-01 2.00688422e-01
-2.08147842e-01 -1.78908822e-01 1.99565509e-01
-2.08825554e-01 -1.79727045e-01 1.98364321e-01
-2.09458719e-01 -1.80511543e-01 1.97084798e-01
-2.10046816e-01 -1.81261816e-01 1.95726935e-01
-2.10589348e-01 -1.81977378e-01 1.94290782e-01
-2.11085847e-01 -1.82657764e-01 1.92776442e-01
-2.11535869e-01 -1.83302530e-01 1.91184077e-01
-2.11938998e-01 -1.83911248e-01 1.89513904e-01
-2.12294847e-01 -1.84483515e-01 1.87766196e-01
-2.12603055e-01 -1.85018943e-01 1.85941282e-01
-2.12863290e-01 -1.85517171e-01 1.84039548e-01
-2.13075249e-01 -1.85977855e-01 1.82061438e-01
-2.13238659e-01 -1.86400676e-01 1.80007449e-01
-2.13353277e-01 -1.86785335e-01 1.77878138e-01
-2.13418889e-01 -1.87131557e-01 1.75674117e-01
-2.13435310e-01 -1.87439090e-01 1.73396054e-01
-2.13402388e-01 -1.87707704e-01 1.71044673e-01
-2.13320001e-01 -1.87937193e-01 1.68620752e-01
-2.13188058e-01 -1.88127376e-01 1.66125128e-01
-2.13006498e-01 -1.88278095e-01 1.63558688e-01
-2.12775293e-01 -1.88389215e-01 1.60922377e-01
-2.12494446e-01 -1.88460627e-01 1.58217191e-01
-2.12163990e-01 -1.88492246e-01 1.55444181e-01
-2.11783991e-01 -1.88484011e-01 1.52604447e-01
-2.11354547e-01 -1.88435886e-01 1.49699145e-01
-2.10875786e-01 -1.88347861e-01 1.46729478e-01
-2.10347868e-01 -1.88219949e-01 1.43696701e-01
-2.09770985e-01 -1.88052189e-01 1.40602116e-01
-2.09145360e-01 -1.87844644e-01 1.37447074e-01
-2.08471247e-01 -1.87597403e-01 1.34232973e-01
-2.07748929e-01 -1.87310579e-01 1.30961256e-01
-2.06978724e-01 -1.86984311e-01 1.27633412e-01
-2.06160978e-01 -1.86618759e-01 1.24250971e-01
-2.05296065e-01 -1.86214113e-01 1.20815508e-01
-2.04384393e-01 -1.85770582e-01 1.17328637e-01
-2.03426397e-01 -1.85288403e-01 1.13792011e-01
-2.02422542e-01 -1.84767835e-01 1.10207324e-01
-2.01373322e-01 -1.84209162e-01 1.06576303e-01
-2.00279258e-01 -1.83612689e-01 1.02900713e-01
-1.99140900e-01 -1.82978748e-01 9.91823512e-02
-1.97958827e-01 -1.82307691e-01 9.54230480e-02
-1.96733640e-01 -1.81599894e-01 9.16246636e-02
-1.95465973e-01 -1.80855755e-01 8.77890875e-02
-1.94156479e-01 -1.80075693e-01 8.39182364e-02
-1.92805841e-01 -1.79260149e-01 8.00140527e-02
-1.91414766e-01 -1.78409587e-01 7.60785027e-02
-1.89983982e-01 -1.77524489e-01 7.21135747e-02
-1.88514243e-01 -1.76605358e-01 6.81212776e-02
-1.87006325e-01 -1.75652718e-01 6.41036390e-02
-1.85461025e-01 -1.74667111e-01 6.00627031e-02
-1.83879163e-01 -1.73649098e-01 5.60005292e-02
-1.82261577e-01 -1.72599259e-01 5.19191899e-02
-1.80609126e-01 -1.71518190e-01 4.78207691e-02
-1.78922687e-01 -1.70406507e-01 4.37073600e-02
-1.77203157e-01 -1.69264840e-01 3.95810636e-02
-1.75451448e-01 -1.68093836e-01 3.54439867e-02
-1.73668490e-01 -1.66894157e-01 3.12982399e-02
-1.71855226e-01 -1.65666480e-01 2.71459358e-02
-1.70012617e-01 -1.64411497e-01 2.29891872e-02
-1.68141637e-01 -1.63129912e-01 1.88301052e-02
-1.66243270e-01 -1.61822444e-01 1.46707975e-02
-1.64318515e-01 -1.60489821e-01 1.05133660e-02
-1.62368382e-01 -1.59132785e-01 6.35990565e-03
-1.60393891e-01 -1.57752089e-01 2.21250230e-03
-1.58396070e-01 -1.56348495e-01 -1.92676913e-03
-1.56375956e-01 -1.54922775e-01 -6.05584637e-03
-1.54334596e-01 -1.53475709e-01 -1.01726816e-02
-1.52273039e-01 -1.52008087e-01 -1.42752430e-02
-1.50192344e-01 -1.50520704e-01 -1.83615170e-02
-1.48093571e-01 -1.49014363e-01 -2.24295093e-02
-1.45977788e-01 -1.47489874e-01 -2.64772470e-02
-1.43846062e-01 -1.45948051e-01 -3.05027802e-02
-1.41699464e-01 -1.44389711e-01 -3.45041831e-02
-1.39539067e-01 -1.42815677e-01 -3.84795566e-02
-1.37365941e-01 -1.41226775e-01 -4.24270285e-02
-1.35181158e-01 -1.39623834e-01 -4.63447564e-02
-1.32985788e-01 -1.38007681e-01 -5.02309279e-02
-1.30780898e-01 -1.36379149e-01 -5.40837629e-02
-1.28567551e-01 -1.34739067e-01 -5.79015145e-02
-1.26346807e-01 -1.33088267e-01 -6.16824705e-02
-1.24119721e-01 -1.31427579e-01 -6.54249548e-02
-1.21887341e-01 -1.29757828e-01 -6.91273283e-02
-1.19650709e-01 -1.28079842e-01 -7.27879905e-02
-1.17410859e-01 -1.26394442e-01 -7.64053802e-02
-1.15168817e-01 -1.24702446e-01 -7.99779771e-02
-1.12925601e-01 -1.23004668e-01 -8.35043023e-02
-1.10682217e-01 -1.21301919e-01 -8.69829198e-02
-1.08439662e-01 -1.19594999e-01 -9.04124371e-02
-1.06198920e-01 -1.17884708e-01 -9.37915060e-02
-1.03960965e-01 -1.16171835e-01 -9.71188238e-02
-1.01726757e-01 -1.14457162e-01 -1.00393134e-01
-9.94972424e-02 -1.12741466e-01 -1.03613226e-01
-9.72733547e-02 -1.11025511e-01 -1.06777939e-01
-9.50560118e-02 -1.09310055e-01 -1.09886157e-01
-9.28461166e-02 -1.07595845e-01 -1.12936815e-01
-9.06445560e-02 -1.05883619e-01 -1.15928896e-01
-8.84522008e-02 -1.04174104e-01 -1.18861433e-01
-8.62699045e-02 -1.02468014e-01 -1.21733509e-01
-8.40985034e-02 -1.00766055e-01 -1.24544257e-01
-8.19388157e-02 -9.90689177e-02 -1.27292860e-01
-7.97916413e-02 -9.73772821e-02 -1.29978554e-01
-7.76577613e-02 -9.56918148e-02 -1.32600622e-01
-7.55379374e-02 -9.40131693e-02 -1.35158401e-01
-7.34329117e-02 -9.23419855e-02 -1.37651278e-01
-7.13434063e-02 -9.06788894e-02 -1.40078691e-01
-6.92701231e-02 -8.90244927e-02 -1.42440129e-01
-6.72137432e-02 -8.73793923e-02 -1.44735133e-01
-6.51749267e-02 -8.57441704e-02 -1.46963292e-01
-6.31543128e-02 -8.41193941e-02 -1.49124247e-01
-6.11525190e-02 -8.25056150e-02 -1.51217691e-01
-5.91701413e-02 -8.09033689e-02 -1.53243362e-01
-5.72077538e-02 -7.93131759e-02 -1.55201053e-01
-5.52659087e-02 -7.77355400e-02 -1.57090602e-01
-5.33451360e-02 -7.61709490e-02 -1.58911897e-01
-5.14459435e-02 -7.46198743e-02 -1.60664874e-01
-4.95688169e-02 -7.30827706e-02 -1.62349517e-01
-4.77142192e-02 -7.15600761e-02 -1.63965857e-01
-4.58825913e-02 -7.00522122e-02 -1.65513969e-01
-4.40743515e-02 -6.85595835e-02 -1.66993976e-01
-4.22898958e-02 -6.70825776e-02 -1.68406045e-01
-4.05295978e-02 -6.56215653e-02 -1.69750388e-01
-3.87938089e-02 -6.41769003e-02 -1.71027258e-01
-3.70828582e-02 -6.27489194e-02 -1.72236953e-01
-3.53970526e-02 -6.13379424e-02 -1.73379812e-01
-3.37366772e-02 -5.99442722e-02 -1.74456213e-01
-3.21019950e-02 -5.85681947e-02 -1.75466575e-01
-3.04932475e-02 -5.72099790e-02 -1.76411358e-01
-2.89106547e-02 -5.58698776e-02 -1.77291055e-01
-2.73544153e-02 -5.45481262e-02 -1.78106200e-01
-2.58247067e-02 -5.32449439e-02 -1.78857361e-01
-2.43216858e-02 -5.19605334e-02 -1.79545142e-01
-2.28454887e-02 -5.06950812e-02 -1.80170179e-01
-2.13962311e-02 -4.94487576e-02 -1.80733142e-01
-1.99740090e-02 -4.82217168e-02 -1.81234731e-01
-1.85788985e-02 -4.70140975e-02 -1.81675679e-01
-1.72109563e-02 -4.58260225e-02 -1.82056745e-01
-1.58702199e-02 -4.46575995e-02 -1.82378718e-01
-1.45567085e-02 -4.35089206e-02 -1.82642415e-01
-1.32704225e-02 -4.23800634e-02 -1.82848676e-01
-1.20113446e-02 -4.12710906e-02 -1.82998367e-01
-1.07794399e-02 -4.01820504e-02 -1.83092378e-01
-9.57465607e-03 -3.91129769e-02 -1.83131621e-01
-8.39692422e-03 -3.80638902e-02 -1.83117027e-01
-7.24615898e-03 -3.70347969e-02 -1.83049551e-01
-6.12225904e-03 -3.60256899e-02 -1.82930162e-01
-5.02510755e-03 -3.50365495e-02 -1.82759850e-01
-3.95457258e-03 -3.40673429e-02 -1.82539620e-01
-2.91050753e-03 -3.31180249e-02 -1.82270492e-01
-1.89275164e-03 -3.21885384e-02 -1.81953500e-01
-9.01130363e-04 -3.12788142e-02 -1.81589691e-01
6.45441033e-05 -3.03887718e-02 -1.81180123e-01
1.00447239e-03 -2.95183194e-02 -1.80725866e-01
1.91886749e-03 -2.86673545e-02 -1.80227998e-01
2.80795426e-03 -2.78357640e-02 -1.79687606e-01
3.67196901e-03 -2.70234249e-02 -1.79105783e-01
4.51115894e-03 -2.62302042e-02 -1.78483629e-01
5.32578177e-03 -2.54559594e-02 -1.77822250e-01
6.11610519e-03 -2.47005391e-02 -1.77122753e-01
6.88240642e-03 -2.39637832e-02 -1.76386251e-01
7.62497174e-03 -2.32455229e-02 -1.75613856e-01
8.34409600e-03 -2.25455817e-02 -1.74806684e-01
9.04008218e-03 -2.18637752e-02 -1.73965848e-01
9.71324091e-03 -2.11999118e-02 -1.73092461e-01
1.03638900e-02 -2.05537928e-02 -1.72187635e-01
1.09923540e-02 -1.99252129e-02 -1.71252477e-01
1.15989638e-02 -1.93139607e-02 -1.70288091e-01
1.21840561e-02 -1.87198186e-02 -1.69295577e-01
1.27479728e-02 -1.81425634e-02 -1.68276029e-01
1.32910610e-02 -1.75819670e-02 -1.67230534e-01
1.38136722e-02 -1.70377959e-02 -1.66160172e-01
1.43161621e-02 -1.65098125e-02 -1.65066016e-01
1.47988900e-02 -1.59977745e-02 -1.63949129e-01
1.52622183e-02 -1.55014359e-02 -1.62810566e-01
1.57065126e-02 -1.50205471e-02 -1.61651370e-01
1.61321406e-02 -1.45548552e-02 -1.60472575e-01
1.65394724e-02 -1.41041043e-02 -1.59275203e-01
1.69288797e-02 -1.36680358e-02 -1.58060263e-01
1.73007353e-02 -1.32463887e-02 -1.56828753e-01
1.76554131e-02 -1.28389000e-02 -1.55581657e-01
1.79932878e-02 -1.24453049e-02 -1.54319945e-01
1.83147342e-02 -1.20653370e-02 -1.53044573e-01
1.86201268e-02 -1.16987289e-02 -1.51756483e-01
1.89098400e-02 -1.13452119e-02 -1.50456602e-01
1.91842475e-02 -1.10045169e-02 -1.49145840e-01
1.94437217e-02 -1.06763742e-02 -1.47825092e-01
1.96886339e-02 -1.03605141e-02 -1.46495237e-01
1.99193537e-02 -1.00566666e-02 -1.45157138e-01
2.01362490e-02 -9.76456229e-03 -1.43811638e-01
2.03396851e-02 -9.48393220e-03 -1.42459567e-01
2.05300254e-02 -9.21450808e-03 -1.41101735e-01
2.07076304e-02 -8.95602262e-03 -1.39738934e-01
2.08728577e-02 -8.70820967e-03 -1.38371940e-01
2.10260617e-02 -8.47080446e-03 -1.37001509e-01
2.11675937e-02 -8.24354373e-03 -1.35628380e-01
2.12978014e-02 -8.02616599e-03 -1.34253273e-01
2.14170285e-02 -7.81841162e-03 -1.32876889e-01
2.15256152e-02 -7.62002308e-03 -1.31499912e-01
2.16238973e-02 -7.43074509e-03 -1.30123006e-01
2.17122064e-02 -7.25032474e-03 -1.28746816e-01
2.17908698e-02 -7.07851166e-03 -1.27371970e-01
2.18602101e-02 -6.91505814e-03 -1.25999075e-01
2.19205452e-02 -6.75971929e-03 -1.24628722e-01
2.19721883e-02 -6.61225315e-03 -1.23261480e-01
2.20154477e-02 -6.47242081e-03 -1.21897901e-01
2.20506263e-02 -6.33998649e-03 -1.20538521e-01
2.20780223e-02 -6.21471771e-03 -1.19183852e-01
2.20979283e-02 -6.09638532e-03 -1.17834392e-01
2.21106318e-02 -5.98476360e-03 -1.16490619e-01
2.21164148e-02 -5.87963040e-03 -1.15152993e-01
2.21155539e-02 -5.78076714e-03 -1.13821957e-01
2.21083201e-02 -5.68795891e-03 -1.12497935e-01
2.20949788e-02 -5.60099456e-03 -1.11181333e-01
2.20757901e-02 -5.51966672e-03 -1.09872541e-01
2.20510080e-02 -5.44377184e-03 -1.08571931e-01
2.20208811e-02 -5.37311030e-03 -1.07279858e-01
2.19856524e-02 -5.30748637e-03 -1.05996661e-01
2.19455589e-02 -5.24670829e-03 -1.04722660e-01
2.19008321e-02 -5.19058831e-03 -1.03458162e-01
2.18516977e-02 -5.13894266e-03 -1.02203455e-01
2.17983759e-02 -5.09159161e-03 -1.00958813e-01
2.17410809e-02 -5.04835947e-03 -9.97244953e-02
2.16800214e-02 -5.00907460e-03 -9.85007432e-02
2.16154005e-02 -4.97356940e-03 -9.72877851e-02
2.15474156e-02 -4.94168033e-03 -9.60858342e-02
2.14762586e-02 -4.91324788e-03 -9.48950894e-02
2.14021156e-02 -4.88811659e-03 -9.37157355e-02
2.13251676e-02 -4.86613500e-03 -9.25479437e-02
2.12455898e-02 -4.84715566e-03 -9.13918716e-02
2.11635523e-02 -4.83103508e-03 -9.02476640e-02
2.10792195e-02 -4.81763375e-03 -8.91154525e-02
2.09927509e-02 -4.80681606e-03 -8.79953567e-02
2.09043004e-02 -4.79845030e-03 -8.68874837e-02
2.08140172e-02 -4.79240862e-03 -8.57919291e-02
2.07220450e-02 -4.78856697e-03 -8.47087768e-02
2.06285226e-02 -4.78680509e-03 -8.36380997e-02
2.05335841e-02 -4.78700647e-03 -8.25799598e-02
2.04373584e-02 -4.78905825e-03 -8.15344087e-02
2.03399699e-02 -4.79285124e-03 -8.05014877e-02
2.02415381e-02 -4.79827982e-03 -7.94812285e-02
2.01421781e-02 -4.80524193e-03 -7.84736531e-02
2.00420002e-02 -4.81363898e-03 -7.74787745e-02
1.99411106e-02 -4.82337580e-03 -7.64965965e-02
1.98396110e-02 -4.83436061e-03 -7.55271148e-02
1.97375987e-02 -4.84650492e-03 -7.45703166e-02
1.96351670e-02 -4.85972352e-03 -7.36261813e-02
1.95324052e-02 -4.87393436e-03 -7.26946807e-02
1.94293984e-02 -4.88905854e-03 -7.17757792e-02
1.93262280e-02 -4.90502023e-03 -7.08694344e-02
1.92229715e-02 -4.92174659e-03 -6.99755970e-02
1.91197028e-02 -4.93916772e-03 -6.90942116e-02
1.90164921e-02 -4.95721659e-03 -6.82252165e-02
1.89134062e-02 -4.97582900e-03 -6.73685441e-02
1.88105084e-02 -4.99494346e-03 -6.65241215e-02
1.87078587e-02 -5.01450119e-03 -6.56918704e-02
1.86055139e-02 -5.03444599e-03 -6.48717075e-02
1.85035276e-02 -5.05472422e-03 -6.40635450e-02
1.84019505e-02 -5.07528471e-03 -6.32672903e-02
1.83008303e-02 -5.09607873e-03 -6.24828468e-02
1.82002116e-02 -5.11705985e-03 -6.17101141e-02
1.81001367e-02 -5.13818395e-03 -6.09489876e-02
1.80006449e-02 -5.15940913e-03 -6.01993598e-02
1.79017729e-02 -5.18069562e-03 -5.94611197e-02
1.78035551e-02 -5.20200575e-03 -5.87341531e-02
1.77060234e-02 -5.22330387e-03 -5.80183433e-02
1.76092073e-02 -5.24455629e-03 -5.73135709e-02
1.75131341e-02 -5.26573122e-03 -5.66197141e-02
1.74178291e-02 -5.28679871e-03 -5.59366491e-02
1.73233152e-02 -5.30773056e-03 -5.52642498e-02
1.72296136e-02 -5.32850033e-03 -5.46023887e-02
1.71367435e-02 -5.34908318e-03 -5.39509364e-02
1.70447222e-02 -5.36945592e-03 -5.33097622e-02
1.69535653e-02 -5.38959686e-03 -5.26787342e-02
1.68632866e-02 -5.40948582e-03 -5.20577192e-02
1.67738984e-02 -5.42910404e-03 -5.14465835e-02
1.66854114e-02 -5.44843412e-03 -5.08451921e-02
1.65978349e-02 -5.46746000e-03 -5.02534098e-02
1.65111767e-02 -5.48616687e-03 -4.96711006e-02
1.64254432e-02 -5.50454117e-03 -4.90981285e-02
1.63406398e-02 -5.52257047e-03 -4.85343571e-02
1.62567703e-02 -5.54024347e-03 -4.79796498e-02
1.61738376e-02 -5.55754994e-03 -4.74338702e-02
1.60918434e-02 -5.57448069e-03 -4.68968821e-02
1.60107885e-02 -5.59102748e-03 -4.63685494e-02
1.59306725e-02 -5.60718303e-03 -4.58487365e-02
1.58514942e-02 -5.62294093e-03 -4.53373082e-02
1.57732516e-02 -5.63829563e-03 -4.48341298e-02
1.56959418e-02 -5.65324239e-03 -4.43390674e-02
1.56195609e-02 -5.66777722e-03 -4.38519877e-02
1.55441047e-02 -5.68189688e-03 -4.33727584e-02
1.54695680e-02 -5.69559882e-03 -4.29012478e-02
1.53959451e-02 -5.70888113e-03 -4.24373255e-02
1.53232297e-02 -5.72174254e-03 -4.19808619e-02
1.52514148e-02 -5.73418234e-03 -4.15317285e-02
1.51804931e-02 -5.74620041e-03 -4.10897981e-02
1.51104567e-02 -5.75779712e-03 -4.06549446e-02
1.50412973e-02 -5.76897335e-03 -4.02270432e-02
1.49730061e-02 -5.77973044e-03 -3.98059704e-02
1.49055742e-02 -5.79007014e-03 -3.93916041e-02
1.48389920e-02 -5.79999465e-03 -3.89838234e-02
1.47732499e-02 -5.80950650e-03 -3.85825090e-02
1.47083379e-02 -5.81860860e-03 -3.81875432e-02
1.46442456e-02 -5.82730420e-03 -3.77988094e-02
1.45809628e-02 -5.83559682e-03 -3.74161929e-02
1.45184786e-02 -5.84349030e-03 -3.70395803e-02
1.44567823e-02 -5.85098871e-03 -3.66688599e-02
1.43958629e-02 -5.85809638e-03 -3.63039216e-02
1.43357094e-02 -5.86481786e-03 -3.59446567e-02
1.42763104e-02 -5.87115788e-03 -3.55909584e-02
1.42176548e-02 -5.87712138e-03 -3.52427213e-02
1.41597312e-02 -5.88271345e-03 -3.48998417e-02
1.41025282e-02 -5.88793934e-03 -3.45622177e-02
1.40460345e-02 -5.89280442e-03 -3.42297489e-02
1.39902386e-02 -5.89731419e-03 -3.39023364e-02
1.39351290e-02 -5.90147425e-03 -3.35798833e-02
1.38806944e-02 -5.90529028e-03 -3.32622941e-02
1.38269235e-02 -5.90876806e-03 -3.29494750e-02
1.37738049e-02 -5.91191342e-03 -3.26413339e-02
1.37213273e-02 -5.91473224e-03 -3.23377804e-02
1.36694796e-02 -5.91723046e-03 -3.20387254e-02
1.36182505e-02 -5.91941404e-03 -3.17440819e-02
1.35676292e-02 -5.92128896e-03 -3.14537642e-02
1.35176046e-02 -5.92286123e-03 -3.11676882e-02
1.34681659e-02 -5.92413684e-03 -3.08857716e-02
1.34193024e-02 -5.92512182e-03 -3.06079334e-02
1.33710035e-02 -5.92582214e-03 -3.03340945e-02
1.33232587e-02 -5.92624378e-03 -3.00641770e-02
1.32760576e-02 -5.92639269e-03 -2.97981049e-02
1.32293900e-02 -5.92627479e-03 -2.95358033e-02
1.31832458e-02 -5.92589598e-03 -2.92771991e-02
1.31376151e-02 -5.92526209e-03 -2.90222206e-02
1.30924881e-02 -5.92437891e-03 -2.87707975e-02
1.30478551e-02 -5.92325221e-03 -2.85228612e-02
1.30037066e-02 -5.92188767e-03 -2.82783441e-02
1.29600333e-02 -5.92029092e-03 -2.80371803e-02
1.29168261e-02 -5.91846754e-03 -2.77993053e-02
1.28740758e-02 -5.91642303e-03 -2.75646558e-02
1.28317736e-02 -5.91416284e-03 -2.73331699e-02
1.27899108e-02 -5.91169233e-03 -2.71047871e-02
1.27484789e-02 -5.90901679e-03 -2.68794481e-02
1.27074695e-02 -5.90614144e-03 -2.66570950e-02
1.26668743e-02 -5.90307144e-03 -2.64376710e-02
1.26266853e-02 -5.89981183e-03 -2.62211207e-02
1.25868946e-02 -5.89636761e-03 -2.60073896e-02
1.25474944e-02 -5.89274368e-03 -2.57964249e-02
1.25084771e-02 -5.88894486e-03 -2.55881745e-02
1.24698354e-02 -5.88497589e-03 -2.53825876e-02
1.24315619e-02 -5.88084142e-03 -2.51796147e-02
1.23936495e-02 -5.87654603e-03 -2.49792072e-02
1.23560914e-02 -5.87209420e-03 -2.47813175e-02
1.23188806e-02 -5.86749032e-03 -2.45858994e-02
1.22820105e-02 -5.86273873e-03 -2.43929073e-02
1.22454747e-02 -5.85784365e-03 -2.42022970e-02
1.22092667e-02 -5.85280922e-03 -2.40140252e-02
1.21733803e-02 -5.84763953e-03 -2.38280493e-02
1.21378096e-02 -5.84233854e-03 -2.36443280e-02
1.21025484e-02 -5.83691015e-03 -2.34628208e-02
1.20675911e-02 -5.83135818e-03 -2.32834881e-02
1.20329320e-02 -5.82568637e-03 -2.31062912e-02
1.19985656e-02 -5.81989836e-03 -2.29311922e-02
1.19644865e-02 -5.81399772e-03 -2.27581542e-02
1.19306894e-02 -5.80798796e-03 -2.25871411e-02
1.18971693e-02 -5.80187248e-03 -2.24181174e-02
1.18639210e-02 -5.79565462e-03 -2.22510488e-02
1.18309397e-02 -5.78933764e-03 -2.20859013e-02
1.17982207e-02 -5.78292472e-03 -2.19226421e-02
1.17657592e-02 -5.77641897e-03 -2.17612389e-02
1.17335509e-02 -5.76982343e-03 -2.16016600e-02
1.17015911e-02 -5.76314106e-03 -2.14438748e-02
1.16698758e-02 -5.75637475e-03 -2.12878531e-02
1.16384005e-02 -5.74952733e-03 -2.11335654e-02
1.16071612e-02 -5.74260154e-03 -2.09809828e-02
1.15761540e-02 -5.73560006e-03 -2.08300773e-02
1.15453749e-02 -5.72852553e-03 -2.06808213e-02
1.15148201e-02 -5.72138049e-03 -2.05331879e-02
1.14844860e-02 -5.71416742e-03 -2.03871506e-02
1.14543688e-02 -5.70688875e-03 -2.02426838e-02
1.14244652e-02 -5.69954686e-03 -2.00997622e-02
1.13947716e-02 -5.69214403e-03 -1.99583613e-02
1.13652846e-02 -5.68468251e-03 -1.98184568e-02
1.13360012e-02 -5.67716448e-03 -1.96800253e-02
1.13069179e-02 -5.66959208e-03 -1.95430436e-02
1.12780318e-02 -5.66196738e-03 -1.94074892e-02
1.12493398e-02 -5.65429238e-03 -1.92733400e-02
1.12208390e-02 -5.64656906e-03 -1.91405743e-02
1.11925264e-02 -5.63879933e-03 -1.90091711e-02
1.11643993e-02 -5.63098503e-03 -1.88791095e-02
1.11364550e-02 -5.62312800e-03 -1.87503694e-02
1.11086907e-02 -5.61522997e-03 -1.86229309e-02
1.10811038e-02 -5.60729266e-03 -1.84967746e-02
1.10536919e-02 -5.59931775e-03 -1.83718814e-02
1.10264523e-02 -5.59130684e-03 -1.82482327e-02
1.09993828e-02 -5.58326151e-03 -1.81258104e-02
1.09724809e-02 -5.57518330e-03 -1.80045964e-02
1.09457443e-02 -5.56707368e-03 -1.78845734e-02
1.09191708e-02 -5.55893410e-03 -1.77657242e-02
1.08927582e-02 -5.55076598e-03 -1.76480319e-02
1.08665043e-02 -5.54257066e-03 -1.75314802e-02
1.08404070e-02 -5.53434948e-03 -1.74160529e-02
1.08144643e-02 -5.52610373e-03 -1.73017341e-02
1.07886741e-02 -5.51783465e-03 -1.71885085e-02
1.07630346e-02 -5.50954347e-03 -1.70763608e-02
1.07375438e-02 -5.50123135e-03 -1.69652761e-02
1.07121998e-02 -5.49289944e-03 -1.68552398e-02
1.06870009e-02 -5.48454886e-03 -1.67462375e-02
1.06619451e-02 -5.47618068e-03 -1.66382554e-02
1.06370309e-02 -5.46779594e-03 -1.65312795e-02
1.06122564e-02 -5.45939567e-03 -1.64252964e-02
1.05876201e-02 -5.45098085e-03 -1.63202928e-02
1.05631202e-02 -5.44255243e-03 -1.62162557e-02
1.05387552e-02 -5.43411133e-03 -1.61131723e-02
1.05145236e-02 -5.42565847e-03 -1.60110301e-02
1.04904237e-02 -5.41719470e-03 -1.59098169e-02
1.04664541e-02 -5.40872088e-03 -1.58095204e-02
1.04426134e-02 -5.40023781e-03 -1.57101290e-02
1.04189000e-02 -5.39174630e-03 -1.56116308e-02
1.03953126e-02 -5.38324711e-03 -1.55140146e-02
1.03718498e-02 -5.37474099e-03 -1.54172691e-02
1.03485103e-02 -5.36622866e-03 -1.53213832e-02
1.03252927e-02 -5.35771082e-03 -1.52263461e-02
1.03021958e-02 -5.34918814e-03 -1.51321472e-02
1.02792182e-02 -5.34066129e-03 -1.50387760e-02
1.02563587e-02 -5.33213089e-03 -1.49462223e-02
1.02336161e-02 -5.32359757e-03 -1.48544759e-02
1.02109893e-02 -5.31506191e-03 -1.47635270e-02
1.01884769e-02 -5.30652450e-03 -1.46733657e-02
1.01660780e-02 -5.29798590e-03 -1.45839825e-02
1.01437912e-02 -5.28944664e-03 -1.44953679e-02
1.01216156e-02 -5.28090725e-03 -1.44075127e-02
1.00995500e-02 -5.27236824e-03 -1.43204077e-02
1.00775934e-02 -5.26383009e-03 -1.42340440e-02
1.00557448e-02 -5.25529328e-03 -1.41484127e-02
1.00340030e-02 -5.24675828e-03 -1.40635052e-02
1.00123670e-02 -5.23822553e-03 -1.39793130e-02
9.99083596e-03 -5.22969545e-03 -1.38958276e-02
9.96940880e-03 -5.22116848e-03 -1.38130407e-02
9.94808457e-03 -5.21264500e-03 -1.37309443e-02
9.92686232e-03 -5.20412542e-03 -1.36495303e-02
9.90574114e-03 -5.19561011e-03 -1.35687909e-02
9.88472011e-03 -5.18709944e-03 -1.34887183e-02
9.86379832e-03 -5.17859376e-03 -1.34093048e-02
9.84297490e-03 -5.17009343e-03 -1.33305430e-02
9.82224898e-03 -5.16159877e-03 -1.32524254e-02
9.80161971e-03 -5.15311011e-03 -1.31749449e-02
9.78108624e-03 -5.14462777e-03 -1.30980941e-02
9.76064774e-03 -5.13615204e-03 -1.30218661e-02
9.74030342e-03 -5.12768323e-03 -1.29462538e-02
9.72005247e-03 -5.11922163e-03 -1.28712505e-02
9.69989409e-03 -5.11076750e-03 -1.27968494e-02
9.67982753e-03 -5.10232113e-03 -1.27230439e-02
9.65985200e-03 -5.09388278e-03 -1.26498273e-02
9.63996678e-03 -5.08545269e-03 -1.25771934e-02
9.62017111e-03 -5.07703113e-03 -1.25051356e-02
9.60046427e-03 -5.06861833e-03 -1.24336479e-02
9.58084554e-03 -5.06021453e-03 -1.23627239e-02
9.56131423e-03 -5.05181996e-03 -1.22923576e-02
9.54186963e-03 -5.04343485e-03 -1.22225432e-02
9.52251107e-03 -5.03505940e-03 -1.21532746e-02
9.50323786e-03 -5.02669384e-03 -1.20845460e-02
9.48404935e-03 -5.01833838e-03 -1.20163518e-02
9.46494489e-03 -5.00999321e-03 -1.19486863e-02
9.44592383e-03 -5.00165854e-03 -1.18815439e-02
9.42698554e-03 -4.99333456e-03 -1.18149192e-02
9.40812938e-03 -4.98502146e-03 -1.17488067e-02
9.38935476e-03 -4.97671944e-03 -1.16832013e-02
9.37066106e-03 -4.96842866e-03 -1.16180975e-02
9.35204768e-03 -4.96014931e-03 -1.15534903e-02
9.33351404e-03 -4.95188157e-03 -1.14893745e-02
9.31505956e-03 -4.94362562e-03 -1.14257452e-02
9.29668365e-03 -4.93538161e-03 -1.13625974e-02
9.27838577e-03 -4.92714972e-03 -1.12999263e-02
9.26016534e-03 -4.91893012e-03 -1.12377269e-02
9.24202183e-03 -4.91072296e-03 -1.11759946e-02
9.22395469e-03 -4.90252841e-03 -1.11147248e-02
9.20596339e-03 -4.89434663e-03 -1.10539127e-02
9.18804740e-03 -4.88617776e-03 -1.09935540e-02
9.17020620e-03 -4.87802197e-03 -1.09336440e-02
9.15243928e-03 -4.86987940e-03 -1.08741785e-02
9.13474613e-03 -4.86175021e-03 -1.08151530e-02
9.11712626e-03 -4.85363454e-03 -1.07565633e-02
9.09957917e-03 -4.84553254e-03 -1.06984051e-02
9.08210437e-03 -4.83744435e-03 -1.06406743e-02
9.06470139e-03 -4.82937013e-03 -1.05833668e-02
9.04736974e-03 -4.82131000e-03 -1.05264785e-02
9.03010897e-03 -4.81326411e-03 -1.04700055e-02
9.01291860e-03 -4.80523261e-03 -1.04139437e-02
8.99579818e-03 -4.79721562e-03 -1.03582894e-02
8.97874726e-03 -4.78921328e-03 -1.03030387e-02
8.96176539e-03 -4.78122574e-03 -1.02481878e-02
8.94485213e-03 -4.77325311e-03 -1.01937330e-02
8.92800703e-03 -4.76529554e-03 -1.01396707e-02
8.91122967e-03 -4.75735316e-03 -1.00859971e-02
8.89451963e-03 -4.74942609e-03 -1.00327089e-02
8.87787646e-03 -4.74151446e-03 -9.97980235e-03
8.86129977e-03 -4.73361841e-03 -9.92727408e-03
8.84478912e-03 -4.72573805e-03 -9.87512066e-03
8.82834411e-03 -4.71787351e-03 -9.82333870e-03
8.81196434e-03 -4.71002492e-03 -9.77192488e-03
8.79564939e-03 -4.70219239e-03 -9.72087591e-03
8.77939888e-03 -4.69437605e-03 -9.67018855e-03
8.76321239e-03 -4.68657601e-03 -9.61985961e-03
8.74708954e-03 -4.67879239e-03 -9.56988592e-03
8.73102994e-03 -4.67102530e-03 -9.52026438e-03
8.71503321e-03 -4.66327487e-03 -9.47099191e-03
8.69909894e-03 -4.65554119e-03 -9.42206549e-03
8.68322678e-03 -4.64782438e-03 -9.37348212e-03
8.66741633e-03 -4.64012455e-03 -9.32523885e-03
8.65166722e-03 -4.63244181e-03 -9.27733276e-03
8.63597908e-03 -4.62477625e-03 -9.22976097e-03
8.62035153e-03 -4.61712798e-03 -9.18252066e-03
8.60478421e-03 -4.60949710e-03 -9.13560900e-03
8.58927674e-03 -4.60188371e-03 -9.08902323e-03
8.57382878e-03 -4.59428790e-03 -9.04276062e-03
8.55843994e-03 -4.58670976e-03 -8.99681845e-03
8.54310987e-03 -4.57914939e-03 -8.95119407e-03
8.52783822e-03 -4.57160687e-03 -8.90588484e-03
8.51262461e-03 -4.56408228e-03 -8.86088814e-03
8.49746870e-03 -4.55657572e-03 -8.81620140e-03
8.48237014e-03 -4.54908725e-03 -8.77182209e-03
8.46732856e-03 -4.54161696e-03 -8.72774767e-03
8.45234361e-03 -4.53416492e-03 -8.68397567e-03
8.43741496e-03 -4.52673119e-03 -8.64050362e-03
8.42254223e-03 -4.51931586e-03 -8.59732909e-03
8.40772510e-03 -4.51191898e-03 -8.55444967e-03
8.39296321e-03 -4.50454061e-03 -8.51186298e-03
8.37825621e-03 -4.49718081e-03 -8.46956666e-03
8.36360377e-03 -4.48983964e-03 -8.42755839e-03
8.34900552e-03 -4.48251715e-03 -8.38583585e-03
8.33446115e-03 -4.47521338e-03 -8.34439676e-03
8.31997029e-03 -4.46792838e-03 -8.30323884e-03
8.30553262e-03 -4.46066219e-03 -8.26235987e-03
8.29114779e-03 -4.45341485e-03 -8.22175762e-03
8.27681546e-03 -4.44618639e-03 -8.18142988e-03
8.26253529e-03 -4.43897684e-03 -8.14137448e-03
8.24830696e-03 -4.43178623e-03 -8.10158924e-03
8.23413011e-03 -4.42461457e-03 -8.06207204e-03
8.22000442e-03 -4.41746190e-03 -8.02282072e-03
8.20592955e-03 -4.41032821e-03 -7.98383320e-03
8.19190518e-03 -4.40321352e-03 -7.94510736e-03
8.17793096e-03 -4.39611785e-03 -7.90664113e-03
8.16400657e-03 -4.38904118e-03 -7.86843245e-03
8.15013168e-03 -4.38198352e-03 -7.83047927e-03
8.13630595e-03 -4.37494487e-03 -7.79277955e-03
8.12252907e-03 -4.36792521e-03 -7.75533126e-03
8.10880070e-03 -4.36092453e-03 -7.71813240e-03
8.09512053e-03 -4.35394282e-03 -7.68118097e-03
8.08148822e-03 -4.34698004e-03 -7.64447498e-03
8.06790346e-03 -4.34003619e-03 -7.60801246e-03
8.05436592e-03 -4.33311122e-03 -7.57179144e-03
8.04087529e-03 -4.32620511e-03 -7.53580996e-03
8.02743124e-03 -4.31931782e-03 -7.50006608e-03
8.01403347e-03 -4.31244931e-03 -7.46455786e-03
8.00068166e-03 -4.30559952e-03 -7.42928337e-03
7.98737550e-03 -4.29876843e-03 -7.39424070e-03
7.97411467e-03 -4.29195596e-03 -7.35942793e-03
7.96089887e-03 -4.28516207e-03 -7.32484315e-03
7.94772779e-03 -4.27838670e-03 -7.29048446e-03
7.93460112e-03 -4.27162978e-03 -7.25634997e-03
7.92151858e-03 -4.26489125e-03 -7.22243780e-03
7.90847985e-03 -4.25817103e-03 -7.18874607e-03
7.89548464e-03 -4.25146906e-03 -7.15527288e-03
7.88253265e-03 -4.24478526e-03 -7.12201639e-03
7.86962359e-03 -4.23811954e-03 -7.08897471e-03
7.85675717e-03 -4.23147183e-03 -7.05614599e-03
7.84393310e-03 -4.22484203e-03 -7.02352837e-03
7.83115111e-03 -4.21823007e-03 -6.99112000e-03
7.81841089e-03 -4.21163584e-03 -6.95891901e-03
7.80571219e-03 -4.20505925e-03 -6.92692357e-03
7.79305472e-03 -4.19850021e-03 -6.89513184e-03
7.78043821e-03 -4.19195861e-03 -6.86354196e-03
7.76786238e-03 -4.18543435e-03 -6.83215210e-03
7.75532698e-03 -4.17892733e-03 -6.80096043e-03
7.74283173e-03 -4.17243744e-03 -6.76996511e-03
7.73037639e-03 -4.16596457e-03 -6.73916430e-03
7.71796068e-03 -4.15950860e-03 -6.70855619e-03
7.70558435e-03 -4.15306944e-03 -6.67813895e-03
7.69324717e-03 -4.14664695e-03 -6.64791075e-03
7.68094887e-03 -4.14024103e-03 -6.61786976e-03
7.66868921e-03 -4.13385156e-03 -6.58801418e-03
7.65646796e-03 -4.12747841e-03 -6.55834219e-03
7.64428488e-03 -4.12112147e-03 -6.52885196e-03
7.63213973e-03 -4.11478061e-03 -6.49954169e-03
7.62003229e-03 -4.10845571e-03 -6.47040958e-03
7.60796232e-03 -4.10214665e-03 -6.44145380e-03
7.59592961e-03 -4.09585329e-03 -6.41267257e-03
7.58393394e-03 -4.08957553e-03 -6.38406409e-03
7.57197509e-03 -4.08331322e-03 -6.35562654e-03
7.56005285e-03 -4.07706625e-03 -6.32735815e-03
7.54816701e-03 -4.07083448e-03 -6.29925713e-03
7.53631737e-03 -4.06461779e-03 -6.27132168e-03
7.52450372e-03 -4.05841606e-03 -6.24355004e-03
7.51272588e-03 -4.05222915e-03 -6.21594042e-03
7.50098364e-03 -4.04605694e-03 -6.18849105e-03
7.48927681e-03 -4.03989930e-03 -6.16120017e-03
7.47760521e-03 -4.03375611e-03 -6.13406601e-03
7.46596865e-03 -4.02762724e-03 -6.10708684e-03
7.45436696e-03 -4.02151256e-03 -6.08026089e-03
7.44279995e-03 -4.01541196e-03 -6.05358643e-03
7.43126745e-03 -4.00932531e-03 -6.02706173e-03
7.41976930e-03 -4.00325249e-03 -6.00068506e-03
7.40830531e-03 -3.99719337e-03 -5.97445471e-03
7.39687534e-03 -3.99114784e-03 -5.94836896e-03
7.38547921e-03 -3.98511578e-03 -5.92242613e-03
7.37411677e-03 -3.97909707e-03 -5.89662451e-03
7.36278786e-03 -3.97309160e-03 -5.87096244e-03
7.35149234e-03 -3.96709925e-03 -5.84543825e-03
7.34023003e-03 -3.96111991e-03 -5.82005027e-03
7.32900081e-03 -3.95515347e-03 -5.79479687e-03
7.31780453e-03 -3.94919983e-03 -5.76967641e-03
7.30664103e-03 -3.94325886e-03 -5.74468727e-03
7.29551018e-03 -3.93733048e-03 -5.71982785e-03
7.28441185e-03 -3.93141458e-03 -5.69509656e-03
7.27334589e-03 -3.92551105e-03 -5.67049181e-03
7.26231217e-03 -3.91961980e-03 -5.64601206e-03
7.25131055e-03 -3.91374073e-03 -5.62165575e-03
7.24034091e-03 -3.90787376e-03 -5.59742135e-03
7.22940312e-03 -3.90201878e-03 -5.57330735e-03
7.21849704e-03 -3.89617571e-03 -5.54931226e-03
7.20762255e-03 -3.89034446e-03 -5.52543460e-03
7.19677953e-03 -3.88452495e-03 -5.50167292e-03
7.18596785e-03 -3.87871709e-03 -5.47802577e-03
7.17518739e-03 -3.87292082e-03 -5.45449174e-03
7.16443803e-03 -3.86713604e-03 -5.43106943e-03
7.15371964e-03 -3.86136269e-03 -5.40775746e-03
7.14303210e-03 -3.85560069e-03 -5.38455448e-03
7.13237530e-03 -3.84984998e-03 -5.36145917e-03
7.12174911e-03 -3.84411049e-03 -5.33847020e-03
7.11115343e-03 -3.83838215e-03 -5.31558630e-03
7.10058812e-03 -3.83266491e-03 -5.29280620e-03
7.09005307e-03 -3.82695870e-03 -5.27012867e-03
7.07954817e-03 -3.82126348e-03 -5.24755249e-03
7.06907329e-03 -3.81557918e-03 -5.22507648e-03
7.05862832e-03 -3.80990576e-03 -5.20269949e-03
7.04821313e-03 -3.80424316e-03 -5.18042037e-03
7.03782762e-03 -3.79859135e-03 -5.15823802e-03
7.02747167e-03 -3.79295027e-03 -5.13615137e-03
7.01714514e-03 -3.78731989e-03 -5.11415936e-03
7.00684794e-03 -3.78170017e-03 -5.09226099e-03
6.99657993e-03 -3.77609107e-03 -5.07045524e-03
6.98634099e-03 -3.77049256e-03 -5.04874117e-03
6.97613101e-03 -3.76490461e-03 -5.02711785e-03
6.96594987e-03 -3.75932719e-03 -5.00558437e-03
6.95579744e-03 -3.75376027e-03 -4.98413986e-03
6.94567359e-03 -3.74820382e-03 -4.96278349e-03
6.93557821e-03 -3.74265783e-03 -4.94151446e-03
6.92551117e-03 -3.73712227e-03 -4.92033198e-03
6.91547235e-03 -3.73159713e-03 -4.89923533e-03
6.90546162e-03 -3.72608238e-03 -4.87822379e-03
6.89547884e-03 -3.72057802e-03 -4.85729669e-03
6.88552390e-03 -3.71508403e-03 -4.83645340e-03
6.87559666e-03 -3.70960039e-03 -4.81569331e-03
6.86569700e-03 -3.70412711e-03 -4.79501585e-03
6.85582478e-03 -3.69866416e-03 -4.77442048e-03
6.84597986e-03 -3.69321155e-03 -4.75390672e-03
6.83616212e-03 -3.68776927e-03 -4.73347409e-03
6.82637142e-03 -3.68233732e-03 -4.71312218e-03
6.81660762e-03 -3.67691569e-03 -4.69285060e-03
6.80687059e-03 -3.67150438e-03 -4.67265898e-03
6.79716019e-03 -3.66610340e-03 -4.65254703e-03
6.78747628e-03 -3.66071275e-03 -4.63251447e-03
6.77781872e-03 -3.65533242e-03 -4.61256105e-03
6.76818737e-03 -3.64996242e-03 -4.59268658e-03
6.75858208e-03 -3.64460276e-03 -4.57289090e-03
6.74900272e-03 -3.63925345e-03 -4.55317389e-03
6.73944914e-03 -3.63391448e-03 -4.53353548e-03
6.72992119e-03 -3.62858586e-03 -4.51397561e-03
6.72041874e-03 -3.62326761e-03 -4.49449430e-03
6.71094163e-03 -3.61795973e-03 -4.47509159e-03
6.70148972e-03 -3.61266222e-03 -4.45576755e-03
6.69206285e-03 -3.60737511e-03 -4.43652232e-03
6.68266089e-03 -3.60209839e-03 -4.41735607e-03
6.67328368e-03 -3.59683208e-03 -4.39826900e-03
6.66393107e-03 -3.59157618e-03 -4.37926138e-03
6.65460291e-03 -3.58633071e-03 -4.36033350e-03
6.64529905e-03 -3.58109568e-03 -4.34148570e-03
6.63601935e-03 -3.57587110e-03 -4.32271838e-03
6.62676365e-03 -3.57065697e-03 -4.30403196e-03
6.61753179e-03 -3.56545330e-03 -4.28542693e-03
6.60832363e-03 -3.56026012e-03 -4.26690382e-03
6.59913902e-03 -3.55507742e-03 -4.24846319e-03
6.58997780e-03 -3.54990521e-03 -4.23010567e-03
6.58083983e-03 -3.54474350e-03 -4.21183194e-03
6.57172494e-03 -3.53959231e-03 -4.19364270e-03
6.56263300e-03 -3.53445164e-03 -4.17553873e-03
6.55356384e-03 -3.52932149e-03 -4.15752084e-03
6.54451732e-03 -3.52420187e-03 -4.13958991e-03
6.53549328e-03 -3.51909280e-03 -4.12174686e-03
6.52649158e-03 -3.51399426e-03 -4.10399267e-03
6.51751206e-03 -3.50890628e-03 -4.08632835e-03
6.50855458e-03 -3.50382884e-03 -4.06875500e-03
6.49961899e-03 -3.49876196e-03 -4.05127375e-03
6.49070513e-03 -3.49370564e-03 -4.03388578e-03
6.48181287e-03 -3.48865987e-03 -4.01659236e-03
6.47294205e-03 -3.48362466e-03 -3.99939478e-03
6.46409252e-03 -3.47860001e-03 -3.98229441e-03
6.45526415e-03 -3.47358590e-03 -3.96529266e-03
6.44645678e-03 -3.46858235e-03 -3.94839103e-03
6.43767028e-03 -3.46358934e-03 -3.93159106e-03
6.42890449e-03 -3.45860686e-03 -3.91489434e-03
6.42015929e-03 -3.45363492e-03 -3.89830255e-03
6.41143452e-03 -3.44867349e-03 -3.88181742e-03
6.40273005e-03 -3.44372258e-03 -3.86544073e-03
6.39404573e-03 -3.43878217e-03 -3.84917435e-03
6.38538144e-03 -3.43385224e-03 -3.83302020e-03
6.37673704e-03 -3.42893278e-03 -3.81698027e-03
6.36811238e-03 -3.42402378e-03 -3.80105663e-03
6.35950734e-03 -3.41912522e-03 -3.78525139e-03
6.35092178e-03 -3.41423707e-03 -3.76956676e-03
6.34235557e-03 -3.40935932e-03 -3.75400500e-03
6.33380859e-03 -3.40449194e-03 -3.73856845e-03
6.32528069e-03 -3.39963491e-03 -3.72325951e-03
6.31677176e-03 -3.39478820e-03 -3.70808068e-03
6.30828167e-03 -3.38995179e-03 -3.69303450e-03
6.29981029e-03 -3.38512565e-03 -3.67812361e-03
6.29135750e-03 -3.38030973e-03 -3.66335070e-03
6.28292317e-03 -3.37550402e-03 -3.64871857e-03
6.27450719e-03 -3.37070846e-03 -3.63423005e-03
6.26610944e-03 -3.36592304e-03 -3.61988809e-03
6.25772979e-03 -3.36114770e-03 -3.60569569e-03
6.24936814e-03 -3.35638240e-03 -3.59165594e-03
6.24102436e-03 -3.35162711e-03 -3.57777200e-03
6.23269834e-03 -3.34688177e-03 -3.56404711e-03
6.22438997e-03 -3.34214633e-03 -3.55048460e-03
6.21609913e-03 -3.33742076e-03 -3.53708786e-03
6.20782572e-03 -3.33270499e-03 -3.52386038e-03
6.19956964e-03 -3.32799897e-03 -3.51080570e-03
6.19133076e-03 -3.32330264e-03 -3.49792747e-03
6.18310898e-03 -3.31861595e-03 -3.48522940e-03
6.17490421e-03 -3.31393883e-03 -3.47271527e-03
6.16671633e-03 -3.30927122e-03 -3.46038898e-03
6.15854525e-03 -3.30461306e-03 -3.44825445e-03
6.15039086e-03 -3.29996428e-03 -3.43631572e-03
6.14225307e-03 -3.29532480e-03 -3.42457690e-03
6.13413178e-03 -3.29069455e-03 -3.41304216e-03
6.12602688e-03 -3.28607347e-03 -3.40171575e-03
6.11793829e-03 -3.28146146e-03 -3.39060201e-03
6.10986592e-03 -3.27685846e-03 -3.37970534e-03
6.10180966e-03 -3.27226438e-03 -3.36903021e-03
6.09376943e-03 -3.26767913e-03 -3.35858116e-03
6.08574514e-03 -3.26310262e-03 -3.34836282e-03
6.07773670e-03 -3.25853478e-03 -3.33837986e-03
6.06974403e-03 -3.25397550e-03 -3.32863703e-03
6.06176703e-03 -3.24942469e-03 -3.31913915e-03
6.05380563e-03 -3.24488225e-03 -3.30989108e-03
6.04585974e-03 -3.24034809e-03 -3.30089776e-03
6.03792928e-03 -3.23582210e-03 -3.29216418e-03
6.03001417e-03 -3.23130417e-03 -3.28369539e-03
6.02211434e-03 -3.22679421e-03 -3.27549649e-03
6.01422970e-03 -3.22229209e-03 -3.26757261e-03
6.00636018e-03 -3.21779771e-03 -3.25992897e-03
5.99850572e-03 -3.21331096e-03 -3.25257078e-03
5.99066623e-03 -3.20883171e-03 -3.24550334e-03
5.98284165e-03 -3.20435985e-03 -3.23873195e-03
5.97503191e-03 -3.19989525e-03 -3.23226196e-03
5.96723694e-03 -3.19543780e-03 -3.22609874e-03
5.95945669e-03 -3.19098735e-03 -3.22024770e-03
5.95169108e-03 -3.18654380e-03 -3.21471425e-03
5.94394006e-03 -3.18210699e-03 -3.20950383e-03
5.93620357e-03 -3.17767681e-03 -3.20462189e-03
5.92848156e-03 -3.17325311e-03 -3.20007388e-03
5.92077396e-03 -3.16883576e-03 -3.19586526e-03
5.91308074e-03 -3.16442462e-03 -3.19200148e-03
5.90540184e-03 -3.16001953e-03 -3.18848798e-03
5.89773721e-03 -3.15562037e-03 -3.18533021e-03
5.89008682e-03 -3.15122698e-03 -3.18253356e-03
5.88245061e-03 -3.14683922e-03 -3.18010343e-03
5.87482856e-03 -3.14245693e-03 -3.17804516e-03
5.86722062e-03 -3.13807997e-03 -3.17636408e-03
5.85962677e-03 -3.13370817e-03 -3.17506545e-03
5.85204697e-03 -3.12934139e-03 -3.17415451e-03
5.84448121e-03 -3.12497947e-03 -3.17363640e-03
5.83692945e-03 -3.12062225e-03 -3.17351625e-03
5.82939168e-03 -3.11626956e-03 -3.17379906e-03
5.82186788e-03 -3.11192126e-03 -3.17448981e-03
5.81435804e-03 -3.10757717e-03 -3.17559335e-03
5.80686215e-03 -3.10323713e-03 -3.17711446e-03
5.79938021e-03 -3.09890099e-03 -3.17905781e-03
5.79191222e-03 -3.09456857e-03 -3.18142798e-03
5.78445818e-03 -3.09023970e-03 -3.18422940e-03
5.77701810e-03 -3.08591423e-03 -3.18746642e-03
5.76959200e-03 -3.08159199e-03 -3.19114323e-03
5.76217988e-03 -3.07727280e-03 -3.19526388e-03
5.75478178e-03 -3.07295651e-03 -3.19983229e-03
5.74739771e-03 -3.06864294e-03 -3.20485220e-03
5.74002772e-03 -3.06433192e-03 -3.21032721e-03
5.73267183e-03 -3.06002330e-03 -3.21626074e-03
5.72533009e-03 -3.05571689e-03 -3.22265601e-03
5.71800255e-03 -3.05141255e-03 -3.22951608e-03
5.71068925e-03 -3.04711009e-03 -3.23684379e-03
5.70339026e-03 -3.04280936e-03 -3.24464178e-03
5.69610565e-03 -3.03851020e-03 -3.25291248e-03
5.68883547e-03 -3.03421244e-03 -3.26165809e-03
5.68157981e-03 -3.02991592e-03 -3.27088057e-03
5.67433874e-03 -3.02562048e-03 -3.28058164e-03
5.66711236e-03 -3.02132596e-03 -3.29076279e-03
5.65990076e-03 -3.01703222e-03 -3.30142522e-03
5.65270404e-03 -3.01273910e-03 -3.31256988e-03
5.64552230e-03 -3.00844644e-03 -3.32419746e-03
5.63835566e-03 -3.00415410e-03 -3.33630832e-03
5.63120424e-03 -2.99986194e-03 -3.34890256e-03
5.62406816e-03 -2.99556981e-03 -3.36197998e-03
5.61694755e-03 -2.99127758e-03 -3.37554005e-03
5.60984256e-03 -2.98698511e-03 -3.38958193e-03
5.60275334e-03 -2.98269226e-03 -3.40410447e-03
5.59568002e-03 -2.97839892e-03 -3.41910616e-03
5.58862278e-03 -2.97410496e-03 -3.43458516e-03
